<<<<<<< HEAD
0.6052677764997855	2.01804582744349	1.2452858794034687	0.5742229968840165	1.4662653237065362	0.6259272893662442	0.10458793156835418	0.033040465438387165
2.0180458274434905	2.477020123232451	1.5816752690129685	0.9704858108240786	1.7128724393754573	0.6163076677123902	0.5282246799607536	0.02032648122648473
1.245285879403469	1.5816752690129685	3.6079569166678147	1.5738155115534342	1.8571974972235852	0.7438598822431604	0.5558271850891924	0.19633981576743934
0.5742229968840165	0.9704858108240785	1.5738155115534338	8.902573753062617	1.85270426836107	1.3113484876318084	0.7531557666186607	0.3785897688119354
1.4662653237065362	1.7128724393754573	1.8571974972235847	1.852704268361068	2.370464929482831	1.6071047682269037	0.9464228809427857	0.43931408232124264
0.6259272893662442	0.6163076677123902	0.7438598822431604	1.3113484876318082	1.6071047682269037	1.7434764999616124	1.066983343632758	0.8379122089089968
0.10458793156835418	0.5282246799607536	0.5558271850891924	0.7531557666186608	0.9464228809427857	1.066983343632758	1.839270978360249	0.6803059346675984
0.033040465438387165	0.02032648122648473	0.19633981576743934	0.37858976881193535	0.4393140823212425	0.837912208908998	0.6803059346675984	1.6392085344523777
=======
8.997187927537471	1.9834943969312524	1.045973964718445	0.5084526396001706	1.640854401468489	0.5296497015931283	0.06506171283525577	0.033040465438387165
1.9834943969312528	8.352964989457336	1.8515301954899288	1.0018290175223006	1.8851937713149398	0.6100080450894562	0.4799675641750626	0.02012817983809586
1.0459739647184452	1.8515301954899288	13.242190719717202	1.8343638457476044	2.1588071247695604	0.9016722749461288	0.5511735676717109	0.1905206555492155
0.5084526396001706	1.0018290175223004	1.834363845747604	9.175942880325708	1.8872821790134195	1.3146809459748419	0.7102069921723697	0.3712341408763078
1.640854401468489	1.8851937713149398	2.15880712476956	1.88728217901342	2.5632046856778814	1.6682223893518016	0.9444519407321011	0.4027972696226784
0.5296497015931283	0.6100080450894562	0.9016722749461299	1.31468094597484	1.6682223893518016	1.7559859365585373	0.9706453726694323	0.7312649375754948
0.06506171283525577	0.47996756417506264	0.5511735676717108	0.7102069921723698	0.9444519407321011	0.9706453726694323	1.459067971679402	0.5614339117194391
0.033040465438387165	0.02012817983809586	0.1905206555492155	0.37123414087630774	0.4027972696226783	0.731264937575495	0.56143391171943835	1.4826006216477445
>>>>>>> origin/simulation_fixes
