<<<<<<< HEAD
1.6124000530167728	1.640421328483473	0.9998131324685974	0.6450288828168257	1.2919690668648827	0.49994908381157915	0.06591077933281898	0.03868819133696588
1.6404213284834728	3.120673111108083	1.4698378724426755	0.9045105492084274	1.6290450787611288	0.5253145313842092	0.39494941068648737	0.015372138870409212
0.9998131324685985	1.4698378724426735	4.497812635584064	1.362740040555488	1.7887585175271168	0.6172387733432011	0.47260092510091883	0.24076460357066454
0.6450288828168262	0.9045105492084272	1.362740040555488	5.392574655230193	1.7562305806482839	1.269768932438109	0.8408255189142674	0.4380170186724137
1.2919690668648842	1.629045078761131	1.7887585175271166	1.756230580648284	2.227548745704006	1.490025480275554	0.9959339083045101	0.5987162038779376
0.49994908381157915	0.5253145313842099	0.617238773343202	1.2697689324381085	1.4900254802755535	1.6062546823906096	0.9791478698618286	0.8194694387409293
0.065910779332819	0.3949494106864874	0.47260092510091883	0.8408255189142674	0.9959339083045101	0.9791478698618286	1.683902448234138	0.649426988043064
0.03868819133696588	0.015372138870409212	0.24076460357066454	0.4380170186724137	0.5987162038779374	0.8194694387409293	0.649426988043064	1.629547338528493
=======
1.608584715259428	1.6402931917104608	0.9998131324685974	0.6450262172996764	1.2918755685690626	0.49994908381157915	0.06591077933281898	0.03868819133696588
1.6402931917104606	3.119931657263095	1.4698053820181636	0.9045004104157055	1.6290251716057198	0.5253113303989353	0.3949478082295917	0.015372138870409212
0.9998131324685985	1.4698053820181636	4.49732695295336	1.3627247856056839	1.7887497130077052	0.6172347285929894	0.47259963135827326	0.24076446293369744
0.6450262172996762	0.9045004104157054	1.3627247856056839	5.392591407043644	1.7562327237719655	1.2697701364578982	0.8408262357467321	0.4380170186724137
1.2918755685690626	1.6290251716057198	1.7887497130077048	1.756232723771966	2.227552082363871	1.4900268613759875	0.9959348770006196	0.5987163166588811
0.49994908381157915	0.5253113303989351	0.6172347285929892	1.269770136457898	1.4900268613759873	1.6062558108026737	0.9791484016241526	0.8194694422937928
0.065910779332819	0.39494780822959175	0.47259963135827326	0.8408262357467321	0.9959348770006196	0.9791484016241526	1.6839024811551913	0.6494269963215106
0.03868819133696588	0.015372138870409212	0.24076446293369744	0.4380170186724137	0.5987163166588804	0.8194694422937928	0.6494269963215106	1.629547338528493
>>>>>>> cd461697bd7ab18b5fbbdbc65dc4d5b08ae24321
