<<<<<<< HEAD
8.785847538896167	2.114569604916358	1.1243286191699622	0.5482147478633018	1.6928994013477987	0.592835380343344	0.08502083947748913	0.033040465438387165
2.1145696049163583	8.14269092380795	1.8340526828712858	1.060143709115065	1.9401535289797953	0.6449083436440552	0.5153822222909492	0.020228313942774835
1.1243286191699624	1.8340526828712858	12.889506220058454	1.9609992009113937	2.1906049171168145	0.9455729596811611	0.5764898076711399	0.19358152478990462
0.5482147478633018	1.0601437091150647	1.9609992009113932	11.036044151982242	2.0938286439696565	1.4869946194729173	0.7927287709771218	0.38039030861677625
1.6928994013477987	1.9401535289797953	2.190604917116814	2.093828643969657	2.630009177429749	1.8486575422027143	1.0107832694950312	0.4557334525585753
0.592835380343344	0.6449083436440552	0.9455729596811611	1.4869946194729171	1.8486575422027143	2.028969510993556	1.147951203617008	0.867505593035233
0.08502083947748913	0.5153822222909493	0.5764898076711398	0.7927287709771219	1.0107832694950312	1.147951203617008	1.7902459071554497	0.6677150399565407
0.033040465438387165	0.020228313942774835	0.19358152478990462	0.3803903086167762	0.4557334525585757	0.8675055930352332	0.6677150399565407	1.6136391541317443
=======
0.58418854968387	2.118067998909908	1.300095542493006	0.5997489804109403	1.51244414116945	0.6562486582030322	0.11338040999609923	0.033040465438387165
2.1180679989099085	2.468519003150515	1.59322020299594	1.0267464230765697	1.7558548299299455	0.6357101622573056	0.5448098395500027	0.020370592723498268
1.3000955424930063	1.59322020299594	3.5788396330974677	1.666147345614425	1.8911042511559149	0.7654083523500584	0.5717768816568495	0.19870652542897202
0.5997489804109403	1.0267464230765706	1.6661473456144245	10.023518786056483	1.974223511344699	1.4101975144996934	0.8025224502650697	0.3857929264835443
1.51244414116945	1.7558548299299455	1.8911042511559146	1.9742235113446995	2.397271047859719	1.6894636420829223	0.967431543197659	0.4571953335861051
0.6562486582030322	0.6357101622573056	0.7654083523500584	1.4101975144996932	1.6894636420829223	1.8859740215676448	1.1472308826261755	0.9159229780700618
0.11338040999609923	0.5448098395500028	0.5717768816568494	0.8025224502650699	0.967431543197659	1.1472308826261755	2.0145259173666754	0.7228486138710711
0.033040465438387165	0.020370592723498244	0.19870652542897202	0.38579292648354424	0.457195333586105	0.9159229780700621	0.7228486138710711	1.7219583216510705
>>>>>>> origin/simulation_fixes
