2020-02-17	0	0	0	0	0	0	0	0
2020-02-18	0	0	0	0	0	0	0	0
2020-02-19	0	0	0	0	0	0	0	0
2020-02-20	0	0	0	0	0	0	0	0
2020-02-21	0	0	0	0	0	0	0	0
2020-02-22	0	0	0	0	0	0	0	0
2020-02-23	0	0	0	0	0	0	0	0
2020-02-24	0	0	0	0	0	0	0	0
2020-02-25	0	0	0	0	0	0	0	0
2020-02-26	0	0	0	0	0	0	0	0
2020-02-27	0	0	0	0	0	0	0	0
2020-02-28	0	0	0	0	0	0	0	0
2020-02-29	0	0	0	0	0	0	0	0
2020-03-01	0	0	0	0	0	0	0	0
2020-03-02	0	0	0	0	0	0	0	0
2020-03-03	0	0	0	0	0	0	0	0
2020-03-04	0	0	0	0	0	0	0	0
2020-03-05	0	0	0	0	0	0	0	0
2020-03-06	0	0	0	0	0	0	0	0
2020-03-07	0	0	0	0	0	0	0	0
2020-03-08	0	0	0	0	0	0	0	0
2020-03-09	0	0	0	0	0	0	0	0
2020-03-10	0	0	0	0	0	0	0	0
2020-03-11	0	0	0	0	0	0	0	0
2020-03-12	0	0	0	0	0	0	0	0
2020-03-13	0	0	0	0	0	0	0	0
2020-03-14	0	0	0	0	0	0	0	0
2020-03-15	0	0	0	0	0	0	0	0
2020-03-16	0	0	0	0	0	0	0	0
2020-03-17	0	0	0	0	0	0	0	0
2020-03-18	0	0	0	0	0	0	0	0
2020-03-19	0	0	0	0	0	0	0	0
2020-03-20	0	0	0	0	0	0	0	0
2020-03-21	0	0	0	0	0	0	0	0
2020-03-22	0	0	0	0	0	0	0	0
2020-03-23	0	0	0	0	0	0	0	0
2020-03-24	0	0	0	0	0	0	0	0
2020-03-25	0	0	0	0	0	0	0	0
2020-03-26	0	0	0	0	0	0	0	0
2020-03-27	0	0	0	0	0	0	0	0
2020-03-28	0	0	0	0	0	0	0	0
2020-03-29	0	0	0	0	0	0	0	0
2020-03-30	0	0	0	0	0	0	0	0
2020-03-31	0	0	0	0	0	0	0	0
2020-04-01	0	0	0	0	0	0	0	0
2020-04-02	0	0	0	0	0	0	0	0
2020-04-03	0	0	0	0	0	0	0	0
2020-04-04	0	0	0	0	0	0	0	0
2020-04-05	0	0	0	0	0	0	0	0
2020-04-06	0	0	0	0	0	0	0	0
2020-04-07	0	0	0	0	0	0	0	0
2020-04-08	0	0	0	0	0	0	0	0
2020-04-09	0	0	0	0	0	0	0	0
2020-04-10	0	0	0	0	0	0	0	0
2020-04-11	0	0	0	0	0	0	0	0
2020-04-12	0	0	0	0	0	0	0	0
2020-04-13	0	0	0	0	0	0	0	0
2020-04-14	0	0	0	0	0	0	0	0
2020-04-15	0	0	0	0	0	0	0	0
2020-04-16	0	0	0	0	0	0	0	0
2020-04-17	0	0	0	0	0	0	0	0
2020-04-18	0	0	0	0	0	0	0	0
2020-04-19	0	0	0	0	0	0	0	0
2020-04-20	0	0	0	0	0	0	0	0
2020-04-21	0	0	0	0	0	0	0	0
2020-04-22	0	0	0	0	0	0	0	0
2020-04-23	0	0	0	0	0	0	0	0
2020-04-24	0	0	0	0	0	0	0	0
2020-04-25	0	0	0	0	0	0	0	0
2020-04-26	0	0	0	0	0	0	0	0
2020-04-27	0	0	0	0	0	0	0	0
2020-04-28	0	0	0	0	0	0	0	0
2020-04-29	0	0	0	0	0	0	0	0
2020-04-30	0	0	0	0	0	0	0	0
2020-05-01	0	0	0	0	0	0	0	0
2020-05-02	0	0	0	0	0	0	0	0
2020-05-03	0	0	0	0	0	0	0	0
2020-05-04	0	0	0	0	0	0	0	0
2020-05-05	0	0	0.7350581249923395	0.5739982032111113	0.6017322560785918	0.6342777539076051	0.5384363174901995	0.500118506667374
2020-05-06	0	0	0	0	0	0	0	0
2020-05-07	0	0	0	0	0	0	0	0
2020-05-08	0	0	0	0	0	0	0	0
2020-05-09	0	0	0	0	0	0	0	0
2020-05-10	0	0	0	0	0	0	0	0
2020-05-11	0	0	0	0	0	0	0	0
2020-05-12	0	0	0.5693730297712788	0.4354148697996449	0.4517760835507596	0.4887789476059082	0.40892343688859695	0.3957249407313894
2020-05-13	0	0	0	0	0	0	0	0
2020-05-14	0	0	0	0	0	0	0	0
2020-05-15	0	0	0	0	0	0	0	0
2020-05-16	0	0	0	0	0	0	0	0
2020-05-17	0	0	0	0	0	0	0	0
2020-05-18	0	0	0	0	0	0	0	0
2020-05-19	0	0	0.47344583590514755	0.3703311551585204	0.3764048396840503	0.4138787610483968	0.35588453623274524	0.3617290314319984
2020-05-20	0	0	0	0	0	0	0	0
2020-05-21	0	0	0	0	0	0	0	0
2020-05-22	0	0	0	0	0	0	0	0
2020-05-23	0	0	0	0	0	0	0	0
2020-05-24	0	0	0	0	0	0	0	0
2020-05-25	0	0	0	0	0	0	0	0
2020-05-26	0	0	0.4326713762733009	0.3477335858793605	0.34888948441375733	0.386449750268329	0.34448577563650623	0.36047176202374664
2020-05-27	0	0	0	0	0	0	0	0
2020-05-28	0	0	0	0	0	0	0	0
2020-05-29	0	0	0	0	0	0	0	0
2020-05-30	0	0	0	0	0	0	0	0
2020-05-31	0	0	0	0	0	0	0	0
2020-06-01	0	0	0	0	0	0	0	0
2020-06-02	0	0	0.4184171097559463	0.3427415244278826	0.3410673110989696	0.378924661439255	0.34593604524656574	0.36477372828786975
2020-06-03	0	0	0	0	0	0	0	0
2020-06-04	0	0	0	0	0	0	0	0
2020-06-05	0	0	0	0	0	0	0	0
2020-06-06	0	0	0	0	0	0	0	0
2020-06-07	0	0	0	0	0	0	0	0
2020-06-08	0	0	0	0	0	0	0	0
2020-06-09	0	0	0.4146405886764089	0.3411065360450672	0.34032135629550353	0.37980936938273774	0.34973493117783444	0.3669041794454429
2020-06-10	0	0	0	0	0	0	0	0
2020-06-11	0	0	0	0	0	0	0	0
2020-06-12	0	0	0	0	0	0	0	0
2020-06-13	0	0	0	0	0	0	0	0
2020-06-14	0	0	0	0	0	0	0	0
2020-06-15	0	0	0	0	0	0	0	0
2020-06-16	0	0	0.41533504500363866	0.3424556263532802	0.33903082162844245	0.3789983840655123	0.35396104566997494	0.3653368762160062
2020-06-17	0	0	0	0	0	0	0	0
2020-06-18	0	0	0	0	0	0	0	0
2020-06-19	0	0	0	0	0	0	0	0
2020-06-20	0	0	0	0	0	0	0	0
2020-06-21	0	0	0	0	0	0	0	0
2020-06-22	0	0	0	0	0	0	0	0
2020-06-23	0	0	0.4132491388102007	0.3487004973409741	0.3343339728429165	0.3760591424553332	0.3591464139967657	0.3576822683383475
2020-06-24	0	0	0	0	0	0	0	0
2020-06-25	0	0	0	0	0	0	0	0
2020-06-26	0	0	0	0	0	0	0	0
2020-06-27	0	0	0	0	0	0	0	0
2020-06-28	0	0	0	0	0	0	0	0
2020-06-29	0	0	0	0	0	0	0	0
2020-06-30	0	0	0.4095071390813778	0.35131162178379144	0.32883113812661546	0.37083220731516675	0.36006256304036144	0.3515460958106867
2020-07-01	0	0	0	0	0	0	0	0
2020-07-02	0	0	0	0	0	0	0	0
2020-07-03	0	0	0	0	0	0	0	0
2020-07-04	0	0	0	0	0	0	0	0
2020-07-05	0	0	0	0	0	0	0	0
2020-07-06	0	0	0	0	0	0	0	0
2020-07-07	0	0	0.4058700243661832	0.35299460487487855	0.3258965109403239	0.3663226689932527	0.3593022243838289	0.34755751779846206
2020-07-08	0	0	0	0	0	0	0	0
2020-07-09	0	0	0	0	0	0	0	0
2020-07-10	0	0	0	0	0	0	0	0
2020-07-11	0	0	0	0	0	0	0	0
2020-07-12	0	0	0	0	0	0	0	0
2020-07-13	0	0	0	0	0	0	0	0
2020-07-14	0	0	0.40306339652065537	0.3515555433408364	0.3248042002334941	0.36383853647031006	0.36179259941326236	0.34440541504407235
2020-07-15	0	0	0	0	0	0	0	0
2020-07-16	0	0	0	0	0	0	0	0
2020-07-17	0	0	0	0	0	0	0	0
2020-07-18	0	0	0	0	0	0	0	0
2020-07-19	0	0	0	0	0	0	0	0
2020-07-20	0	0	0	0	0	0	0	0
2020-07-21	0	0	0.4010239618380795	0.35148341805925176	0.3223528657375743	0.36127103677910555	0.3634973279577818	0.34109991494404135
2020-07-22	0	0	0	0	0	0	0	0
2020-07-23	0	0	0	0	0	0	0	0
2020-07-24	0	0	0	0	0	0	0	0
2020-07-25	0	0	0	0	0	0	0	0
2020-07-26	0	0	0	0	0	0	0	0
2020-07-27	0	0	0	0	0	0	0	0
2020-07-28	0	0	0.3996838521819882	0.35138048530427146	0.32216742637269835	0.3576310213113262	0.3617935120082107	0.33864740686836886
2020-07-29	0	0	0	0	0	0	0	0
2020-07-30	0	0	0	0	0	0	0	0
2020-07-31	0	0	0	0	0	0	0	0
2020-08-01	0	0	0	0	0	0	0	0
2020-08-02	0	0	0	0	0	0	0	0
2020-08-03	0	0	0	0	0	0	0	0
2020-08-04	0	0	0.40046468991431416	0.349130868439638	0.3228890241195539	0.35265009609994585	0.35838611184913766	0.3338806170234262
2020-08-05	0	0	0	0	0	0	0	0
2020-08-06	0	0	0	0	0	0	0	0
2020-08-07	0	0	0	0	0	0	0	0
2020-08-08	0	0	0	0	0	0	0	0
2020-08-09	0	0	0	0	0	0	0	0
2020-08-10	0	0	0	0	0	0	0	0
2020-08-11	0	0	0.40088886398554163	0.34586487199977306	0.3196388949722837	0.34953740844038306	0.3516963156984311	0.3301020797752056
2020-08-12	0	0	0	0	0	0	0	0
2020-08-13	0	0	0	0	0	0	0	0
2020-08-14	0	0	0	0	0	0	0	0
2020-08-15	0	0	0	0	0	0	0	0
2020-08-16	0	0	0	0	0	0	0	0
2020-08-17	0	0	0	0	0	0	0	0
2020-08-18	0	0	0.4044295480029153	0.33711717552293086	0.3155478691790138	0.3469132444169547	0.34618115389044174	0.3252657220231911
2020-08-19	0	0	0	0	0	0	0	0
2020-08-20	0	0	0	0	0	0	0	0
2020-08-21	0	0	0	0	0	0	0	0
2020-08-22	0	0	0	0	0	0	0	0
2020-08-23	0	0	0	0	0	0	0	0
2020-08-24	0	0	0	0	0	0	0	0
2020-08-25	0	0	0.40627387324490777	0.32732863049322275	0.3119671447952897	0.3423285537225856	0.34184202222551413	0.3189625769575969
2020-08-26	0	0	0	0	0	0	0	0
2020-08-27	0	0	0	0	0	0	0	0
2020-08-28	0	0	0	0	0	0	0	0
2020-08-29	0	0	0	0	0	0	0	0
2020-08-30	0	0	0	0	0	0	0	0
2020-08-31	0	0	0	0	0	0	0	0
2020-09-01	0	0	0.40263095644140284	0.31530241801306097	0.30850391611230504	0.33452197639484044	0.33442492422420556	0.30884193785622766
2020-09-02	0	0	0	0	0	0	0	0
2020-09-03	0	0	0	0	0	0	0	0
2020-09-04	0	0	0	0	0	0	0	0
2020-09-05	0	0	0	0	0	0	0	0
2020-09-06	0	0	0	0	0	0	0	0
2020-09-07	0	0	0	0	0	0	0	0
2020-09-08	0	0	0.39560748770957804	0.29701918870841154	0.2928388958137419	0.3250175909407441	0.3211922252096576	0.29740763853628926
2020-09-09	0	0	0	0	0	0	0	0
2020-09-10	0	0	0	0	0	0	0	0
2020-09-11	0	0	0	0	0	0	0	0
2020-09-12	0	0	0	0	0	0	0	0
2020-09-13	0	0	0	0	0	0	0	0
2020-09-14	0	0	0	0	0	0	0	0
2020-09-15	0	0	0.38919562754021486	0.27544128849913385	0.27268387969698943	0.3127745820876071	0.30284129412576494	0.28523377203978745
2020-09-16	0	0	0	0	0	0	0	0
2020-09-17	0	0	0	0	0	0	0	0
2020-09-18	0	0	0	0	0	0	0	0
2020-09-19	0	0	0	0	0	0	0	0
2020-09-20	0	0	0	0	0	0	0	0
2020-09-21	0	0	0	0	0	0	0	0
2020-09-22	0	0	0.38179714502165735	0.2522572487138962	0.2512304032082067	0.2987118764747313	0.2815520873366705	0.2694702823463161
2020-09-23	0	0	0	0	0	0	0	0
2020-09-24	0	0	0	0	0	0	0	0
2020-09-25	0	0	0	0	0	0	0	0
2020-09-26	0	0	0	0	0	0	0	0
2020-09-27	0	0	0	0	0	0	0	0
2020-09-28	0	0	0	0	0	0	0	0
2020-09-29	0	0	0.3727935393006237	0.23214742626244592	0.22731291981290083	0.2824237338384146	0.2593938767814941	0.25469898165670435
2020-09-30	0	0	0	0	0	0	0	0
2020-10-01	0	0	0	0	0	0	0	0
2020-10-02	0	0	0	0	0	0	0	0
2020-10-03	0	0	0	0	0	0	0	0
2020-10-04	0	0	0	0	0	0	0	0
2020-10-05	0	0	0	0	0	0	0	0
2020-10-06	0	0	0.36483766262836304	0.21658743290117635	0.20246403760219886	0.2652784299914811	0.23365835417287112	0.24091062151770468
2020-10-07	0	0	0	0	0	0	0	0
2020-10-08	0	0	0	0	0	0	0	0
2020-10-09	0	0	0	0	0	0	0	0
2020-10-10	0	0	0	0	0	0	0	0
2020-10-11	0	0	0	0	0	0	0	0
2020-10-12	0	0	0	0	0	0	0	0
2020-10-13	0	0	0.35761192871532776	0.20077875814751278	0.18414157071158418	0.24929077483482523	0.21528857344227734	0.23460415441387322
2020-10-14	0	0	0	0	0	0	0	0
2020-10-15	0	0	0	0	0	0	0	0
2020-10-16	0	0	0	0	0	0	0	0
2020-10-17	0	0	0	0	0	0	0	0
2020-10-18	0	0	0	0	0	0	0	0
2020-10-19	0	0	0	0	0	0	0	0
2020-10-20	0	0	0.35393077557294983	0.18637960680652593	0.17325613499921652	0.2358110044731267	0.20423656914832933	0.23595563816787804
2020-10-21	0	0	0	0	0	0	0	0
2020-10-22	0	0	0	0	0	0	0	0
2020-10-23	0	0	0	0	0	0	0	0
2020-10-24	0	0	0	0	0	0	0	0
2020-10-25	0	0	0	0	0	0	0	0
2020-10-26	0	0	0	0	0	0	0	0
2020-10-27	0	0	0.3510160287062571	0.1799000041798343	0.1651096760480819	0.224154979875245	0.19621159113885547	0.23896787088641847
2020-10-28	0	0	0	0	0	0	0	0
2020-10-29	0	0	0	0	0	0	0	0
2020-10-30	0	0	0	0	0	0	0	0
2020-10-31	0	0	0	0	0	0	0	0
2020-11-01	0	0	0	0	0	0	0	0
2020-11-02	0	0	0	0	0	0	0	0
2020-11-03	0	0	0.34541689394067604	0.1711400610614876	0.1585473250464842	0.21779097691204222	0.18969623958893952	0.23671037276155174
2020-11-04	0	0	0	0	0	0	0	0
2020-11-05	0	0	0	0	0	0	0	0
2020-11-06	0	0	0	0	0	0	0	0
2020-11-07	0	0	0	0	0	0	0	0
2020-11-08	0	0	0	0	0	0	0	0
2020-11-09	0	0	0	0	0	0	0	0
2020-11-10	0	0	0.33874199970845775	0.16164886599396028	0.15531437473142548	0.2151343274215056	0.1839516535621819	0.23641123898632757
2020-11-11	0	0	0	0	0	0	0	0
2020-11-12	0	0	0	0	0	0	0	0
2020-11-13	0	0	0	0	0	0	0	0
2020-11-14	0	0	0	0	0	0	0	0
2020-11-15	0	0	0	0	0	0	0	0
2020-11-16	0	0	0	0	0	0	0	0
2020-11-17	0	0	0.3338340239343086	0.1593399233210293	0.1565315020321779	0.21493921740201585	0.1837930471789608	0.2401264617015037
2020-11-18	0	0	0	0	0	0	0	0
2020-11-19	0	0	0	0	0	0	0	0
2020-11-20	0	0	0	0	0	0	0	0
2020-11-21	0	0	0	0	0	0	0	0
2020-11-22	0	0	0	0	0	0	0	0
2020-11-23	0	0	0	0	0	0	0	0
2020-11-24	0	0	0.33132223055692883	0.1628139330492036	0.1597735903231526	0.21532179334992668	0.18833818982311903	0.24766395312031037
2020-11-25	0	0	0	0	0	0	0	0
2020-11-26	0	0	0	0	0	0	0	0
2020-11-27	0	0	0	0	0	0	0	0
2020-11-28	0	0	0	0	0	0	0	0
2020-11-29	0	0	0	0	0	0	0	0
2020-11-30	0	0	0	0	0	0	0	0
2020-12-01	0	0	0.33003365277796215	0.16862064213612812	0.16494636691615444	0.2186676329152587	0.1954236994301372	0.2519148905949863
2020-12-02	0	0	0	0	0	0	0	0
2020-12-03	0	0	0	0	0	0	0	0
2020-12-04	0	0	0	0	0	0	0	0
2020-12-05	0	0	0	0	0	0	0	0
2020-12-06	0	0	0	0	0	0	0	0
2020-12-07	0	0	0	0	0	0	0	0
2020-12-08	0	0	0.32806413008672203	0.17411436410338726	0.16862021313461747	0.21575501724533167	0.19999274876210651	0.25253264206334836
2020-12-09	0	0	0	0	0	0	0	0
2020-12-10	0	0	0	0	0	0	0	0
2020-12-11	0	0	0	0	0	0	0	0
2020-12-12	0	0	0	0	0	0	0	0
2020-12-13	0	0	0	0	0	0	0	0
2020-12-14	0	0	0	0	0	0	0	0
2020-12-15	0	0	0.3231601053026918	0.17440371799429089	0.16729829045775255	0.21060620094777643	0.20155049763075591	0.24510249429161934
2020-12-16	0	0	0	0	0	0	0	0
2020-12-17	0	0	0	0	0	0	0	0
2020-12-18	0	0	0	0	0	0	0	0
2020-12-19	0	0	0	0	0	0	0	0
2020-12-20	0	0	0	0	0	0	0	0
2020-12-21	0	0	0	0	0	0	0	0
2020-12-22	0	0	0.318329035450947	0.16944484672900909	0.16415584980114034	0.20247236324309906	0.2006612562593239	0.2355836547848546
2020-12-23	0	0	0	0	0	0	0	0
2020-12-24	0	0	0	0	0	0	0	0
2020-12-25	0	0	0	0	0	0	0	0
2020-12-26	0	0	0	0	0	0	0	0
2020-12-27	0	0	0	0	0	0	0	0
2020-12-28	0	0	0	0	0	0	0	0
2020-12-29	0	0	0.31152160327621387	0.1563476410632928	0.15418105972664697	0.1876938079228596	0.19499299878816903	0.2211593519396789
2020-12-30	0	0	0	0	0	0	0	0
2020-12-31	0	0	0	0	0	0	0	0
2021-01-01	0	0	0	0	0	0	0	0
2021-01-02	0	0	0	0	0	0	0	0
2021-01-03	0	0	0	0	0	0	0	0
2021-01-04	0	0	0	0	0	0	0	0
2021-01-05	0	0	0.3008652073221005	0.14099730621697903	0.13739751138765663	0.1724991689345565	0.18066966209779553	0.20418929839449687
2021-01-06	0	0	0	0	0	0	0	0
2021-01-07	0	0	0	0	0	0	0	0
2021-01-08	0	0	0	0	0	0	0	0
2021-01-09	0	0	0	0	0	0	0	0
2021-01-10	0	0	0	0	0	0	0	0
2021-01-11	0	0	0	0	0	0	0	0
2021-01-12	0	0	0.29553434708586307	0.1341733409144243	0.12771201845833022	0.16747424865575258	0.17244622287211736	0.1961535381693203
2021-01-13	0	0	0	0	0	0	0	0
2021-01-14	0	0	0	0	0	0	0	0
2021-01-15	0	0	0	0	0	0	0	0
2021-01-16	0	0	0	0	0	0	0	0
2021-01-17	0	0	0	0	0	0	0	0
2021-01-18	0	0	0	0	0	0	0	0
2021-01-19	0	0	0.2933669316458211	0.12894941546615005	0.12488444164263175	0.16933806033524235	0.17093820042551244	0.19942766407405446
2021-01-20	0	0	0	0	0	0	0	0
2021-01-21	0	0	0	0	0	0	0	0
2021-01-22	0	0	0	0	0	0	0	0
2021-01-23	0	0	0	0	0	0	0	0
2021-01-24	0	0	0	0	0	0	0	0
2021-01-25	0	0	0	0	0	0	0	0
2021-01-26	0	0	0.2941713858051317	0.13284337126202583	0.1264423927486708	0.17635869625589243	0.17399216524393246	0.2058231355497166
2021-01-27	0	0	0	0	0	0	0	0
2021-01-28	0	0	0	0	0	0	0	0
2021-01-29	0	0	0	0	0	0	0	0
2021-01-30	0	0	0	0	0	0	0	0
2021-01-31	0	0	0	0	0	0	0	0
2021-02-01	0	0	0	0	0	0	0	0
2021-02-02	0	0	0.30109598162462253	0.14218854269410772	0.13549665950001308	0.18802965424457296	0.18379715730059412	0.2188435879501344
2021-02-03	0	0	0	0	0	0	0	0
2021-02-04	0	0	0	0	0	0	0	0
2021-02-05	0	0	0	0	0	0	0	0
2021-02-06	0	0	0	0	0	0	0	0
2021-02-07	0	0	0	0	0	0	0	0
2021-02-08	0	0	0	0	0	0	0	0
2021-02-09	0	0	0.31253091656419413	0.1533662315396382	0.14908305602985814	0.2004020766324157	0.19856629659810895	0.2351723145798723
2021-02-10	0	0	0	0	0	0	0	0
2021-02-11	0	0	0	0	0	0	0	0
2021-02-12	0	0	0	0	0	0	0	0
2021-02-13	0	0	0	0	0	0	0	0
2021-02-14	0	0	0	0	0	0	0	0
2021-02-15	0	0	0	0	0	0	0	0
2021-02-16	0	0	0.32962148366850813	0.1668060833208482	0.16688631074917565	0.21855246125472352	0.21544430834144718	0.25464992878911197
2021-02-17	0	0	0	0	0	0	0	0
2021-02-18	0	0	0	0	0	0	0	0
2021-02-19	0	0	0	0	0	0	0	0
2021-02-20	0	0	0	0	0	0	0	0
2021-02-21	0	0	0	0	0	0	0	0
2021-02-22	0	0	0	0	0	0	0	0
2021-02-23	0	0	0.345683648148109	0.1827513786941031	0.1863533829984365	0.2362519619128035	0.2329713208825683	0.2737222086334723
2021-02-24	0	0	0	0	0	0	0	0
2021-02-25	0	0	0	0	0	0	0	0
2021-02-26	0	0	0	0	0	0	0	0
2021-02-27	0	0	0	0	0	0	0	0
2021-02-28	0	0	0	0	0	0	0	0
2021-03-01	0	0	0	0	0	0	0	0
2021-03-02	0	0	0.35874570119449783	0.19852647719788882	0.2055297728539938	0.24948530126353707	0.2532017467327555	0.29058761463741545
2021-03-03	0	0	0	0	0	0	0	0
2021-03-04	0	0	0	0	0	0	0	0
2021-03-05	0	0	0	0	0	0	0	0
2021-03-06	0	0	0	0	0	0	0	0
2021-03-07	0	0	0	0	0	0	0	0
2021-03-08	0	0	0	0	0	0	0	0
2021-03-09	0	0	0.3775970771062667	0.2181156856018972	0.22335645463992793	0.2647289729983096	0.27507474008467664	0.3058256317840788
2021-03-10	0	0	0	0	0	0	0	0
2021-03-11	0	0	0	0	0	0	0	0
2021-03-12	0	0	0	0	0	0	0	0
2021-03-13	0	0	0	0	0	0	0	0
2021-03-14	0	0	0	0	0	0	0	0
2021-03-15	0	0	0	0	0	0	0	0
2021-03-16	0	0	0.4140672269181018	0.24372314412549156	0.24789046002200935	0.28902714144927844	0.30720912502209663	0.33389420345828974
2021-03-17	0	0	0	0	0	0	0	0
2021-03-18	0	0	0	0	0	0	0	0
2021-03-19	0	0	0	0	0	0	0	0
2021-03-20	0	0	0	0	0	0	0	0
2021-03-21	0	0	0	0	0	0	0	0
2021-03-22	0	0	0	0	0	0	0	0
2021-03-23	0	0	0.49289026580889145	0.3057544024060034	0.30307923062418446	0.3454141285397331	0.37270655552349147	0.3976164361552695
2021-03-24	0	0	0	0	0	0	0	0
2021-03-25	0	0	0	0	0	0	0	0
2021-03-26	0	0	0	0	0	0	0	0
2021-03-27	0	0	0	0	0	0	0	0
2021-03-28	0	0	0	0	0	0	0	0
2021-03-29	0	0	0	0	0	0	0	0
2021-03-30	0	0	0.64080317184167	0.4353056790428654	0.4257581622436727	0.47011917965746247	0.5035932116964104	0.5276560301268453
