2020-02-17	0	0	0	0	0	0	0	0
2020-02-18	0	0	0	0	0	0	0	0
2020-02-19	0	0	0	0	0	0	0	0
2020-02-20	0	0	0	0	0	0	0	0
2020-02-21	0	0	0	0	0	0	0	0
2020-02-22	0	0	0	0	0	0	0	0
2020-02-23	0	0	0	0	0	0	0	0
2020-02-24	0	0	0	0	0	0	0	0
2020-02-25	0	0	0	0	0	0	0	0
2020-02-26	0	0	0	0	0	0	0	0
2020-02-27	0	0	0	0	0	0	0	0
2020-02-28	0	0	0	0	0	0	0	0
2020-02-29	0	0	0	0	0	0	0	0
2020-03-01	0	0	0	0	0	0	0	0
2020-03-02	0	0	0	0	0	0	0	0
2020-03-03	0	0	0	0	0	0	0	0
2020-03-04	0	0	0	0	0	0	0	0
2020-03-05	0	0	0	0	0	0	0	0
2020-03-06	0	0	0	0	0	0	0	0
2020-03-07	0	0	0	0	0	0	0	0
2020-03-08	0	0	0	0	0	0	0	0
2020-03-09	0	0	0	0	0	0	0	0
2020-03-10	0	0	0	0	0	0	0	0
2020-03-11	0	0	0	0	0	0	0	0
2020-03-12	0	0	0	0	0	0	0	0
2020-03-13	0	0	0	0	0	0	0	0
2020-03-14	0	0	0	0	0	0	0	0
2020-03-15	0	0	0	0	0	0	0	0
2020-03-16	0	0	0	0	0	0	0	0
2020-03-17	0	0	0	0	0	0	0	0
2020-03-18	0	0	0	0	0	0	0	0
2020-03-19	0	0	0	0	0	0	0	0
2020-03-20	0	0	0	0	0	0	0	0
2020-03-21	0	0	0	0	0	0	0	0
2020-03-22	0	0	0	0	0	0	0	0
2020-03-23	0	0	0	0	0	0	0	0
2020-03-24	0	0	0	0	0	0	0	0
2020-03-25	0	0	0	0	0	0	0	0
2020-03-26	0	0	0	0	0	0	0	0
2020-03-27	0	0	0	0	0	0	0	0
2020-03-28	0	0	0	0	0	0	0	0
2020-03-29	0	0	0	0	0	0	0	0
2020-03-30	0	0	0	0	0	0	0	0
2020-03-31	0	0	0	0	0	0	0	0
2020-04-01	0	0	0	0	0	0	0	0
2020-04-02	0	0	0	0	0	0	0	0
2020-04-03	0	0	0	0	0	0	0	0
2020-04-04	0	0	0	0	0	0	0	0
2020-04-05	0	0	0	0	0	0	0	0
2020-04-06	0	0	0	0	0	0	0	0
2020-04-07	0	0	0	0	0	0	0	0
2020-04-08	0	0	0	0	0	0	0	0
2020-04-09	0	0	0	0	0	0	0	0
2020-04-10	0	0	0	0	0	0	0	0
2020-04-11	0	0	0	0	0	0	0	0
2020-04-12	0	0	0	0	0	0	0	0
2020-04-13	0	0	0	0	0	0	0	0
2020-04-14	0	0	0	0	0	0	0	0
2020-04-15	0	0	0	0	0	0	0	0
2020-04-16	0	0	0	0	0	0	0	0
2020-04-17	0	0	0	0	0	0	0	0
2020-04-18	0	0	0	0	0	0	0	0
2020-04-19	0	0	0	0	0	0	0	0
2020-04-20	0	0	0	0	0	0	0	0
2020-04-21	0	0	0	0	0	0	0	0
2020-04-22	0	0	0	0	0	0	0	0
2020-04-23	0	0	0	0	0	0	0	0
2020-04-24	0	0	0	0	0	0	0	0
2020-04-25	0	0	0	0	0	0	0	0
2020-04-26	0	0	0	0	0	0	0	0
2020-04-27	0	0	0	0	0	0	0	0
2020-04-28	0	0	0	0	0	0	0	0
2020-04-29	0	0	0	0	0	0	0	0
2020-04-30	0	0	0	0	0	0	0	0
2020-05-01	0	0	0	0	0	0	0	0
2020-05-02	0	0	0	0	0	0	0	0
2020-05-03	0	0	0	0	0	0	0	0
2020-05-04	0	0	0	0	0	0	0	0
2020-05-05	0	0	0	0	0	0	0	0
2020-05-06	0	0	0	0	0	0	0	0
2020-05-07	0	0	0	0	0	0	0	0
2020-05-08	0	0	0	0	0	0	0	0
2020-05-09	0	0	0.7157824657266476	0.5206915320625909	0.4971772123861029	0.5432035434842564	0.5324371151742665	0.6144265472891781
2020-05-10	0	0	0	0	0	0	0	0
2020-05-11	0	0	0	0	0	0	0	0
2020-05-12	0	0	0	0	0	0	0	0
2020-05-13	0	0	0	0	0	0	0	0
2020-05-14	0	0	0	0	0	0	0	0
2020-05-15	0	0	0	0	0	0	0	0
2020-05-16	0	0	0	0	0	0	0	0
2020-05-17	0	0	0	0	0	0	0	0
2020-05-18	0	0	0	0	0	0	0	0
2020-05-19	0	0	0	0	0	0	0	0
2020-05-20	0	0	0	0	0	0	0	0
2020-05-21	0	0	0	0	0	0	0	0
2020-05-22	0	0	0	0	0	0	0	0
2020-05-23	0	0	0.5122376617158613	0.3683532727940751	0.35392598154380095	0.38177423980670244	0.38279054125005524	0.44438954559339144
2020-05-24	0	0	0	0	0	0	0	0
2020-05-25	0	0	0	0	0	0	0	0
2020-05-26	0	0	0	0	0	0	0	0
2020-05-27	0	0	0	0	0	0	0	0
2020-05-28	0	0	0	0	0	0	0	0
2020-05-29	0	0	0	0	0	0	0	0
2020-05-30	0	0	0	0	0	0	0	0
2020-05-31	0	0	0	0	0	0	0	0
2020-06-01	0	0	0	0	0	0	0	0
2020-06-02	0	0	0	0	0	0	0	0
2020-06-03	0	0	0	0	0	0	0	0
2020-06-04	0	0	0	0	0	0	0	0
2020-06-05	0	0	0	0	0	0	0	0
2020-06-06	0	0	0.4429214362745629	0.34948038204964854	0.33304475281912443	0.3600789861129153	0.36111131884984815	0.4001520358083112
2020-06-07	0	0	0	0	0	0	0	0
2020-06-08	0	0	0	0	0	0	0	0
2020-06-09	0	0	0	0	0	0	0	0
2020-06-10	0	0	0	0	0	0	0	0
2020-06-11	0	0	0	0	0	0	0	0
2020-06-12	0	0	0	0	0	0	0	0
2020-06-13	0	0	0	0	0	0	0	0
2020-06-14	0	0	0	0	0	0	0	0
2020-06-15	0	0	0	0	0	0	0	0
2020-06-16	0	0	0	0	0	0	0	0
2020-06-17	0	0	0	0	0	0	0	0
2020-06-18	0	0	0	0	0	0	0	0
2020-06-19	0	0	0	0	0	0	0	0
2020-06-20	0	0	0.41193319812950635	0.3577971890021148	0.3371905598833947	0.3695155077402193	0.3597953587814033	0.3731393594643527
2020-06-21	0	0	0	0	0	0	0	0
2020-06-22	0	0	0	0	0	0	0	0
2020-06-23	0	0	0	0	0	0	0	0
2020-06-24	0	0	0	0	0	0	0	0
2020-06-25	0	0	0	0	0	0	0	0
2020-06-26	0	0	0	0	0	0	0	0
2020-06-27	0	0	0	0	0	0	0	0
2020-06-28	0	0	0	0	0	0	0	0
2020-06-29	0	0	0	0	0	0	0	0
2020-06-30	0	0	0	0	0	0	0	0
2020-07-01	0	0	0	0	0	0	0	0
2020-07-02	0	0	0	0	0	0	0	0
2020-07-03	0	0	0	0	0	0	0	0
2020-07-04	0	0	0.4031729312989639	0.35525510389069553	0.33487591315596354	0.37221586399067597	0.357283411119877	0.35880135600128427
2020-07-05	0	0	0	0	0	0	0	0
2020-07-06	0	0	0	0	0	0	0	0
2020-07-07	0	0	0	0	0	0	0	0
2020-07-08	0	0	0	0	0	0	0	0
2020-07-09	0	0	0	0	0	0	0	0
2020-07-10	0	0	0	0	0	0	0	0
2020-07-11	0	0	0	0	0	0	0	0
2020-07-12	0	0	0	0	0	0	0	0
2020-07-13	0	0	0	0	0	0	0	0
2020-07-14	0	0	0	0	0	0	0	0
2020-07-15	0	0	0	0	0	0	0	0
2020-07-16	0	0	0	0	0	0	0	0
2020-07-17	0	0	0	0	0	0	0	0
2020-07-18	0	0	0.40296943909004257	0.35276971483756714	0.328019983702458	0.367541694549237	0.35122343459858796	0.3625711605511544
2020-07-19	0	0	0	0	0	0	0	0
2020-07-20	0	0	0	0	0	0	0	0
2020-07-21	0	0	0	0	0	0	0	0
2020-07-22	0	0	0	0	0	0	0	0
2020-07-23	0	0	0	0	0	0	0	0
2020-07-24	0	0	0	0	0	0	0	0
2020-07-25	0	0	0	0	0	0	0	0
2020-07-26	0	0	0	0	0	0	0	0
2020-07-27	0	0	0	0	0	0	0	0
2020-07-28	0	0	0	0	0	0	0	0
2020-07-29	0	0	0	0	0	0	0	0
2020-07-30	0	0	0	0	0	0	0	0
2020-07-31	0	0	0	0	0	0	0	0
2020-08-01	0	0	0.4069898317304134	0.3472014246182835	0.32489609704701006	0.36456967805185775	0.34753969788176986	0.36912165549267
2020-08-02	0	0	0	0	0	0	0	0
2020-08-03	0	0	0	0	0	0	0	0
2020-08-04	0	0	0	0	0	0	0	0
2020-08-05	0	0	0	0	0	0	0	0
2020-08-06	0	0	0	0	0	0	0	0
2020-08-07	0	0	0	0	0	0	0	0
2020-08-08	0	0	0	0	0	0	0	0
2020-08-09	0	0	0	0	0	0	0	0
2020-08-10	0	0	0	0	0	0	0	0
2020-08-11	0	0	0	0	0	0	0	0
2020-08-12	0	0	0	0	0	0	0	0
2020-08-13	0	0	0	0	0	0	0	0
2020-08-14	0	0	0	0	0	0	0	0
2020-08-15	0	0	0.4148314075507005	0.3298507381597741	0.31450216051298846	0.3520740502605005	0.3396935653324392	0.3660607869834264
2020-08-16	0	0	0	0	0	0	0	0
2020-08-17	0	0	0	0	0	0	0	0
2020-08-18	0	0	0	0	0	0	0	0
2020-08-19	0	0	0	0	0	0	0	0
2020-08-20	0	0	0	0	0	0	0	0
2020-08-21	0	0	0	0	0	0	0	0
2020-08-22	0	0	0	0	0	0	0	0
2020-08-23	0	0	0	0	0	0	0	0
2020-08-24	0	0	0	0	0	0	0	0
2020-08-25	0	0	0	0	0	0	0	0
2020-08-26	0	0	0	0	0	0	0	0
2020-08-27	0	0	0	0	0	0	0	0
2020-08-28	0	0	0	0	0	0	0	0
2020-08-29	0	0	0.4092708805061637	0.2987339353449686	0.2843969308698947	0.3307373769750433	0.3209645711473443	0.3485748143115076
2020-08-30	0	0	0	0	0	0	0	0
2020-08-31	0	0	0	0	0	0	0	0
2020-09-01	0	0	0	0	0	0	0	0
2020-09-02	0	0	0	0	0	0	0	0
2020-09-03	0	0	0	0	0	0	0	0
2020-09-04	0	0	0	0	0	0	0	0
2020-09-05	0	0	0	0	0	0	0	0
2020-09-06	0	0	0	0	0	0	0	0
2020-09-07	0	0	0	0	0	0	0	0
2020-09-08	0	0	0	0	0	0	0	0
2020-09-09	0	0	0	0	0	0	0	0
2020-09-10	0	0	0	0	0	0	0	0
2020-09-11	0	0	0	0	0	0	0	0
2020-09-12	0	0	0.38900815141867234	0.2481539914993053	0.22689764802004014	0.2948586627367241	0.2814286493786518	0.3119415989311103
2020-09-13	0	0	0	0	0	0	0	0
2020-09-14	0	0	0	0	0	0	0	0
2020-09-15	0	0	0	0	0	0	0	0
2020-09-16	0	0	0	0	0	0	0	0
2020-09-17	0	0	0	0	0	0	0	0
2020-09-18	0	0	0	0	0	0	0	0
2020-09-19	0	0	0	0	0	0	0	0
2020-09-20	0	0	0	0	0	0	0	0
2020-09-21	0	0	0	0	0	0	0	0
2020-09-22	0	0	0	0	0	0	0	0
2020-09-23	0	0	0	0	0	0	0	0
2020-09-24	0	0	0	0	0	0	0	0
2020-09-25	0	0	0	0	0	0	0	0
2020-09-26	0	0	0.34989930145572845	0.19346996595704638	0.16983498264992616	0.252104368560385	0.2323279187414878	0.26103292420641205
2020-09-27	0	0	0	0	0	0	0	0
2020-09-28	0	0	0	0	0	0	0	0
2020-09-29	0	0	0	0	0	0	0	0
2020-09-30	0	0	0	0	0	0	0	0
2020-10-01	0	0	0	0	0	0	0	0
2020-10-02	0	0	0	0	0	0	0	0
2020-10-03	0	0	0	0	0	0	0	0
2020-10-04	0	0	0	0	0	0	0	0
2020-10-05	0	0	0	0	0	0	0	0
2020-10-06	0	0	0	0	0	0	0	0
2020-10-07	0	0	0	0	0	0	0	0
2020-10-08	0	0	0	0	0	0	0	0
2020-10-09	0	0	0	0	0	0	0	0
2020-10-10	0	0	0.31265429793936117	0.16134745845634563	0.14150686779317165	0.21678345202294083	0.19847824694694582	0.2269787307051585
2020-10-11	0	0	0	0	0	0	0	0
2020-10-12	0	0	0	0	0	0	0	0
2020-10-13	0	0	0	0	0	0	0	0
2020-10-14	0	0	0	0	0	0	0	0
2020-10-15	0	0	0	0	0	0	0	0
2020-10-16	0	0	0	0	0	0	0	0
2020-10-17	0	0	0	0	0	0	0	0
2020-10-18	0	0	0	0	0	0	0	0
2020-10-19	0	0	0	0	0	0	0	0
2020-10-20	0	0	0	0	0	0	0	0
2020-10-21	0	0	0	0	0	0	0	0
2020-10-22	0	0	0	0	0	0	0	0
2020-10-23	0	0	0	0	0	0	0	0
2020-10-24	0	0	0.29027334901431867	0.15001409730091567	0.13563338057766508	0.19554235336273953	0.18547461104040192	0.22549986511504688
2020-10-25	0	0	0	0	0	0	0	0
2020-10-26	0	0	0	0	0	0	0	0
2020-10-27	0	0	0	0	0	0	0	0
2020-10-28	0	0	0	0	0	0	0	0
2020-10-29	0	0	0	0	0	0	0	0
2020-10-30	0	0	0	0	0	0	0	0
2020-10-31	0	0	0	0	0	0	0	0
2020-11-01	0	0	0	0	0	0	0	0
2020-11-02	0	0	0	0	0	0	0	0
2020-11-03	0	0	0	0	0	0	0	0
2020-11-04	0	0	0	0	0	0	0	0
2020-11-05	0	0	0	0	0	0	0	0
2020-11-06	0	0	0	0	0	0	0	0
2020-11-07	0	0	0.2883689448892086	0.1499900855505717	0.13860841639119126	0.17893423183668006	0.18604728003582813	0.22913863371972865
2020-11-08	0	0	0	0	0	0	0	0
2020-11-09	0	0	0	0	0	0	0	0
2020-11-10	0	0	0	0	0	0	0	0
2020-11-11	0	0	0	0	0	0	0	0
2020-11-12	0	0	0	0	0	0	0	0
2020-11-13	0	0	0	0	0	0	0	0
2020-11-14	0	0	0	0	0	0	0	0
2020-11-15	0	0	0	0	0	0	0	0
2020-11-16	0	0	0	0	0	0	0	0
2020-11-17	0	0	0	0	0	0	0	0
2020-11-18	0	0	0	0	0	0	0	0
2020-11-19	0	0	0	0	0	0	0	0
2020-11-20	0	0	0	0	0	0	0	0
2020-11-21	0	0	0.29274308087120704	0.1546086751955135	0.14487488038845772	0.16949512535624947	0.18867560688269977	0.23649645995936694
2020-11-22	0	0	0	0	0	0	0	0
2020-11-23	0	0	0	0	0	0	0	0
2020-11-24	0	0	0	0	0	0	0	0
2020-11-25	0	0	0	0	0	0	0	0
2020-11-26	0	0	0	0	0	0	0	0
2020-11-27	0	0	0	0	0	0	0	0
2020-11-28	0	0	0	0	0	0	0	0
2020-11-29	0	0	0	0	0	0	0	0
2020-11-30	0	0	0	0	0	0	0	0
2020-12-01	0	0	0	0	0	0	0	0
2020-12-02	0	0	0	0	0	0	0	0
2020-12-03	0	0	0	0	0	0	0	0
2020-12-04	0	0	0	0	0	0	0	0
2020-12-05	0	0	0.3065052601343939	0.15953348964966457	0.14967171516415934	0.17755802564765868	0.19294784493708034	0.23778601684242978
2020-12-06	0	0	0	0	0	0	0	0
2020-12-07	0	0	0	0	0	0	0	0
2020-12-08	0	0	0	0	0	0	0	0
2020-12-09	0	0	0	0	0	0	0	0
2020-12-10	0	0	0	0	0	0	0	0
2020-12-11	0	0	0	0	0	0	0	0
2020-12-12	0	0	0	0	0	0	0	0
2020-12-13	0	0	0	0	0	0	0	0
2020-12-14	0	0	0	0	0	0	0	0
2020-12-15	0	0	0	0	0	0	0	0
2020-12-16	0	0	0	0	0	0	0	0
2020-12-17	0	0	0	0	0	0	0	0
2020-12-18	0	0	0	0	0	0	0	0
2020-12-19	0	0	0.3195397671806779	0.15963225505562376	0.14991879015865667	0.1854836528062586	0.18508424416791283	0.2355068918546993
2020-12-20	0	0	0	0	0	0	0	0
2020-12-21	0	0	0	0	0	0	0	0
2020-12-22	0	0	0	0	0	0	0	0
2020-12-23	0	0	0	0	0	0	0	0
2020-12-24	0	0	0	0	0	0	0	0
2020-12-25	0	0	0	0	0	0	0	0
2020-12-26	0	0	0	0	0	0	0	0
2020-12-27	0	0	0	0	0	0	0	0
2020-12-28	0	0	0	0	0	0	0	0
2020-12-29	0	0	0	0	0	0	0	0
2020-12-30	0	0	0	0	0	0	0	0
2020-12-31	0	0	0	0	0	0	0	0
2021-01-01	0	0	0	0	0	0	0	0
2021-01-02	0	0	0.3254847039304622	0.1463108436011772	0.13910468396905123	0.1826228395974961	0.16929522279702738	0.22379032898277942
2021-01-03	0	0	0	0	0	0	0	0
2021-01-04	0	0	0	0	0	0	0	0
2021-01-05	0	0	0	0	0	0	0	0
2021-01-06	0	0	0	0	0	0	0	0
2021-01-07	0	0	0	0	0	0	0	0
2021-01-08	0	0	0	0	0	0	0	0
2021-01-09	0	0	0	0	0	0	0	0
2021-01-10	0	0	0	0	0	0	0	0
2021-01-11	0	0	0	0	0	0	0	0
2021-01-12	0	0	0	0	0	0	0	0
2021-01-13	0	0	0	0	0	0	0	0
2021-01-14	0	0	0	0	0	0	0	0
2021-01-15	0	0	0	0	0	0	0	0
2021-01-16	0	0	0.3262033494735238	0.14492199369653488	0.13905733184581567	0.18898332351539754	0.16409580691577247	0.22739282770226543
2021-01-17	0	0	0	0	0	0	0	0
2021-01-18	0	0	0	0	0	0	0	0
2021-01-19	0	0	0	0	0	0	0	0
2021-01-20	0	0	0	0	0	0	0	0
2021-01-21	0	0	0	0	0	0	0	0
2021-01-22	0	0	0	0	0	0	0	0
2021-01-23	0	0	0	0	0	0	0	0
2021-01-24	0	0	0	0	0	0	0	0
2021-01-25	0	0	0	0	0	0	0	0
2021-01-26	0	0	0	0	0	0	0	0
2021-01-27	0	0	0	0	0	0	0	0
2021-01-28	0	0	0	0	0	0	0	0
2021-01-29	0	0	0	0	0	0	0	0
2021-01-30	0	0	0.33952254952832156	0.16477501894150992	0.1552330974472233	0.20897223967421122	0.1868006734008415	0.23827269248689345
2021-01-31	0	0	0	0	0	0	0	0
2021-02-01	0	0	0	0	0	0	0	0
2021-02-02	0	0	0	0	0	0	0	0
2021-02-03	0	0	0	0	0	0	0	0
2021-02-04	0	0	0	0	0	0	0	0
2021-02-05	0	0	0	0	0	0	0	0
2021-02-06	0	0	0	0	0	0	0	0
2021-02-07	0	0	0	0	0	0	0	0
2021-02-08	0	0	0	0	0	0	0	0
2021-02-09	0	0	0	0	0	0	0	0
2021-02-10	0	0	0	0	0	0	0	0
2021-02-11	0	0	0	0	0	0	0	0
2021-02-12	0	0	0	0	0	0	0	0
2021-02-13	0	0	0.35696183804033077	0.18626506063003453	0.18082340829865345	0.222624523048707	0.21932169366797832	0.25536067476717783
2021-02-14	0	0	0	0	0	0	0	0
2021-02-15	0	0	0	0	0	0	0	0
2021-02-16	0	0	0	0	0	0	0	0
2021-02-17	0	0	0	0	0	0	0	0
2021-02-18	0	0	0	0	0	0	0	0
2021-02-19	0	0	0	0	0	0	0	0
2021-02-20	0	0	0	0	0	0	0	0
2021-02-21	0	0	0	0	0	0	0	0
2021-02-22	0	0	0	0	0	0	0	0
2021-02-23	0	0	0	0	0	0	0	0
2021-02-24	0	0	0	0	0	0	0	0
2021-02-25	0	0	0	0	0	0	0	0
2021-02-26	0	0	0	0	0	0	0	0
2021-02-27	0	0	0.37124426242487607	0.20737556862792267	0.20422526811610106	0.23222143303209475	0.2500121278469826	0.2731423303249977
2021-02-28	0	0	0	0	0	0	0	0
2021-03-01	0	0	0	0	0	0	0	0
2021-03-02	0	0	0	0	0	0	0	0
2021-03-03	0	0	0	0	0	0	0	0
2021-03-04	0	0	0	0	0	0	0	0
2021-03-05	0	0	0	0	0	0	0	0
2021-03-06	0	0	0	0	0	0	0	0
2021-03-07	0	0	0	0	0	0	0	0
2021-03-08	0	0	0	0	0	0	0	0
2021-03-09	0	0	0	0	0	0	0	0
2021-03-10	0	0	0	0	0	0	0	0
2021-03-11	0	0	0	0	0	0	0	0
2021-03-12	0	0	0	0	0	0	0	0
2021-03-13	0	0	0.38209878633575556	0.22750404816738468	0.21713325405598333	0.2419505383963199	0.2763848725674182	0.29960514307163494
2021-03-14	0	0	0	0	0	0	0	0
2021-03-15	0	0	0	0	0	0	0	0
2021-03-16	0	0	0	0	0	0	0	0
2021-03-17	0	0	0	0	0	0	0	0
2021-03-18	0	0	0	0	0	0	0	0
2021-03-19	0	0	0	0	0	0	0	0
2021-03-20	0	0	0	0	0	0	0	0
2021-03-21	0	0	0	0	0	0	0	0
2021-03-22	0	0	0	0	0	0	0	0
2021-03-23	0	0	0	0	0	0	0	0
2021-03-24	0	0	0	0	0	0	0	0
2021-03-25	0	0	0	0	0	0	0	0
2021-03-26	0	0	0	0	0	0	0	0
2021-03-27	0	0	0.39157416570009057	0.25503706606923793	0.23421267129057013	0.25441036326705035	0.3028733410088095	0.321770309905039
2021-03-28	0	0	0	0	0	0	0	0
2021-03-29	0	0	0	0	0	0	0	0
2021-03-30	0	0	0	0	0	0	0	0
2021-03-31	0	0	0	0	0	0	0	0
2021-04-01	0	0	0	0	0	0	0	0
2021-04-02	0	0	0	0	0	0	0	0
2021-04-03	0	0	0	0	0	0	0	0
2021-04-04	0	0	0	0	0	0	0	0
2021-04-05	0	0	0	0	0	0	0	0
2021-04-06	0	0	0	0	0	0	0	0
2021-04-07	0	0	0	0	0	0	0	0
2021-04-08	0	0	0	0	0	0	0	0
2021-04-09	0	0	0	0	0	0	0	0
2021-04-10	0	0	0.3989613513355817	0.2776741573070518	0.25634706774988275	0.26616222283556307	0.32297893915256864	0.3352895511743758
2021-04-11	0	0	0	0	0	0	0	0
2021-04-12	0	0	0	0	0	0	0	0
2021-04-13	0	0	0	0	0	0	0	0
2021-04-14	0	0	0	0	0	0	0	0
2021-04-15	0	0	0	0	0	0	0	0
2021-04-16	0	0	0	0	0	0	0	0
2021-04-17	0	0	0	0	0	0	0	0
2021-04-18	0	0	0	0	0	0	0	0
2021-04-19	0	0	0	0	0	0	0	0
2021-04-20	0	0	0	0	0	0	0	0
2021-04-21	0	0	0	0	0	0	0	0
2021-04-22	0	0	0	0	0	0	0	0
2021-04-23	0	0	0	0	0	0	0	0
2021-04-24	0	0	0.40648457740618343	0.3008259667698798	0.2794022514859131	0.28313391979781505	0.33770268652573193	0.34201278191414086
2021-04-25	0	0	0	0	0	0	0	0
2021-04-26	0	0	0	0	0	0	0	0
2021-04-27	0	0	0	0	0	0	0	0
2021-04-28	0	0	0	0	0	0	0	0
2021-04-29	0	0	0	0	0	0	0	0
2021-04-30	0	0	0	0	0	0	0	0
2021-05-01	0	0	0	0	0	0	0	0
2021-05-02	0	0	0	0	0	0	0	0
2021-05-03	0	0	0	0	0	0	0	0
2021-05-04	0	0	0	0	0	0	0	0
2021-05-05	0	0	0	0	0	0	0	0
2021-05-06	0	0	0	0	0	0	0	0
2021-05-07	0	0	0	0	0	0	0	0
2021-05-08	0	0	0.4075952362687102	0.3063161624521597	0.285731284290458	0.2991552052309015	0.3417704226206023	0.33574468464914425
2021-05-09	0	0	0	0	0	0	0	0
2021-05-10	0	0	0	0	0	0	0	0
2021-05-11	0	0	0	0	0	0	0	0
2021-05-12	0	0	0	0	0	0	0	0
2021-05-13	0	0	0	0	0	0	0	0
2021-05-14	0	0	0	0	0	0	0	0
2021-05-15	0	0	0	0	0	0	0	0
2021-05-16	0	0	0	0	0	0	0	0
2021-05-17	0	0	0	0	0	0	0	0
2021-05-18	0	0	0	0	0	0	0	0
2021-05-19	0	0	0	0	0	0	0	0
2021-05-20	0	0	0	0	0	0	0	0
2021-05-21	0	0	0	0	0	0	0	0
2021-05-22	0	0	0.4007437868527852	0.2928622496471855	0.28093497523424366	0.30169456171919	0.33887920675029337	0.3258921968386465
2021-05-23	0	0	0	0	0	0	0	0
2021-05-24	0	0	0	0	0	0	0	0
2021-05-25	0	0	0	0	0	0	0	0
2021-05-26	0	0	0	0	0	0	0	0
2021-05-27	0	0	0	0	0	0	0	0
2021-05-28	0	0	0	0	0	0	0	0
2021-05-29	0	0	0	0	0	0	0	0
2021-05-30	0	0	0	0	0	0	0	0
2021-05-31	0	0	0	0	0	0	0	0
2021-06-01	0	0	0	0	0	0	0	0
2021-06-02	0	0	0	0	0	0	0	0
2021-06-03	0	0	0	0	0	0	0	0
2021-06-04	0	0	0	0	0	0	0	0
2021-06-05	0	0	0.45391722128462764	0.2910343566539564	0.29133976422318836	0.34259843633224296	0.3778309228814719	0.3570209298210382
2021-06-06	0	0	0	0	0	0	0	0
2021-06-07	0	0	0	0	0	0	0	0
2021-06-08	0	0	0	0	0	0	0	0
2021-06-09	0	0	0	0	0	0	0	0
2021-06-10	0	0	0	0	0	0	0	0
2021-06-11	0	0	0	0	0	0	0	0
2021-06-12	0	0	0	0	0	0	0	0
2021-06-13	0	0	0	0	0	0	0	0
2021-06-14	0	0	0	0	0	0	0	0
2021-06-15	0	0	0	0	0	0	0	0
2021-06-16	0	0	0	0	0	0	0	0
2021-06-17	0	0	0	0	0	0	0	0
2021-06-18	0	0	0	0	0	0	0	0
2021-06-19	0	0	0.7006926223396862	0.4548348870765247	0.4589242487001292	0.5618652414165177	0.5968631385583613	0.5752428304547276
