2020-02-17	0	0	0	0	0	0	0	0
2020-02-18	0	0	0	0	0	0	0	0
2020-02-19	0	0	0	0	0	0	0	0
2020-02-20	0	0	0	0	0	0	0	0
2020-02-21	0	0	0	0	0	0	0	0
2020-02-22	0	0	0	0	0	0	0	0
2020-02-23	0	0	0	0	0	0	0	0
2020-02-24	0	0	0	0	0	0	0	0
2020-02-25	0	0	0	0	0	0	0	0
2020-02-26	0	0	0	0	0	0	0	0
2020-02-27	0	0	0	0	0	0	0	0
2020-02-28	0	0	0	0	0	0	0	0
2020-02-29	0	0	0	0	0	0	0	0
2020-03-01	0	0	0	0	0	0	0	0
2020-03-02	0	0	0	0	0	0	0	0
2020-03-03	0	0	0	0	0	0	0	0
2020-03-04	0	0	0	0	0	0	0	0
2020-03-05	0	0	0	0	0	0	0	0
2020-03-06	0	0	0	0	0	0	0	0
2020-03-07	0	0	0	0	0	0	0	0
2020-03-08	0	0	0	0	0	0	0	0
2020-03-09	0	0	0	0	0	0	0	0
2020-03-10	0	0	0	0	0	0	0	0
2020-03-11	0	0	0	0	0	0	0	0
2020-03-12	0	0	0	0	0	0	0	0
2020-03-13	0	0	0	0	0	0	0	0
2020-03-14	0	0	0	0	0	0	0	0
2020-03-15	0	0	0	0	0	0	0	0
2020-03-16	0	0	0	0	0	0	0	0
2020-03-17	0	0	0	0	0	0	0	0
2020-03-18	0	0	0	0	0	0	0	0
2020-03-19	0	0	0	0	0	0	0	0
2020-03-20	0	0	0	0	0	0	0	0
2020-03-21	0	0	0	0	0	0	0	0
2020-03-22	0	0	0	0	0	0	0	0
2020-03-23	0	0	0	0	0	0	0	0
2020-03-24	0	0	0	0	0	0	0	0
2020-03-25	0	0	0	0	0	0	0	0
2020-03-26	0	0	0	0	0	0	0	0
2020-03-27	0	0	0	0	0	0	0	0
2020-03-28	0	0	0	0	0	0	0	0
2020-03-29	0	0	0	0	0	0	0	0
2020-03-30	0	0	0	0	0	0	0	0
2020-03-31	0	0	0	0	0	0	0	0
2020-04-01	0	0	0	0	0	0	0	0
2020-04-02	0	0	0	0	0	0	0	0
2020-04-03	0	0	0	0	0	0	0	0
2020-04-04	0	0	0	0	0	0	0	0
2020-04-05	0	0	0	0	0	0	0	0
2020-04-06	0	0	0	0	0	0	0	0
2020-04-07	0	0	0	0	0	0	0	0
2020-04-08	0	0	0	0	0	0	0	0
2020-04-09	0	0	0	0	0	0	0	0
2020-04-10	0	0	0	0	0	0	0	0
2020-04-11	0	0	0	0	0	0	0	0
2020-04-12	0	0	0	0	0	0	0	0
2020-04-13	0	0	0	0	0	0	0	0
2020-04-14	0	0	0	0	0	0	0	0
2020-04-15	0	0	0	0	0	0	0	0
2020-04-16	0	0	0	0	0	0	0	0
2020-04-17	0	0	0	0	0	0	0	0
2020-04-18	0	0	0	0	0	0	0	0
2020-04-19	0	0	0	0	0	0	0	0
2020-04-20	0	0	0	0	0	0	0	0
2020-04-21	0	0	0	0	0	0	0	0
2020-04-22	0	0	0	0	0	0	0	0
2020-04-23	0	0	0	0	0	0	0	0
2020-04-24	0	0	0	0	0	0	0	0
2020-04-25	0	0	0	0	0	0	0	0
2020-04-26	0	0	0	0	0	0	0	0
2020-04-27	0	0	0	0	0	0	0	0
2020-04-28	0	0	0	0	0	0	0	0
2020-04-29	0	0	0	0	0	0	0	0
2020-04-30	0	0	0	0	0	0	0	0
2020-05-01	0	0	8.591544197825733	9.361593599700864	10.014556923210199	8.78687576660067	8.448422779206712	9.078759173650678
2020-05-02	0	0	0	0	0	0	0	0
2020-05-03	0	0	0	0	0	0	0	0
2020-05-04	0	0	0	0	0	0	0	0
2020-05-05	0	0	0	0	0	0	0	0
2020-05-06	0	0	0	0	0	0	0	0
2020-05-07	0	0	0	0	0	0	0	0
2020-05-08	0	0	8.36950564688449	9.159213005831758	9.648452922291138	8.531853809686886	8.19477161030897	8.825930382215372
2020-05-09	0	0	0	0	0	0	0	0
2020-05-10	0	0	0	0	0	0	0	0
2020-05-11	0	0	0	0	0	0	0	0
2020-05-12	0	0	0	0	0	0	0	0
2020-05-13	0	0	0	0	0	0	0	0
2020-05-14	0	0	0	0	0	0	0	0
2020-05-15	0	0	8.126257506319677	8.939857006996336	9.252890220163524	8.258140567985768	7.919052686783284	8.550606181574738
2020-05-16	0	0	0	0	0	0	0	0
2020-05-17	0	0	0	0	0	0	0	0
2020-05-18	0	0	0	0	0	0	0	0
2020-05-19	0	0	0	0	0	0	0	0
2020-05-20	0	0	0	0	0	0	0	0
2020-05-21	0	0	0	0	0	0	0	0
2020-05-22	0	0	7.896323215716629	8.7285820914501	8.872404273413991	8.002190486207331	7.651851402674783	8.274992681666609
2020-05-23	0	0	0	0	0	0	0	0
2020-05-24	0	0	0	0	0	0	0	0
2020-05-25	0	0	0	0	0	0	0	0
2020-05-26	0	0	0	0	0	0	0	0
2020-05-27	0	0	0	0	0	0	0	0
2020-05-28	0	0	0	0	0	0	0	0
2020-05-29	0	0	7.726254590505195	8.564914973158128	8.585388457886825	7.813146058700333	7.450920144982937	8.039586341455388
2020-05-30	0	0	0	0	0	0	0	0
2020-05-31	0	0	0	0	0	0	0	0
2020-06-01	0	0	0	0	0	0	0	0
2020-06-02	0	0	0	0	0	0	0	0
2020-06-03	0	0	0	0	0	0	0	0
2020-06-04	0	0	0	0	0	0	0	0
2020-06-05	0	0	7.636603421836216	8.474430765427684	8.42654922100119	7.715707830814107	7.346265611138181	7.871088250386223
2020-06-06	0	0	0	0	0	0	0	0
2020-06-07	0	0	0	0	0	0	0	0
2020-06-08	0	0	0	0	0	0	0	0
2020-06-09	0	0	0	0	0	0	0	0
2020-06-10	0	0	0	0	0	0	0	0
2020-06-11	0	0	0	0	0	0	0	0
2020-06-12	0	0	7.6082555114170285	8.44503714086401	8.371990789556557	7.691142803155813	7.322580617892231	7.760477681180689
2020-06-13	0	0	0	0	0	0	0	0
2020-06-14	0	0	0	0	0	0	0	0
2020-06-15	0	0	0	0	0	0	0	0
2020-06-16	0	0	0	0	0	0	0	0
2020-06-17	0	0	0	0	0	0	0	0
2020-06-18	0	0	0	0	0	0	0	0
2020-06-19	0	0	7.605945768020338	8.438365656348576	8.360586270217102	7.698176023374778	7.341522499437973	7.678544870044008
2020-06-20	0	0	0	0	0	0	0	0
2020-06-21	0	0	0	0	0	0	0	0
2020-06-22	0	0	0	0	0	0	0	0
2020-06-23	0	0	0	0	0	0	0	0
2020-06-24	0	0	0	0	0	0	0	0
2020-06-25	0	0	0	0	0	0	0	0
2020-06-26	0	0	7.608650158929608	8.4352203012432	8.355155147564153	7.710628530437498	7.378513663073319	7.612450059876521
2020-06-27	0	0	0	0	0	0	0	0
2020-06-28	0	0	0	0	0	0	0	0
2020-06-29	0	0	0	0	0	0	0	0
2020-06-30	0	0	0	0	0	0	0	0
2020-07-01	0	0	0	0	0	0	0	0
2020-07-02	0	0	0	0	0	0	0	0
2020-07-03	0	0	7.608289319669206	8.428919989150856	8.334134667855768	7.715964880790009	7.418521591571207	7.560246652762873
2020-07-04	0	0	0	0	0	0	0	0
2020-07-05	0	0	0	0	0	0	0	0
2020-07-06	0	0	0	0	0	0	0	0
2020-07-07	0	0	0	0	0	0	0	0
2020-07-08	0	0	0	0	0	0	0	0
2020-07-09	0	0	0	0	0	0	0	0
2020-07-10	0	0	7.6086910413293	8.428671163339187	8.298834188572933	7.717796272176442	7.453199113631386	7.527845331952083
2020-07-11	0	0	0	0	0	0	0	0
2020-07-12	0	0	0	0	0	0	0	0
2020-07-13	0	0	0	0	0	0	0	0
2020-07-14	0	0	0	0	0	0	0	0
2020-07-15	0	0	0	0	0	0	0	0
2020-07-16	0	0	0	0	0	0	0	0
2020-07-17	0	0	7.592743217600215	8.427477247987708	8.237743858786718	7.704285018544745	7.452356736815206	7.498955206457154
2020-07-18	0	0	0	0	0	0	0	0
2020-07-19	0	0	0	0	0	0	0	0
2020-07-20	0	0	0	0	0	0	0	0
2020-07-21	0	0	0	0	0	0	0	0
2020-07-22	0	0	0	0	0	0	0	0
2020-07-23	0	0	0	0	0	0	0	0
2020-07-24	0	0	7.533246990402037	8.406191216203656	8.135068608421978	7.651641410651363	7.383211142905077	7.449159137317755
2020-07-25	0	0	0	0	0	0	0	0
2020-07-26	0	0	0	0	0	0	0	0
2020-07-27	0	0	0	0	0	0	0	0
2020-07-28	0	0	0	0	0	0	0	0
2020-07-29	0	0	0	0	0	0	0	0
2020-07-30	0	0	0	0	0	0	0	0
2020-07-31	0	0	7.443944641921735	8.382774527473913	8.024129389308259	7.576568684359535	7.274440634776913	7.391257937380908
2020-08-01	0	0	0	0	0	0	0	0
2020-08-02	0	0	0	0	0	0	0	0
2020-08-03	0	0	0	0	0	0	0	0
2020-08-04	0	0	0	0	0	0	0	0
2020-08-05	0	0	0	0	0	0	0	0
2020-08-06	0	0	0	0	0	0	0	0
2020-08-07	0	0	7.348789824487023	8.380930386117917	7.9343558117686115	7.507215996312588	7.167055343486299	7.347244813539143
2020-08-08	0	0	0	0	0	0	0	0
2020-08-09	0	0	0	0	0	0	0	0
2020-08-10	0	0	0	0	0	0	0	0
2020-08-11	0	0	0	0	0	0	0	0
2020-08-12	0	0	0	0	0	0	0	0
2020-08-13	0	0	0	0	0	0	0	0
2020-08-14	0	0	7.264818226380432	8.419337425157114	7.881260411175676	7.463312449714732	7.085075585298292	7.332824846285654
2020-08-15	0	0	0	0	0	0	0	0
2020-08-16	0	0	0	0	0	0	0	0
2020-08-17	0	0	0	0	0	0	0	0
2020-08-18	0	0	0	0	0	0	0	0
2020-08-19	0	0	0	0	0	0	0	0
2020-08-20	0	0	0	0	0	0	0	0
2020-08-21	0	0	7.180904273073118	8.478629515711637	7.854727047038384	7.443813731705542	7.023858687679318	7.338407821162458
2020-08-22	0	0	0	0	0	0	0	0
2020-08-23	0	0	0	0	0	0	0	0
2020-08-24	0	0	0	0	0	0	0	0
2020-08-25	0	0	0	0	0	0	0	0
2020-08-26	0	0	0	0	0	0	0	0
2020-08-27	0	0	0	0	0	0	0	0
2020-08-28	0	0	7.08625691025153	8.528360367882286	7.839856247139636	7.436435164062845	6.972240240757716	7.351643339725138
2020-08-29	0	0	0	0	0	0	0	0
2020-08-30	0	0	0	0	0	0	0	0
2020-08-31	0	0	0	0	0	0	0	0
2020-09-01	0	0	0	0	0	0	0	0
2020-09-02	0	0	0	0	0	0	0	0
2020-09-03	0	0	0	0	0	0	0	0
2020-09-04	0	0	6.963111637565393	8.541144262491885	7.817399182116827	7.428111312233814	6.91664651179138	7.348637369642758
2020-09-05	0	0	0	0	0	0	0	0
2020-09-06	0	0	0	0	0	0	0	0
2020-09-07	0	0	0	0	0	0	0	0
2020-09-08	0	0	0	0	0	0	0	0
2020-09-09	0	0	0	0	0	0	0	0
2020-09-10	0	0	0	0	0	0	0	0
2020-09-11	0	0	6.818829162637045	8.526334641509868	7.809396505254055	7.425695175451751	6.862222969628775	7.324353455067145
2020-09-12	0	0	0	0	0	0	0	0
2020-09-13	0	0	0	0	0	0	0	0
2020-09-14	0	0	0	0	0	0	0	0
2020-09-15	0	0	0	0	0	0	0	0
2020-09-16	0	0	0	0	0	0	0	0
2020-09-17	0	0	0	0	0	0	0	0
2020-09-18	0	0	6.70027721466452	8.527822891704163	7.8843097928454835	7.477883087382723	6.857119224456153	7.2990019023586745
2020-09-19	0	0	0	0	0	0	0	0
2020-09-20	0	0	0	0	0	0	0	0
2020-09-21	0	0	0	0	0	0	0	0
2020-09-22	0	0	0	0	0	0	0	0
2020-09-23	0	0	0	0	0	0	0	0
2020-09-24	0	0	0	0	0	0	0	0
2020-09-25	0	0	6.659599221624992	8.612684760901956	8.094972176120605	7.636354248786236	6.956466853387005	7.311868824317989
2020-09-26	0	0	0	0	0	0	0	0
2020-09-27	0	0	0	0	0	0	0	0
2020-09-28	0	0	0	0	0	0	0	0
2020-09-29	0	0	0	0	0	0	0	0
2020-09-30	0	0	0	0	0	0	0	0
2020-10-01	0	0	0	0	0	0	0	0
2020-10-02	0	0	6.732755171036128	8.827537112521277	8.432395195758145	7.9141474532023315	7.192352066538973	7.398131015885616
2020-10-03	0	0	0	0	0	0	0	0
2020-10-04	0	0	0	0	0	0	0	0
2020-10-05	0	0	0	0	0	0	0	0
2020-10-06	0	0	0	0	0	0	0	0
2020-10-07	0	0	0	0	0	0	0	0
2020-10-08	0	0	0	0	0	0	0	0
2020-10-09	0	0	6.867852577875095	9.122861481520168	8.79064697258487	8.228596937430295	7.494240342765225	7.515391720230623
2020-10-10	0	0	0	0	0	0	0	0
2020-10-11	0	0	0	0	0	0	0	0
2020-10-12	0	0	0	0	0	0	0	0
2020-10-13	0	0	0	0	0	0	0	0
2020-10-14	0	0	0	0	0	0	0	0
2020-10-15	0	0	0	0	0	0	0	0
2020-10-16	0	0	6.994422971194346	9.394251498813928	9.080662191765668	8.49537241717205	7.748516942941639	7.607257466777988
2020-10-17	0	0	0	0	0	0	0	0
2020-10-18	0	0	0	0	0	0	0	0
2020-10-19	0	0	0	0	0	0	0	0
2020-10-20	0	0	0	0	0	0	0	0
2020-10-21	0	0	0	0	0	0	0	0
2020-10-22	0	0	0	0	0	0	0	0
2020-10-23	0	0	7.133442930309155	9.644455230907598	9.353096385204863	8.734834402624363	7.948016040002545	7.706134521831811
2020-10-24	0	0	0	0	0	0	0	0
2020-10-25	0	0	0	0	0	0	0	0
2020-10-26	0	0	0	0	0	0	0	0
2020-10-27	0	0	0	0	0	0	0	0
2020-10-28	0	0	0	0	0	0	0	0
2020-10-29	0	0	0	0	0	0	0	0
2020-10-30	0	0	7.336787018277594	9.927281343156729	9.65962740377612	9.001576352524157	8.180566503740312	7.863159796988587
2020-10-31	0	0	0	0	0	0	0	0
2020-11-01	0	0	0	0	0	0	0	0
2020-11-02	0	0	0	0	0	0	0	0
2020-11-03	0	0	0	0	0	0	0	0
2020-11-04	0	0	0	0	0	0	0	0
2020-11-05	0	0	0	0	0	0	0	0
2020-11-06	0	0	7.535961668363021	10.167425430111559	9.888136989778664	9.250453643663398	8.368981987747576	7.99324661595494
2020-11-07	0	0	0	0	0	0	0	0
2020-11-08	0	0	0	0	0	0	0	0
2020-11-09	0	0	0	0	0	0	0	0
2020-11-10	0	0	0	0	0	0	0	0
2020-11-11	0	0	0	0	0	0	0	0
2020-11-12	0	0	0	0	0	0	0	0
2020-11-13	0	0	7.619568434693193	10.229627942105386	9.943931417583967	9.360791468628875	8.357077787670002	7.983834083963015
2020-11-14	0	0	0	0	0	0	0	0
2020-11-15	0	0	0	0	0	0	0	0
2020-11-16	0	0	0	0	0	0	0	0
2020-11-17	0	0	0	0	0	0	0	0
2020-11-18	0	0	0	0	0	0	0	0
2020-11-19	0	0	0	0	0	0	0	0
2020-11-20	0	0	7.58738867095043	10.089554602108876	9.885865477199546	9.304897518051007	8.180095211759525	7.847567291440908
2020-11-21	0	0	0	0	0	0	0	0
2020-11-22	0	0	0	0	0	0	0	0
2020-11-23	0	0	0	0	0	0	0	0
2020-11-24	0	0	0	0	0	0	0	0
2020-11-25	0	0	0	0	0	0	0	0
2020-11-26	0	0	0	0	0	0	0	0
2020-11-27	0	0	7.601511365366045	9.968635339132337	9.857179839539953	9.264155983715892	8.081321067264875	7.76270136031144
2020-11-28	0	0	0	0	0	0	0	0
2020-11-29	0	0	0	0	0	0	0	0
2020-11-30	0	0	0	0	0	0	0	0
2020-12-01	0	0	0	0	0	0	0	0
2020-12-02	0	0	0	0	0	0	0	0
2020-12-03	0	0	0	0	0	0	0	0
2020-12-04	0	0	7.783356223815129	10.054419556874155	9.95316322519517	9.38831706718004	8.213108827568515	7.865982379866112
2020-12-05	0	0	0	0	0	0	0	0
2020-12-06	0	0	0	0	0	0	0	0
2020-12-07	0	0	0	0	0	0	0	0
2020-12-08	0	0	0	0	0	0	0	0
2020-12-09	0	0	0	0	0	0	0	0
2020-12-10	0	0	0	0	0	0	0	0
2020-12-11	0	0	8.122296034491958	10.35953509642713	10.199094614925636	9.662667410504197	8.558955207925202	8.171615515215462
2020-12-12	0	0	0	0	0	0	0	0
2020-12-13	0	0	0	0	0	0	0	0
2020-12-14	0	0	0	0	0	0	0	0
2020-12-15	0	0	0	0	0	0	0	0
2020-12-16	0	0	0	0	0	0	0	0
2020-12-17	0	0	0	0	0	0	0	0
2020-12-18	0	0	8.502114009168702	10.775907597271948	10.539565758415248	9.952981882146153	9.004439607351518	8.58541199494863
2020-12-19	0	0	0	0	0	0	0	0
2020-12-20	0	0	0	0	0	0	0	0
2020-12-21	0	0	0	0	0	0	0	0
2020-12-22	0	0	0	0	0	0	0	0
2020-12-23	0	0	0	0	0	0	0	0
2020-12-24	0	0	0	0	0	0	0	0
2020-12-25	0	0	8.770618045840846	11.12690390614178	10.840914086096856	10.125566123024349	9.384683844499051	8.958292622140737
2020-12-26	0	0	0	0	0	0	0	0
2020-12-27	0	0	0	0	0	0	0	0
2020-12-28	0	0	0	0	0	0	0	0
2020-12-29	0	0	0	0	0	0	0	0
2020-12-30	0	0	0	0	0	0	0	0
2020-12-31	0	0	0	0	0	0	0	0
2021-01-01	0	0	8.793234358675862	11.240740681315422	10.944654348128443	10.04048083537905	9.48455647045455	9.082382347826913
2021-01-02	0	0	0	0	0	0	0	0
2021-01-03	0	0	0	0	0	0	0	0
2021-01-04	0	0	0	0	0	0	0	0
2021-01-05	0	0	0	0	0	0	0	0
2021-01-06	0	0	0	0	0	0	0	0
2021-01-07	0	0	0	0	0	0	0	0
2021-01-08	0	0	8.692485735185365	11.267054482117869	10.900903300618708	9.814995838101163	9.429249941706255	9.031235489992307
2021-01-09	0	0	0	0	0	0	0	0
2021-01-10	0	0	0	0	0	0	0	0
2021-01-11	0	0	0	0	0	0	0	0
2021-01-12	0	0	0	0	0	0	0	0
2021-01-13	0	0	0	0	0	0	0	0
2021-01-14	0	0	0	0	0	0	0	0
2021-01-15	0	0	8.579934510727012	11.290120523170264	10.803912768881688	9.598132160730843	9.350942812085716	8.963703219841452
2021-01-16	0	0	0	0	0	0	0	0
2021-01-17	0	0	0	0	0	0	0	0
2021-01-18	0	0	0	0	0	0	0	0
2021-01-19	0	0	0	0	0	0	0	0
2021-01-20	0	0	0	0	0	0	0	0
2021-01-21	0	0	0	0	0	0	0	0
2021-01-22	0	0	8.39988301382495	11.12073404710072	10.59684470078862	9.332836890376555	9.156282549451644	8.83587963986469
2021-01-23	0	0	0	0	0	0	0	0
2021-01-24	0	0	0	0	0	0	0	0
2021-01-25	0	0	0	0	0	0	0	0
2021-01-26	0	0	0	0	0	0	0	0
2021-01-27	0	0	0	0	0	0	0	0
2021-01-28	0	0	0	0	0	0	0	0
2021-01-29	0	0	8.18310504925361	10.805867486113803	10.341334474041943	9.025715077209682	8.859083054458175	8.656962331574583
2021-01-30	0	0	0	0	0	0	0	0
2021-01-31	0	0	0	0	0	0	0	0
2021-02-01	0	0	0	0	0	0	0	0
2021-02-02	0	0	0	0	0	0	0	0
2021-02-03	0	0	0	0	0	0	0	0
2021-02-04	0	0	0	0	0	0	0	0
2021-02-05	0	0	8.025316547809195	10.536437694243881	10.11272602431261	8.775961444963638	8.57815073919599	8.523652079073164
2021-02-06	0	0	0	0	0	0	0	0
2021-02-07	0	0	0	0	0	0	0	0
2021-02-08	0	0	0	0	0	0	0	0
2021-02-09	0	0	0	0	0	0	0	0
2021-02-10	0	0	0	0	0	0	0	0
2021-02-11	0	0	0	0	0	0	0	0
2021-02-12	0	0	7.86688126504745	10.270418790426053	9.822240908387405	8.510058132119877	8.261651707538062	8.348170010762962
2021-02-13	0	0	0	0	0	0	0	0
2021-02-14	0	0	0	0	0	0	0	0
2021-02-15	0	0	0	0	0	0	0	0
2021-02-16	0	0	0	0	0	0	0	0
2021-02-17	0	0	0	0	0	0	0	0
2021-02-18	0	0	0	0	0	0	0	0
2021-02-19	0	0	7.669574094946829	9.955829862616707	9.431957465401494	8.221781698047192	7.874584846891986	8.090362255373593
2021-02-20	0	0	0	0	0	0	0	0
2021-02-21	0	0	0	0	0	0	0	0
2021-02-22	0	0	0	0	0	0	0	0
2021-02-23	0	0	0	0	0	0	0	0
2021-02-24	0	0	0	0	0	0	0	0
2021-02-25	0	0	0	0	0	0	0	0
2021-02-26	0	0	7.552521425963892	9.73564692013196	9.109553691284704	8.059230508531257	7.546056179135609	7.89142793695604
2021-02-27	0	0	0	0	0	0	0	0
2021-02-28	0	0	0	0	0	0	0	0
2021-03-01	0	0	0	0	0	0	0	0
2021-03-02	0	0	0	0	0	0	0	0
2021-03-03	0	0	0	0	0	0	0	0
2021-03-04	0	0	0	0	0	0	0	0
2021-03-05	0	0	7.548933839635188	9.657522468038643	8.903703416056675	8.030235283455214	7.343075901108787	7.793429124740416
2021-03-06	0	0	0	0	0	0	0	0
2021-03-07	0	0	0	0	0	0	0	0
2021-03-08	0	0	0	0	0	0	0	0
2021-03-09	0	0	0	0	0	0	0	0
2021-03-10	0	0	0	0	0	0	0	0
2021-03-11	0	0	0	0	0	0	0	0
2021-03-12	0	0	7.583544505178672	9.636836581238471	8.73389251505227	8.033968990525048	7.20977885053706	7.725533092169906
