2020-02-17	0	0	0	0	0	0	0	0
2020-02-18	0	0	0	0	0	0	0	0
2020-02-19	0	0	0	0	0	0	0	0
2020-02-20	0	0	0	0	0	0	0	0
2020-02-21	0	0	0	0	0	0	0	0
2020-02-22	0	0	0	0	0	0	0	0
2020-02-23	0	0	0	0	0	0	0	0
2020-02-24	0	0	0	0	0	0	0	0
2020-02-25	0	0	0	0	0	0	0	0
2020-02-26	0	0	0	0	0	0	0	0
2020-02-27	0	0	0	0	0	0	0	0
2020-02-28	0	0	0	0	0	0	0	0
2020-02-29	0	0	0	0	0	0	0	0
2020-03-01	0	0	0	0	0	0	0	0
2020-03-02	0	0	0	0	0	0	0	0
2020-03-03	0	0	0	0	0	0	0	0
2020-03-04	0	0	0	0	0	0	0	0
2020-03-05	0	0	0	0	0	0	0	0
2020-03-06	0	0	0	0	0	0	0	0
2020-03-07	0	0	0	0	0	0	0	0
2020-03-08	0	0	0	0	0	0	0	0
2020-03-09	0	0	0	0	0	0	0	0
2020-03-10	0	0	0	0	0	0	0	0
2020-03-11	0	0	0	0	0	0	0	0
2020-03-12	0	0	0	0	0	0	0	0
2020-03-13	0	0	0	0	0	0	0	0
2020-03-14	0	0	0	0	0	0	0	0
2020-03-15	0	0	0	0	0	0	0	0
2020-03-16	0	0	0	0	0	0	0	0
2020-03-17	0	0	0	0	0	0	0	0
2020-03-18	0	0	0	0	0	0	0	0
2020-03-19	0	0	0	0	0	0	0	0
2020-03-20	0	0	0	0	0	0	0	0
2020-03-21	0	0	0	0	0	0	0	0
2020-03-22	0	0	0	0	0	0	0	0
2020-03-23	0	0	0	0	0	0	0	0
2020-03-24	0	0	0	0	0	0	0	0
2020-03-25	0	0	0	0	0	0	0	0
2020-03-26	0	0	0	0	0	0	0	0
2020-03-27	0	0	0	0	0	0	0	0
2020-03-28	0	0	0	0	0	0	0	0
2020-03-29	0	0	0	0	0	0	0	0
2020-03-30	0	0	0	0	0	0	0	0
2020-03-31	0	0	0	0	0	0	0	0
2020-04-01	0	0	0	0	0	0	0	0
2020-04-02	0	0	0	0	0	0	0	0
2020-04-03	0	0	0	0	0	0	0	0
2020-04-04	0	0	0	0	0	0	0	0
2020-04-05	0	0	0	0	0	0	0	0
2020-04-06	0	0	0	0	0	0	0	0
2020-04-07	0	0	0	0	0	0	0	0
2020-04-08	0	0	0	0	0	0	0	0
2020-04-09	0	0	0	0	0	0	0	0
2020-04-10	0	0	0	0	0	0	0	0
2020-04-11	0	0	0	0	0	0	0	0
2020-04-12	0	0	0	0	0	0	0	0
2020-04-13	0	0	0	0	0	0	0	0
2020-04-14	0	0	0	0	0	0	0	0
2020-04-15	0	0	0	0	0	0	0	0
2020-04-16	0	0	0	0	0	0	0	0
2020-04-17	0	0	0	0	0	0	0	0
2020-04-18	0	0	0	0	0	0	0	0
2020-04-19	0	0	0	0	0	0	0	0
2020-04-20	0	0	0	0	0	0	0	0
2020-04-21	0	0	0	0	0	0	0	0
2020-04-22	0	0	0	0	0	0	0	0
2020-04-23	0	0	0	0	0	0	0	0
2020-04-24	0	0	0	0	0	0	0	0
2020-04-25	0	0	0	0	0	0	0	0
2020-04-26	0	0	0	0	0	0	0	0
2020-04-27	0	0	0	0	0	0	0	0
2020-04-28	0	0	0	0	0	0	0	0
2020-04-29	0	0	0	0	0	0	0	0
2020-04-30	0	0	0	0	0	0	0	0
2020-05-01	0	0	0	0	0	0	0	0
2020-05-02	0	0	0	0	0	0	0	0
2020-05-03	0	0	0	0	0	0	0	0
2020-05-04	0	0	0	0	0	0	0	0
2020-05-05	0	0	0	0	0	0	0	0
2020-05-06	0	0	0	0	0	0	0	0
2020-05-07	0	0	0	0	0	0	0	0
2020-05-08	0	0	0	0	0	0	0	0
2020-05-09	0	0	0	0	0	0	0	0
2020-05-10	0	0	0	0	0	0	0	0
2020-05-11	0	0	0	0	0	0	0	0
2020-05-12	0	0	0	0	0	0	0	0
2020-05-13	0	0	0	0	0	0	0	0
2020-05-14	0	0	0	0	0	0	0	0
2020-05-15	0	0	0	0	0	0	0	0
2020-05-16	0	0	0	0	0	0	0	0
2020-05-17	0	0	0	0	0	0	0	0
2020-05-18	0	0	0	0	0	0	0	0
2020-05-19	0	0	0	0	0	0	0	0
2020-05-20	0	0	0	0	0	0	0	0
2020-05-21	0	0	0	0	0	0	0	0
2020-05-22	0	0	0	0	0	0	0	0
2020-05-23	0	0	0	0	0	0	0	0
2020-05-24	0	0	0	0	0	0	0	0
2020-05-25	0	0	0	0	0	0	0	0
2020-05-26	0	0	0	0	0	0	0	0
2020-05-27	0	0	0	0	0	0	0	0
2020-05-28	0	0	0	0	0	0	0	0
2020-05-29	0	0	0	0	0	0	0	0
2020-05-30	0	0	0	0	0	0	0	0
2020-05-31	0	0	0	0	0	0	0	0
2020-06-01	0	0	0	0	0	0	0	0
2020-06-02	0	0	0	0	0	0	0	0
2020-06-03	0	0	0	0	0	0	0	0
2020-06-04	0	0	0	0	0	0	0	0
2020-06-05	0	0	0	0	0	0	0	0
2020-06-06	0	0	0	0	0	0	0	0
2020-06-07	0	0	0	0	0	0	0	0
2020-06-08	0	0	0	0	0	0	0	0
2020-06-09	0	0	0	0	0	0	0	0
2020-06-10	0	0	0	0	0	0	0	0
2020-06-11	0	0	0	0	0	0	0	0
2020-06-12	0	0	0	0	0	0	0	0
2020-06-13	0	0	0	0	0	0	0	0
2020-06-14	0	0	0	0	0	0	0	0
2020-06-15	0	0	0	0	0	0	0	0
2020-06-16	0	0	0	0	0	0	0	0
2020-06-17	0	0	0	0	0	0	0	0
2020-06-18	0	0	0	0	0	0	0	0
2020-06-19	0	0	0	0	0	0	0	0
2020-06-20	0	0	0	0	0	0	0	0
2020-06-21	0	0	0	0	0	0	0	0
2020-06-22	0	0	0	0	0	0	0	0
2020-06-23	0	0	0	0	0	0	0	0
2020-06-24	0	0	0	0	0	0	0	0
2020-06-25	0	0	0	0	0	0	0	0
2020-06-26	0	0	0	0	0	0	0	0
2020-06-27	0	0	0	0	0	0	0	0
2020-06-28	0	0	0	0	0	0	0	0
2020-06-29	0	0	0	0	0	0	0	0
2020-06-30	0	0	0	0	0	0	0	0
2020-07-01	0	0	0	0	0	0	0	0
2020-07-02	0	0	0	0	0	0	0	0
2020-07-03	0	0	0	0	0	0	0	0
2020-07-04	0	0	0	0	0	0	0	0
2020-07-05	0	0	0	0	0	0	0	0
2020-07-06	0	0	0	0	0	0	0	0
2020-07-07	0	0	0	0	0	0	0	0
2020-07-08	0	0	0	0	0	0	0	0
2020-07-09	0	0	0	0	0	0	0	0
2020-07-10	0	0	0	0	0	0	0	0
2020-07-11	0	0	0	0	0	0	0	0
2020-07-12	0	0	0	0	0	0	0	0
2020-07-13	0	0	0	0	0	0	0	0
2020-07-14	0	0	0	0	0	0	0	0
2020-07-15	0	0	0	0	0	0	0	0
2020-07-16	0	0	0	0	0	0	0	0
2020-07-17	0	0	0	0	0	0	0	0
2020-07-18	0	0	0	0	0	0	0	0
2020-07-19	0	0	0	0	0	0	0	0
2020-07-20	0	0	0	0	0	0	0	0
2020-07-21	0	0	0	0	0	0	0	0
2020-07-22	0	0	0	0	0	0	0	0
2020-07-23	0	0	0	0	0	0	0	0
2020-07-24	0	0	0	0	0	0	0	0
2020-07-25	0	0	0	0	0	0	0	0
2020-07-26	0	0	0	0	0	0	0	0
2020-07-27	0	0	0	0	0	0	0	0
2020-07-28	0	0	0	0	0	0	0	0
2020-07-29	0	0	0	0	0	0	0	0
2020-07-30	0	0	0	0	0	0	0	0
2020-07-31	0	0	0	0	0	0	0	0
2020-08-01	0	0	0	0	0	0	0	0
2020-08-02	0	0	0	0	0	0	0	0
2020-08-03	0	0	0	0	0	0	0	0
2020-08-04	0	0	0	0	0	0	0	0
2020-08-05	0	0	0	0	0	0	0	0
2020-08-06	0	0	0	0	0	0	0	0
2020-08-07	0	0	0	0	0	0	0	0
2020-08-08	0	0	0	0	0	0	0	0
2020-08-09	0	0	0	0	0	0	0	0
2020-08-10	0	0	0	0	0	0	0	0
2020-08-11	0	0	0	0	0	0	0	0
2020-08-12	0	0	0	0	0	0	0	0
2020-08-13	0	0	0	0	0	0	0	0
2020-08-14	0	0	0	0	0	0	0	0
2020-08-15	0	0	0	0	0	0	0	0
2020-08-16	0	0	0	0	0	0	0	0
2020-08-17	0	0	0	0	0	0	0	0
2020-08-18	0	0	0	0	0	0	0	0
2020-08-19	0	0	0	0	0	0	0	0
2020-08-20	0	0	0	0	0	0	0	0
2020-08-21	0	0	0	0	0	0	0	0
2020-08-22	0	0	0	0	0	0	0	0
2020-08-23	0	0	0	0	0	0	0	0
2020-08-24	0	0	0	0	0	0	0	0
2020-08-25	0	0	0	0	0	0	0	0
2020-08-26	0	0	0	0	0	0	0	0
2020-08-27	0	0	0	0	0	0	0	0
2020-08-28	0	0	0	0	0	0	0	0
2020-08-29	0	0	0	0	0	0	0	0
2020-08-30	0	0	0	0	0	0	0	0
2020-08-31	0	0	0	0	0	0	0	0
2020-09-01	0	0	0	0	0	0	0	0
2020-09-02	0	0	0	0	0	0	0	0
2020-09-03	0	0	0	0	0	0	0	0
2020-09-04	0	0	0	0	0	0	0	0
2020-09-05	0	0	0	0	0	0	0	0
2020-09-06	0	0	0	0	0	0	0	0
2020-09-07	0	0	0	0	0	0	0	0
2020-09-08	0	0	0	0	0	0	0	0
2020-09-09	0	0	0	0	0	0	0	0
2020-09-10	0	0	0	0	0	0	0	0
2020-09-11	0	0	0	0	0	0	0	0
2020-09-12	0	0	0	0	0	0	0	0
2020-09-13	0	0	0	0	0	0	0	0
2020-09-14	0	0	0	0	0	0	0	0
2020-09-15	0	0	0	0	0	0	0	0
2020-09-16	0	0	0	0	0	0	0	0
2020-09-17	0	0	0	0	0	0	0	0
2020-09-18	0	0	0	0	0	0	0	0
2020-09-19	0	0	0	0	0	0	0	0
2020-09-20	0	0	0	0	0	0	0	0
2020-09-21	0	0	0	0	0	0	0	0
2020-09-22	0	0	0	0	0	0	0	0
2020-09-23	0	0	0	0	0	0	0	0
2020-09-24	0	0	0	0	0	0	0	0
2020-09-25	0	0	0	0	0	0	0	0
2020-09-26	0	0	0	0	0	0	0	0
2020-09-27	0	0	0	0	0	0	0	0
2020-09-28	0	0	0	0	0	0	0	0
2020-09-29	0	0	0	0	0	0	0	0
2020-09-30	0	0	0	0	0	0	0	0
2020-10-01	0	0	0	0	0	0	0	0
2020-10-02	0	0	0	0	0	0	0	0
2020-10-03	0	0	0	0	0	0	0	0
2020-10-04	0	0	0	0	0	0	0	0
2020-10-05	0	0	0	0	0	0	0	0
2020-10-06	0	0	0	0	0	0	0	0
2020-10-07	0	0	0	0	0	0	0	0
2020-10-08	0	0	0	0	0	0	0	0
2020-10-09	0	0	0	0	0	0	0	0
2020-10-10	0	0	0	0	0	0	0	0
2020-10-11	0	0	0	0	0	0	0	0
2020-10-12	0	0	0	0	0	0	0	0
2020-10-13	0	0	0	0	0	0	0	0
2020-10-14	0	0	0	0	0	0	0	0
2020-10-15	0	0	0	0	0	0	0	0
2020-10-16	0	0	0	0	0	0	0	0
2020-10-17	0	0	0	0	0	0	0	0
2020-10-18	0	0	0	0	0	0	0	0
2020-10-19	0	0	0	0	0	0	0	0
2020-10-20	0	0	0	0	0	0	0	0
2020-10-21	0	0	0	0	0	0	0	0
2020-10-22	0	0	0	0	0	0	0	0
2020-10-23	0	0	0	0	0	0	0	0
2020-10-24	0	0	0	0	0	0	0	0
2020-10-25	0	0	0	0	0	0	0	0
2020-10-26	0	0	0	0	0	0	0	0
2020-10-27	0	0	0	0	0	0	0	0
2020-10-28	0	0	0	0	0	0	0	0
2020-10-29	0	0	0	0	0	0	0	0
2020-10-30	0	0	0	0	0	0	0	0
2020-10-31	0	0	0	0	0	0	0	0
2020-11-01	0	0	0	0	0	0	0	0
2020-11-02	0	0	0	0	0	0	0	0
2020-11-03	0	0	0	0	0	0	0	0
2020-11-04	0	0	0	0	0	0	0	0
2020-11-05	0	0	0	0	0	0	0	0
2020-11-06	0	0	0	0	0	0	0	0
2020-11-07	0	0	0	0	0	0	0	0
2020-11-08	0	0	0	0	0	0	0	0
2020-11-09	0	0	0	0	0	0	0	0
2020-11-10	0	0	0	0	0	0	0	0
2020-11-11	0	0	0	0	0	0	0	0
2020-11-12	0	0	0	0	0	0	0	0
2020-11-13	0	0	0	0	0	0	0	0
2020-11-14	0	0	0	0	0	0	0	0
2020-11-15	0	0	0	0	0	0	0	0
2020-11-16	0	0	0	0	0	0	0	0
2020-11-17	0	0	0	0	0	0	0	0
2020-11-18	0	0	0	0	0	0	0	0
2020-11-19	0	0	0	0	0	0	0	0
2020-11-20	0	0	0	0	0	0	0	0
2020-11-21	0	0	0	0	0	0	0	0
2020-11-22	0	0	0	0	0	0	0	0
2020-11-23	0	0	0	0	0	0	0	0
2020-11-24	0	0	0	0	0	0	0	0
2020-11-25	0	0	0	0	0	0	0	0
2020-11-26	0	0	0	0	0	0	0	0
2020-11-27	0	0	0	0	0	0	0	0
2020-11-28	0	0	0	0	0	0	0	0
2020-11-29	0	0	0	0	0	0	0	0
2020-11-30	0	0	0	0	0	0	0	0
2020-12-01	0	0	0	0	0	0	0	0
2020-12-02	0	0	0	0	0	0	0	0
2020-12-03	0	0	0	0	0	0	0	0
2020-12-04	0	0	0	0	0	0	0	0
2020-12-05	0	0	0	0	0	0	0	0
2020-12-06	0	0	0	0	0	0	0	0
2020-12-07	0	0	0	0	0	0	0	0
2020-12-08	0	0	0	0	0	0	0	0
2020-12-09	0	0	0	0	0	0	0	0
2020-12-10	0	0	0	0	0	0	0	0
2020-12-11	0	0	0	0	0	0	0	0
2020-12-12	0	0	0	0	0	0	0	0
2020-12-13	0	0	0	0	0	0	0	0
2020-12-14	0	0	0	0	0	0	0	0
2020-12-15	0	0	0	0	0	0	0	0
2020-12-16	0	0	0	0	0	0	0	0
2020-12-17	0	0	0	0	0	0	0	0
2020-12-18	0	0	0	0	0	0	0	0
2020-12-19	0	0	0	0	0	0	0	0
2020-12-20	0	0	0	0	0	0	0	0
2020-12-21	0	0	0	0	0	0	0	0
2020-12-22	0	0	0	0	0	0	0	0
2020-12-23	0	0	0	0	0	0	0	0
2020-12-24	0	0	0	0	0	0	0	0
2020-12-25	0	0	0	0	0	0	0	0
2020-12-26	0	0	0	0	0	0	0	0
2020-12-27	0	0	0	0	0	0	0	0
2020-12-28	0	0	0	0	0	0	0	0
2020-12-29	0	0	0	2.9100021170513912e-6	5.1680667722875384e-5	1.5628610633666717e-4	5.893086821173732e-5	9.310216700342266e-5
2020-12-30	0	0	0	2.1800118811254876e-5	1.0336267096033858e-4	2.6241721569886245e-4	5.7150816553885875e-5	2.186119477958215e-4
2020-12-31	0	0	0	1.744007603909914e-5	9.53622734907178e-5	1.804081367740018e-4	4.108042190020811e-5	2.9222134832918023e-4
2021-01-01	0	0	0	1.890008930338638e-5	8.008160326578029e-5	1.7831794932288147e-4	4.644053918090307e-5	3.6383309362997274e-4
2021-01-02	0	0	0	1.3080042771784761e-5	4.732055980882777e-5	9.413221521858972e-5	2.5000156252064087e-5	2.4481498359407716e-4
2021-01-03	0	0	0	2.9100021170513912e-6	8.740019096897811e-6	9.910024552084451e-6	1.7900008009164026e-6	0
2021-01-04	0	0	0	1.3080042771784761e-5	7.20812989285502e-5	1.0758289351975314e-4	1.7860079745579682e-5	5.460745493535146e-4
2021-01-05	0	0	0	4.215044416500113e-5	2.454050559104193e-4	3.596223320554426e-4	1.2146368835685983e-4	0.015565571756023022
2021-01-06	0	0	0	1.2210372733001407e-4	3.4161917591535307e-4	5.276195956094298e-4	1.3040425131727318e-4	0.020124650388313015
2021-01-07	0	0	0	9.595230171099978e-5	3.1623500114408287e-4	5.952185712869706e-4	1.4471523562487043e-4	0.01789021494771892
2021-01-08	0	0	0	7.270132137060514e-5	2.3688402851074208e-4	4.5375147259973936e-4	1.375947330777283e-4	0.009903318931464566
2021-01-09	0	0	0	6.834116762877152e-5	1.7787791013779142e-4	4.014702945993598e-4	1.8765880395665846e-4	0.01121031780632964
2021-01-10	0	0	0	8.870196700971889e-5	3.4928049921667537e-4	5.492454176321271e-4	1.7338751580764367e-4	0.009758708095925384
2021-01-11	0	0	0	2.2251237793957657e-4	7.163782994670242e-4	0.0013720106032737434	3.8618728515471545e-4	0.009290578713206488
2021-01-12	0	0	1.5062265672494135e-6	1.701972417751385e-4	6.124837840963959e-4	0.0011590758642148202	3.7202460057583764e-4	0.03556705382952807
2021-01-13	0	0	0	3.026328966675429e-4	9.876738749208247e-4	0.0016611098214598385	4.544816383900141e-4	0.02660333434962947
2021-01-14	0	0	0	1.3534457953889856e-4	7.626554108188799e-4	0.001019699946995356	3.2041566654972264e-4	0.0058359144744382085
2021-01-15	0	0	0	0	0	0	0	0
2021-01-16	0	0	0	1.4600005329157284e-6	4.390004818111137e-6	7.100001260251787e-7	0	0
2021-01-17	0	0	0	5.820008468271354e-6	2.4880154755546613e-5	4.496050536184626e-5	5.3700072093487705e-6	0
2021-01-18	0	0	0	1.1640033872550859e-5	2.6340173451266935e-5	4.353047372562813e-5	3.5800032041066743e-6	0
2021-01-19	0	0	0	1.3245438604103654e-4	3.3878869444481374e-4	3.925685275121271e-4	1.1996359781618615e-4	0.0019012036438237345
2021-01-20	0	0	0	3.6541338173479154e-4	0.001290056061160172	0.0022052257551579135	9.278052056249653e-4	0.011101510885987986
2021-01-21	0	0	0	4.1070216906802237e-4	0.0012506610382581052	0.002013833881725713	8.031512629878002e-4	0.008387788750028768
2021-01-22	0	0	0	7.284132646456776e-5	3.258265407337646e-4	5.241886934466145e-4	1.2019361162596276e-4	0.00199459460190643
2021-01-23	0	0	0	6.702112295786655e-5	3.061134263575571e-4	4.0463093154774477e-4	9.68823465472557e-5	0.0014052937126045606
2021-01-24	0	0	0	2.9140212288059075e-5	1.064728341160226e-4	1.2057363450024283e-4	1.4350051481093473e-5	1.2030361824000302e-4
2021-01-25	0	0	0	1.2968420449821494e-4	4.876494504966189e-4	6.159148377717916e-4	1.5251581526842806e-4	4.890597948707942e-4
2021-01-26	0	0	0	3.4539982525982893e-4	0.0010604311285447032	0.0016330867430776053	3.804761905328302e-4	0.0012405847626384414
2021-01-27	0	0	0	4.782071705244917e-4	0.001670928000095273	0.0024076892418714024	7.218002488997843e-4	0.0068307648370646845
2021-01-28	0	0	0	8.28581636882264e-4	0.002324140407158115	0.0034346091349775065	0.001326249734589613	0.045066446141966754
2021-01-29	0	0	0	9.621614386585708e-4	0.00272214251496794	0.003508056615304067	0.0017834751959435735	0.05143652913229424
2021-01-30	0	0	0	8.973112918886361e-4	0.002295877763676346	0.0033305631627453813	0.002556994555289016	0.04502255767489727
2021-01-31	0	0	0	4.4315909749648164e-4	0.0011936962276710705	0.0015370806542343018	6.125638086049712e-4	0.017877501262850704
2021-02-01	0	0	0	7.170285324791248e-4	0.0018933461899488524	0.0025474123273914184	8.534721036579374e-4	0.008864344149299264
2021-02-02	0	0	0	0.0010500356437133096	0.0029493346437101664	0.004279608762790543	0.0019387596972908483	0.03385158240787933
2021-02-03	0	0	0	0.001362043790821943	0.0034590913282042113	0.00482964135891395	0.0029952829299575434	0.06171085748281602
2021-02-04	0	0	0	0.0011245261397596629	0.0028895373565336335	0.004303319639981096	0.004215642911288953	0.03430602585244724
2021-02-05	0	0	0	0.0014183629383561769	0.0035872971752559657	0.005089606022365745	0.005298759212297499	0.04766959763466261
2021-02-06	0	0	0	0.00142479751198743	0.0035042699770180263	0.004297717594129669	0.003560779788174928	0.070032539134403
2021-02-07	0	0	0	7.575134566593089e-4	0.0016920057208398287	0.001950571181984051	0.001400610427392257	0.019797283104580732
2021-02-08	0	0	0	0.0013010131588098162	0.0027193286871272093	0.002928914635235147	0.001984194256712035	0.019501577885001176
2021-02-09	0	0	0	0.0014150005566437862	0.0032801498457526446	0.0037925558700067086	0.003518965780040295	0.05621101968346376
2021-02-10	0	0	0	0.0016108487083903444	0.0037095702278187037	0.004328213357717381	0.005401744711482026	0.07115350533019349
2021-02-11	0	0	0	0.001915837608435611	0.004350752261309765	0.005148847658051459	0.008760898334908562	0.0782891996973114
2021-02-12	0	0	1.5062288671874313e-6	0.002024965120935196	0.004289640253375859	0.005901537034843418	0.014699972296378538	0.12721501501106647
2021-02-13	0	0	1.506231067205377e-6	0.0017492849995024429	0.0034355407350354916	0.004347815875722194	0.02121067316401759	0.18583561935529125
2021-02-14	0	0	0	9.713558830628521e-4	0.0018160044680570753	0.002210341402278715	0.005017563987091078	0.030087514634216106
2021-02-15	0	0	0	0.0011513013737132205	0.0022940056154407973	0.0027615064795090127	0.006472252513148424	0.05004400049642155
2021-02-16	0	0	0	0.0013617235727720889	0.002917758328415676	0.0037643926630304136	0.01063643342902254	0.0732283996280203
2021-02-17	0	0	0	0.0012947791132380537	0.002524723557260078	0.0035801744122054835	0.015261538640418237	0.08523150224367848
2021-02-18	0	0	0	0.0013952967132293548	0.0029399708571602456	0.004438204414606517	0.020668547210952903	0.10370297685199104
2021-02-19	0	0	0	0.0015427250001065484	0.0033862767175019126	0.0050725627231451575	0.030075524290334554	0.20998402241767677
2021-02-20	0	0	0	0.0014069148523505604	0.003156530921865075	0.005604241881767447	0.04456591008543587	0.23153264095714787
2021-02-21	0	0	0	9.33637919941388e-4	0.001947368060590815	0.003215014078881806	0.0227664983619158	0.10689852358622898
2021-02-22	0	0	0	7.915266286009359e-4	0.0018371337651177377	0.0027665634683562423	0.020439230536228425	0.10541730188413267
2021-02-23	0	0	0	7.590140255726574e-4	0.001547788912629633	0.002981552413698907	0.02732616989021719	0.08824384400101914
2021-02-24	0	0	0	0.0010415011811775177	0.0023670607441417246	0.004436159878617119	0.058735628514240634	0.14784007170007052
2021-02-25	0	0	0	0.0010923883280649083	0.002601331731694634	0.0050299952129606584	0.05683712468563251	0.14619828460538975
2021-02-26	0	0	0	0.0012567648644812301	0.0028493797412274535	0.005538799575183662	0.05918667564343005	0.12963447422702967
2021-02-27	0	0	0	0.0011463885516778127	0.002670052294814207	0.006628343735167963	0.10239722807959617	0.11144097259312535
2021-02-28	0	0	0	6.207063190837303e-4	0.0013321336450120569	0.00284270023615818	0.03963614601778587	0.05021067804749735
2021-03-01	0	3.81826964490628e-6	0	7.604945880046454e-4	0.0016305446689792724	0.003522942781460481	0.04374019107890481	0.07255153116873192
2021-03-02	0	0	0	7.413574026995384e-4	0.0017209804434217268	0.004162411417201417	0.06626188950002865	0.09260303030543748
2021-03-03	0	0	1.5062333671433947e-6	0.0010909575470923194	0.0023548763606684453	0.006214685579212231	0.0961512034827976	0.1384670832886139
2021-03-04	0	0	0	0.0011027840331558902	0.0027204001442362458	0.006910458609548531	0.11726620044149616	0.13701282881497012
2021-03-05	0	0	0	0.0013702093684282435	0.0031204743400268242	0.008824307098944217	0.13325700751281788	0.14259869710393502
2021-03-06	0	0	0	0.001428450117434421	0.0029975863810278724	0.007877654359552011	0.18736854269821301	0.10026833473777153
2021-03-07	0	0	0	4.5283126403838914e-4	0.0010541578121732176	0.0021203139327934384	0.05132333107824172	0.01794783116084453
2021-03-08	0	0	0	8.497105019842355e-4	0.001615372356962963	0.003481490193491865	0.05474096326478928	0.03680658110312529
2021-03-09	0	0	0	0.0014338940130100841	0.002979449279502333	0.011918080158667133	0.10777953715746968	0.0503802422010593
2021-03-10	0	0	0	0.002086208066023776	0.004982526392312447	0.021501276219769716	0.11297988352005106	0.059775476909952996
2021-03-11	0	0	0	0.001704176054005746	0.004352676448065473	0.014755974697316931	0.098042029907075	0.0514672186488625
2021-03-12	0	0	0	0.001834561403886159	0.0043750252114000965	0.015351114176615832	0.07768679971238823	0.04540674307926662
2021-03-13	0	3.818283644818621e-6	0	0.0017794616209150238	0.004671605975597792	0.01643144812184527	0.08154093085101244	0.02654799906356975
2021-03-14	0	0	0	5.699011968436363e-4	0.0015109207203558572	0.0031886719071327896	0.035695990942338884	0.007111844583344462
2021-03-15	0	0	0	7.012429354136263e-4	0.001608606904042853	0.0035115026627374757	0.05000975387054818	0.022344620516506764
2021-03-16	0	0	0	0.0015055666827590297	0.003869743729132402	0.012879178308475403	0.06754380127258774	0.03506956866152633
2021-03-17	0	0	0	0.0026904896836845715	0.006467577389321688	0.021037837653281377	0.10136747104659549	0.05255531529134316
2021-03-18	0	0	1.5062356670814125e-6	0.0027303136531611205	0.00677033937380922	0.021072724934036335	0.0790468407584739	0.05067262882808721
2021-03-19	0	0	0	0.002986579914896925	0.007484283625346144	0.025162497824188	0.10088943976397191	0.05830321625646184
2021-03-20	0	0	0	0.0028489190849882995	0.007394248728564978	0.021739258843769038	0.11457509298301671	0.04119863181587502
2021-03-21	0	0	0	7.560629077800751e-4	0.0019346056747793217	0.008022670811738353	0.033665867661347715	0.007887352582690799
2021-03-22	0	0	0	8.379455381812839e-4	0.0021569230792923832	0.007907783259017975	0.025582860690274378	0.016804598633810786
2021-03-23	0	0	0	7.55712775449835e-4	0.002326763457046299	0.0100315178375312	0.03591082687165148	0.029263386446580553
2021-03-24	0	0	0	0.001280990233994972	0.0043050834358473455	0.015397530990148178	0.032863492281229645	0.03721534548489003
2021-03-25	0	0	0	0.0016716586106275688	0.005782800194522597	0.023004532124567545	0.06875146084197636	0.06701546824605975
2021-03-26	0	0	0	0.0023770225590615812	0.006917171816484657	0.023799281449376597	0.07606319230594272	0.06227277461454861
2021-03-27	0	0	0	0.0032180088953126518	0.009297892702175403	0.03289740989444079	0.0928120386285991	0.0474404490515532
2021-03-28	0	0	0	8.70189307357716e-4	0.0025090137875465324	0.010825377197869024	0.021090643814123622	0.012239451040442884
2021-03-29	0	0	0	0.0012456779283751551	0.002877730332967232	0.014961179220920107	0.05175318812014984	0.026400040535063285
2021-03-30	0	0	0	0.0011237457011001872	0.0031235791867338936	0.018283319947071774	0.036998981151563415	0.03782844786700679
2021-03-31	0	0	0	0.0012232740998809888	0.0032209235871887287	0.014725419494824754	0.03503812759636471	0.03848874589004714
2021-04-01	0	0	0	9.454834847548721e-4	0.001839886295394999	0.011306227696179505	0.019183188682002417	0.028020892605603587
2021-04-02	0	0	1.5062378670993581e-6	0.0018121709909251216	0.004711269013930375	0.028148271294213156	0.05605269618747122	0.056299817358654414
2021-04-03	0	0	0	0.003922576651897547	0.009501258478167296	0.05861381482199679	0.08821107859680288	0.047158378157614145
2021-04-04	0	0	0	0.001284122242483532	0.003543308759240693	0.027619205122905166	0.021894300094153163	0.013045143945137339
2021-04-05	0	0	0	0.0016537437170704994	0.004721052083193067	0.03868679706682232	0.05030030004618413	0.030979126570771953
2021-04-06	0	0	0	0.0018488145287904878	0.004853960232484633	0.04483642628039952	0.030649101861224937	0.038374653507964096
2021-04-07	0	0	0	0.00195661708760686	0.0050456245818553125	0.050018071878613624	0.03776414261689731	0.030584452178768817
2021-04-08	0	0	0	0.0025880745324464716	0.006221597067517681	0.061562309487354305	0.04182701479159401	0.05083494798413746
2021-04-09	0	0	1.5062401672594206e-6	0.0022801397593306127	0.006286048601755967	0.07426685130052357	0.04021080725502513	0.05093263328329267
2021-04-10	0	0	1.5062424671974384e-6	0.0034095863197178833	0.008149654215959812	0.11623017329611107	0.046421017721576696	0.03622394352105407
2021-04-11	0	0	0	0.001290596409773359	0.003681037509286167	0.04575175578945445	0.014769041144078843	0.007148976967922049
2021-04-12	0	0	0	0.0010762895998255306	0.0029542018271089265	0.0336755506783728	0.014826889160544754	0.019469767966164175
2021-04-13	0	0	0	0.0015472885254452784	0.004337673853615165	0.04278553040296584	0.019315593033559564	0.03018315572233976
2021-04-14	0	0	0	0.0025840192889212688	0.005437030324688008	0.0468189024056167	0.024055516974224256	0.03479680439909716
2021-04-15	0	0	0	0.0025923500697209167	0.0070067937898032895	0.058516979214085385	0.026159256677479537	0.05100774757825177
2021-04-16	0	0	1.506244667215384e-6	0.0026531297743999094	0.008030964096078064	0.07043368603201405	0.023700326367481317	0.048602039562406496
2021-04-17	0	0	1.5062469671534018e-6	0.0029673012191313575	0.00891373366194892	0.08621036683756689	0.02623064164021427	0.05456441895394537
2021-04-18	0	0	0	0.0016932868050509864	0.005231702678228256	0.05335658118904574	0.011989356165314602	0.017177970669076892
2021-04-19	0	0	0	0.0015477488816502127	0.005190054165560287	0.04065753886667389	0.01668086279590386	0.02484066465512713
2021-04-20	0	0	0	0.0016872216792487293	0.0050720213501440625	0.03626255319098215	0.01825001576889118	0.050428252153822406
2021-04-21	0	0	0	0.0022725010652728805	0.006213261153540595	0.03804537259395313	0.02009707308666253	0.05804758039750113
2021-04-22	0	0	1.5062492670914196e-6	0.0019625629132971056	0.004522443122950026	0.028675683709045385	0.01656412253887063	0.04497058845653168
2021-04-23	0	0	0	0.001147399131191662	0.0031025063864695834	0.01996604069526109	0.008843481792553787	0.015083578585737945
2021-04-24	0	0	0	9.757880405751873e-4	0.0027038977657820595	0.016139521034808313	0.0047627208775393726	0.019782840191510775
2021-04-25	0	0	0	7.204397583613353e-4	0.0018958285414645282	0.011331862778507729	0.004853960232484633	0.00956105343570024
2021-04-26	0	0	0	2.3807416982757346e-4	0.0012001901140774596	0.005026376114210418	0.003090077144189296	0.00253580758002081
2021-04-27	0	0	0	5.079344993639268e-4	0.002809403186566195	0.010744390481705945	0.00641126608319742	0.0229981284783769
2021-04-28	0	0	0	8.364949309422887e-4	0.003381258226799133	0.013901563366004899	0.012089740456073805	0.06126061576084951
2021-04-29	0	0	0	7.87154903210352e-4	0.00327124526139011	0.014926328823033241	0.013507966288311524	0.06468751877119328
2021-04-30	0	0	1.5062514671093652e-6	5.457344565242828e-4	0.0034642903268671255	0.01550076845567916	0.015124709207150255	0.07038750004048744
2021-05-01	0	0	0	5.343413801774943e-4	0.005538047492507303	0.02569724712748278	0.014775317501819929	0.06387717331776699
2021-05-02	0	0	0	1.603764301498778e-4	0.0017470830748176347	0.008638013820691626	0.0044725609503637465	0.02111415185210852
2021-05-03	0	0	0	1.1361322699121601e-4	7.381562186508095e-4	0.003190454750378491	0.004492645966946096	0.02296929715292495
2021-05-04	0	0	0	1.7211740610023618e-4	0.0013092185132788092	0.008845812097918015	0.006365439705661613	0.034288220516547785
2021-05-05	0	0	0	3.309373798872084e-4	0.0011106583905151624	0.017037307461383433	0.007152459418934942	0.04673370991049963
2021-05-06	0	0	0	2.9426164747925476e-4	0.0021684455390140744	0.029269130500057416	0.007504720206343851	0.055339001265259036
2021-05-07	0	0	0	4.013902785389156e-4	0.0016780339494839591	0.033680219292904656	0.0058954791686569585	0.04439513193487876
2021-05-08	0	0	1.506253767047383e-6	3.329477135449732e-4	0.0034161575330726723	0.052902673208141904	0.007149127506024255	0.0508156577686143
2021-05-09	0	0	0	2.945616916474325e-4	0.0013517367980928618	0.02709939429275865	0.002754606964882722	0.009872164910002423
2021-05-10	0	0	0	9.207211931872017e-5	4.968417129218583e-4	0.03158853894822067	0.0041447647687469225	0.022733199590909914
2021-05-11	0	0	0	1.9253926784235098e-4	0.0012679719382089338	0.027964574354709892	0.005319674734820978	0.05059362881927565
2021-05-12	0	0	0	3.935387181808192e-4	0.003822903648075693	0.03402541216830568	0.009388084030440558	0.06936248871001172
2021-05-13	0	0	0	3.6521334519679094e-4	0.0026450390579044747	0.03375117546125406	0.007280009635071805	0.061553302254611975
2021-05-14	0	0	1.5062560672074454e-6	2.7148842649138416e-4	0.004840958720333077	0.030957064967855885	0.0077284321659358834	0.03478530434967486
2021-05-15	0	0	0	3.989797962193897e-4	0.0049520306518942014	0.043899164153340386	0.0077089971593005124	0.04544726343851235
2021-05-16	0	0	0	2.8677055933834517e-4	0.0034006711410523582	0.016077239406735444	0.00287977327352662	0.024272792109194086
2021-05-17	0	0	0	1.492955722919298e-4	0.0015601985548827635	0.01641105064582482	0.004414040939353603	0.034915370779161625
2021-05-18	0	0	0	4.379079408411979e-4	0.005639952265388937	0.018197285298054755	0.005321519642827344	0.04926229338744781
2021-05-19	0	0	1.506258267225391e-6	5.472148610259353e-4	0.008187488742979143	0.016532077395754907	0.0077052828459338585	0.05319739059143447
2021-05-20	0	0	0	7.020532196808649e-4	0.007634531517874299	0.01942557827280833	0.00801082332257641	0.053266119881816065
2021-05-21	0	0	1.5062605671634088e-6	4.8402857091445206e-4	0.006120786005330725	0.02312912915385379	0.007827818686346522	0.04242905620255999
2021-05-22	0	0	0	4.069013921856879e-4	0.009433176203320848	0.01575075154354666	0.0050623568642553796	0.028370217307518875
2021-05-23	0	0	0	1.160533670960806e-4	0.004910959380509228	0.01085812471809855	0.0025841394441667997	0.021044720060607425
2021-05-24	0	0	0	3.869037423620547e-5	0.005113867911253456	0.008468900569212678	0.0013367867497036112	0.009892867205385958
2021-05-25	0	0	0	8.07516302063771e-5	0.006516847324763431	0.009435497151624617	0.00351568000146818	0.040272569973058836
2021-05-26	0	0	0	1.8001810162915355e-4	0.008769767204203971	0.009636405075695853	0.004116696798131869	0.04727144743566569
2021-05-27	0	0	0	6.32770099499691e-4	0.008320226542429365	0.010343155214950217	0.005654372983459055	0.08151601518282159
2021-05-28	0	0	0	5.77593403534804e-4	0.007958313689193863	0.01434586093146617	0.004412016472338021	0.043873725957344956
2021-05-29	0	0	0	5.273695296552638e-4	0.01307527067581149	0.021001253158557498	0.006224034651836741	0.0416712227003353
2021-05-30	0	0	0	2.848802891948221e-4	0.006392967508390912	0.010751780194336868	0.0025714631056259485	0.021622280756275813
2021-05-31	0	0	0	4.013202644885805e-4	0.00567281520809626	0.010924043682594808	0.001976246387445979	0.03771826691476332
2021-06-01	0	0	0	0.001510190168586334	0.010120124228600647	0.01330266019204629	0.004652170672992728	0.055566406379482514
2021-06-02	0	0	0	0.002083965728289172	0.01493713953436715	0.014359156342718782	0.007622375150734495	0.058836431415425494
2021-06-03	0	0	0	0.002886613133846083	0.017659918177509004	0.014560099121607717	0.005932659111032024	0.09723548487996014
2021-06-04	0	0	1.5062628671014267e-6	0.00161346081394953	0.018011745746206564	0.017252663600326512	0.008342700161496186	0.09875546023137782
2021-06-05	1.6287507320633665e-5	0	0	0.0017692425548043733	0.025068527771153315	0.023718451232213722	0.006638798411085833	0.10627171959649928
2021-06-06	0	0	0	8.502007103119436e-4	0.008575585165231603	0.008227472827280868	0.0020471276829374663	0.02462712380674814
2021-06-07	0	0	0	6.428533150961702e-4	0.008437728816896861	0.009057971712888024	0.003926123611653454	0.08047193300019706
2021-06-08	0	0	1.506265167261489e-6	0.0013242884349646822	0.014275195300214927	0.010503118876533657	0.0053768375956324554	0.10386424536638206
2021-06-09	0	0	1.50626736705739e-6	0.0034741975120882174	0.029927869340820257	0.01590733079324136	0.010374216089869881	0.20534705304897471
2021-06-10	0	0	0	0.0030776579946829585	0.029949909266264285	0.015736196973799466	0.009477867493054015	0.22805620856642284
2021-06-11	0	0	0	0.0020506913337365873	0.021480856802239545	0.014877222940606227	0.006251169279339663	0.2019797553976206
2021-06-12	0	0	0	7.289728503541149e-4	0.01884358012801024	0.016163524884170277	0.007217232109831828	0.14053039820490754
2021-06-13	0	0	1.5062696672174525e-6	7.916066602762228e-4	0.010348241525668378	0.005397994586388677	0.002047748318293685	0.0597149693923833
2021-06-14	0	0	0	4.763367241686911e-4	0.00811043478811313	0.0052649198452443535	0.0028919909028455315	0.15157721286497883
2021-06-15	0	0	0	0.001348834838855728	0.01671132711347334	0.007627223635094937	0.006086300764248209	0.36203577572646606
2021-06-16	0	0	0	0.002508342946083708	0.023124374170190753	0.009371988542309362	0.007633798720727114	0.38192027390489813
2021-06-17	0	0	0	0.002323769976726231	0.025652674932801878	0.023366943512276528	0.015892523072401632	1.6666665333333603
2021-06-18	0	0	1.8649798696479536e-6	0.005063138843737658	0.06478292690458098	0.04295418551327734	0	0
2021-06-19	0	0	1.944703945433446e-6	0.005306720320139124	0.07228843443838828	0.04682382771036231	0	0
2021-06-20	0	0	1.924136525444098e-6	0.005278525708413584	0.08151930945344144	0.02339118690622044	0	0
2021-06-21	0	0	1.9770785770756305e-6	0.005452733074495342	0.09594781584117285	0	0	0
2021-06-22	0	0	1.9555017558570142e-6	0.005422701422679976	0.10494775797604983	0	0	0
2021-06-23	0	0	1.951054051652079e-6	0.005439837959255733	0.11698918749785192	0	0	0
2021-06-24	0	0	1.946049446699405e-6	0.0054555307038151035	0.1321549100634709	0	0	0
2021-06-25	0	0	1.8653438698112978e-06	0.005257660749138138	0.14574526021908185	0	0	0
2021-06-26	0	0	1.772769885555192e-6	0.005022797122734124	0.16181658151315048	0	0	0
2021-06-27	0	0	1.5725732183113905e-6	0.004477421826553307	0.17030385036203355	0	0	0
2021-06-28	0	0	1.6240373594822444e-6	0.004644913806066464	0.2124811945045164	0	0	0
2021-06-29	0	0	1.2793784092135496e-6	0.024755913817231523	0.12627241040753212	0	0	0
2021-06-30	0	0	7.127816270546816e-7	0.03353751116376502	0	0	0	0
2021-07-01	0	0	4.1361024272212887e-07	0.02006232421320897	0	0	0	0
2021-07-02	0	0	2.489271155869943e-7	0.012296239375696016	0	0	0	0
2021-07-03	0	0	0	0	0	0	0	0
2021-07-04	0	0	0	0	0	0	0	0
2021-07-05	0	0	1.3516030450411165e-7	0.006749980559388025	0	0	0	0
2021-07-06	0	0	9.842646422342227e-7	0.05003038998039755	0	0	0	0
2021-07-07	0	0	9.970789485169718e-7	0.05336073192797208	0	0	0	0
2021-07-08	0	0	9.672570338015163e-7	0.054659495101178956	0	0	0	0
2021-07-09	0	0	3.652210045501647e-8	0.0021528086462667684	0	0	0	0
2021-07-10	0	0	0	0	0	0	0	0
2021-07-11	0	0	0	0	0	0	0	0
2021-07-12	0	0	0	0	0	0	0	0
2021-07-13	0	0	1.769362079073744e-7	0.010473875517086784	0	0	0	0
2021-07-14	0	0	4.7166385552799284e-7	0.028342189932543116	0	0	0	0
2021-07-15	0	0	4.2826584589761296e-7	0.026467076535078293	0	0	0	0
2021-07-16	0	0	4.7634075661662223e-7	0.030261905734673578	0	0	0	0
2021-07-17	0	0	6.688733118487278e-7	0.0439609001862975	0	0	0	0
2021-07-18	0	0	6.451655041317395e-7	0.04433425146320058	0	0	0	0
2021-07-19	0	0	8.297081721675426e-7	0.059864942845472946	0	0	0	0
2021-07-20	0	0	8.640839865847738e-7	0.06636139881310799	0	0	0	0
2021-07-21	0	0	7.409597373442267e-7	0.06079232674785451	0	0	0	0
2021-07-22	0	0	7.20694029787694e-7	0.06292912881330026	0	0	0	0
2021-07-23	0	0	7.324984341305907e-7	0.06827573396201303	0	0	0	0
2021-07-24	0	0	7.012487228674757e-7	0.07009748432725238	0	0	0	0
2021-07-25	0	0	6.434980035496807e-7	0.06906409220813337	0	0	0	0
2021-07-26	0	0	7.956658583108123e-7	0.09215490146605454	0	0	0	0
2021-07-27	0	0	8.426193773836133e-7	0.10767650757065317	0	0	0	0
