2020-02-17	0	0	0	0	0	0	0	0
2020-02-18	0	0	0	0	0	0	0	0
2020-02-19	0	0	0	0	0	0	0	0
2020-02-20	0	0	0	0	0	0	0	0
2020-02-21	0	0	0	0	0	0	0	0
2020-02-22	0	0	0	0	0	0	0	0
2020-02-23	0	0	0	0	0	0	0	0
2020-02-24	0	0	0	0	0	0	0	0
2020-02-25	0	0	0	0	0	0	0	0
2020-02-26	0	0	0	0	0	0	0	0
2020-02-27	0	0	0	0	0	0	0	0
2020-02-28	0	0	0	0	0	0	0	0
2020-02-29	0	0	0	0	0	0	0	0
2020-03-01	0	0	0	0	0	0	0	0
2020-03-02	0	0	0	0	0	0	0	0
2020-03-03	0	0	0	0	0	0	0	0
2020-03-04	0	0	0	0	0	0	0	0
2020-03-05	0	0	0	0	0	0	0	0
2020-03-06	0	0	0	0	0	0	0	0
2020-03-07	0	0	0	0	0	0	0	0
2020-03-08	0	0	0	0	0	0	0	0
2020-03-09	0	0	0	0	0	0	0	0
2020-03-10	0	0	0	0	0	0	0	0
2020-03-11	0	0	0	0	0	0	0	0
2020-03-12	0	0	0	0	0	0	0	0
2020-03-13	0	0	0	0	0	0	0	0
2020-03-14	0	0	0	0	0	0	0	0
2020-03-15	0	0	0	0	0	0	0	0
2020-03-16	0	0	0	0	0	0	0	0
2020-03-17	0	0	0	0	0	0	0	0
2020-03-18	0	0	0	0	0	0	0	0
2020-03-19	0	0	0	0	0	0	0	0
2020-03-20	0	0	0	0	0	0	0	0
2020-03-21	0	0	0	0	0	0	0	0
2020-03-22	0	0	0	0	0	0	0	0
2020-03-23	0	0	0	0	0	0	0	0
2020-03-24	0	0	0	0	0	0	0	0
2020-03-25	0	0	0	0	0	0	0	0
2020-03-26	0	0	0	0	0	0	0	0
2020-03-27	0	0	0	0	0	0	0	0
2020-03-28	0	0	0	0	0	0	0	0
2020-03-29	0	0	0	0	0	0	0	0
2020-03-30	0	0	0	0	0	0	0	0
2020-03-31	0	0	0	0	0	0	0	0
2020-04-01	0	0	0	0	0	0	0	0
2020-04-02	0	0	0	0	0	0	0	0
2020-04-03	0	0	0	0	0	0	0	0
2020-04-04	0	0	0	0	0	0	0	0
2020-04-05	0	0	0	0	0	0	0	0
2020-04-06	0	0	0	0	0	0	0	0
2020-04-07	0	0	0	0	0	0	0	0
2020-04-08	0	0	0	0	0	0	0	0
2020-04-09	0	0	0	0	0	0	0	0
2020-04-10	0	0	0	0	0	0	0	0
2020-04-11	0	0	0	0	0	0	0	0
2020-04-12	0	0	0	0	0	0	0	0
2020-04-13	0	0	0	0	0	0	0	0
2020-04-14	0	0	0	0	0	0	0	0
2020-04-15	0	0	0	0	0	0	0	0
2020-04-16	0	0	0	0	0	0	0	0
2020-04-17	0	0	0	0	0	0	0	0
2020-04-18	0	0	0	0	0	0	0	0
2020-04-19	0	0	0	0	0	0	0	0
2020-04-20	0	0	0	0	0	0	0	0
2020-04-21	0	0	0	0	0	0	0	0
2020-04-22	0	0	0	0	0	0	0	0
2020-04-23	0	0	0	0	0	0	0	0
2020-04-24	0	0	0	0	0	0	0	0
2020-04-25	0	0	0	0	0	0	0	0
2020-04-26	0	0	0	0	0	0	0	0
2020-04-27	0	0	0	0	0	0	0	0
2020-04-28	0	0	0	0	0	0	0	0
2020-04-29	0	0	0	0	0	0	0	0
2020-04-30	0	0	0	0	0	0	0	0
2020-05-01	0	0	0	0	0	0	0	0
2020-05-02	0	0	0	0	0	0	0	0
2020-05-03	0	0	0	0	0	0	0	0
2020-05-04	0	0	0	0	0	0	0	0
2020-05-05	0	0	0	0	0	0	0	0
2020-05-06	0	0	0	0	0	0	0	0
2020-05-07	0	0	0	0	0	0	0	0
2020-05-08	0	0	0	0	0	0	0	0
2020-05-09	0	0	0	0	0	0	0	0
2020-05-10	0	0	0	0	0	0	0	0
2020-05-11	0	0	0	0	0	0	0	0
2020-05-12	0	0	0	0	0	0	0	0
2020-05-13	0	0	0	0	0	0	0	0
2020-05-14	0	0	0	0	0	0	0	0
2020-05-15	0	0	0	0	0	0	0	0
2020-05-16	0	0	0	0	0	0	0	0
2020-05-17	0	0	0	0	0	0	0	0
2020-05-18	0	0	0	0	0	0	0	0
2020-05-19	0	0	0	0	0	0	0	0
2020-05-20	0	0	0	0	0	0	0	0
2020-05-21	0	0	0	0	0	0	0	0
2020-05-22	0	0	0	0	0	0	0	0
2020-05-23	0	0	0	0	0	0	0	0
2020-05-24	0	0	0	0	0	0	0	0
2020-05-25	0	0	0	0	0	0	0	0
2020-05-26	0	0	0	0	0	0	0	0
2020-05-27	0	0	0	0	0	0	0	0
2020-05-28	0	0	0	0	0	0	0	0
2020-05-29	0	0	0	0	0	0	0	0
2020-05-30	0	0	0	0	0	0	0	0
2020-05-31	0	0	0	0	0	0	0	0
2020-06-01	0	0	0	0	0	0	0	0
2020-06-02	0	0	0	0	0	0	0	0
2020-06-03	0	0	0	0	0	0	0	0
2020-06-04	0	0	0	0	0	0	0	0
2020-06-05	0	0	0	0	0	0	0	0
2020-06-06	0	0	0	0	0	0	0	0
2020-06-07	0	0	0	0	0	0	0	0
2020-06-08	0	0	0	0	0	0	0	0
2020-06-09	0	0	0	0	0	0	0	0
2020-06-10	0	0	0	0	0	0	0	0
2020-06-11	0	0	0	0	0	0	0	0
2020-06-12	0	0	0	0	0	0	0	0
2020-06-13	0	0	0	0	0	0	0	0
2020-06-14	0	0	0	0	0	0	0	0
2020-06-15	0	0	0	0	0	0	0	0
2020-06-16	0	0	0	0	0	0	0	0
2020-06-17	0	0	0	0	0	0	0	0
2020-06-18	0	0	0	0	0	0	0	0
2020-06-19	0	0	0	0	0	0	0	0
2020-06-20	0	0	0	0	0	0	0	0
2020-06-21	0	0	0	0	0	0	0	0
2020-06-22	0	0	0	0	0	0	0	0
2020-06-23	0	0	0	0	0	0	0	0
2020-06-24	0	0	0	0	0	0	0	0
2020-06-25	0	0	0	0	0	0	0	0
2020-06-26	0	0	0	0	0	0	0	0
2020-06-27	0	0	0	0	0	0	0	0
2020-06-28	0	0	0	0	0	0	0	0
2020-06-29	0	0	0	0	0	0	0	0
2020-06-30	0	0	0	0	0	0	0	0
2020-07-01	0	0	0	0	0	0	0	0
2020-07-02	0	0	0	0	0	0	0	0
2020-07-03	0	0	0	0	0	0	0	0
2020-07-04	0	0	0	0	0	0	0	0
2020-07-05	0	0	0	0	0	0	0	0
2020-07-06	0	0	0	0	0	0	0	0
2020-07-07	0	0	0	0	0	0	0	0
2020-07-08	0	0	0	0	0	0	0	0
2020-07-09	0	0	0	0	0	0	0	0
2020-07-10	0	0	0	0	0	0	0	0
2020-07-11	0	0	0	0	0	0	0	0
2020-07-12	0	0	0	0	0	0	0	0
2020-07-13	0	0	0	0	0	0	0	0
2020-07-14	0	0	0	0	0	0	0	0
2020-07-15	0	0	0	0	0	0	0	0
2020-07-16	0	0	0	0	0	0	0	0
2020-07-17	0	0	0	0	0	0	0	0
2020-07-18	0	0	0	0	0	0	0	0
2020-07-19	0	0	0	0	0	0	0	0
2020-07-20	0	0	0	0	0	0	0	0
2020-07-21	0	0	0	0	0	0	0	0
2020-07-22	0	0	0	0	0	0	0	0
2020-07-23	0	0	0	0	0	0	0	0
2020-07-24	0	0	0	0	0	0	0	0
2020-07-25	0	0	0	0	0	0	0	0
2020-07-26	0	0	0	0	0	0	0	0
2020-07-27	0	0	0	0	0	0	0	0
2020-07-28	0	0	0	0	0	0	0	0
2020-07-29	0	0	0	0	0	0	0	0
2020-07-30	0	0	0	0	0	0	0	0
2020-07-31	0	0	0	0	0	0	0	0
2020-08-01	0	0	0	0	0	0	0	0
2020-08-02	0	0	0	0	0	0	0	0
2020-08-03	0	0	0	0	0	0	0	0
2020-08-04	0	0	0	0	0	0	0	0
2020-08-05	0	0	0	0	0	0	0	0
2020-08-06	0	0	0	0	0	0	0	0
2020-08-07	0	0	0	0	0	0	0	0
2020-08-08	0	0	0	0	0	0	0	0
2020-08-09	0	0	0	0	0	0	0	0
2020-08-10	0	0	0	0	0	0	0	0
2020-08-11	0	0	0	0	0	0	0	0
2020-08-12	0	0	0	0	0	0	0	0
2020-08-13	0	0	0	0	0	0	0	0
2020-08-14	0	0	0	0	0	0	0	0
2020-08-15	0	0	0	0	0	0	0	0
2020-08-16	0	0	0	0	0	0	0	0
2020-08-17	0	0	0	0	0	0	0	0
2020-08-18	0	0	0	0	0	0	0	0
2020-08-19	0	0	0	0	0	0	0	0
2020-08-20	0	0	0	0	0	0	0	0
2020-08-21	0	0	0	0	0	0	0	0
2020-08-22	0	0	0	0	0	0	0	0
2020-08-23	0	0	0	0	0	0	0	0
2020-08-24	0	0	0	0	0	0	0	0
2020-08-25	0	0	0	0	0	0	0	0
2020-08-26	0	0	0	0	0	0	0	0
2020-08-27	0	0	0	0	0	0	0	0
2020-08-28	0	0	0	0	0	0	0	0
2020-08-29	0	0	0	0	0	0	0	0
2020-08-30	0	0	0	0	0	0	0	0
2020-08-31	0	0	0	0	0	0	0	0
2020-09-01	0	0	0	0	0	0	0	0
2020-09-02	0	0	0	0	0	0	0	0
2020-09-03	0	0	0	0	0	0	0	0
2020-09-04	0	0	0	0	0	0	0	0
2020-09-05	0	0	0	0	0	0	0	0
2020-09-06	0	0	0	0	0	0	0	0
2020-09-07	0	0	0	0	0	0	0	0
2020-09-08	0	0	0	0	0	0	0	0
2020-09-09	0	0	0	0	0	0	0	0
2020-09-10	0	0	0	0	0	0	0	0
2020-09-11	0	0	0	0	0	0	0	0
2020-09-12	0	0	0	0	0	0	0	0
2020-09-13	0	0	0	0	0	0	0	0
2020-09-14	0	0	0	0	0	0	0	0
2020-09-15	0	0	0	0	0	0	0	0
2020-09-16	0	0	0	0	0	0	0	0
2020-09-17	0	0	0	0	0	0	0	0
2020-09-18	0	0	0	0	0	0	0	0
2020-09-19	0	0	0	0	0	0	0	0
2020-09-20	0	0	0	0	0	0	0	0
2020-09-21	0	0	0	0	0	0	0	0
2020-09-22	0	0	0	0	0	0	0	0
2020-09-23	0	0	0	0	0	0	0	0
2020-09-24	0	0	0	0	0	0	0	0
2020-09-25	0	0	0	0	0	0	0	0
2020-09-26	0	0	0	0	0	0	0	0
2020-09-27	0	0	0	0	0	0	0	0
2020-09-28	0	0	0	0	0	0	0	0
2020-09-29	0	0	0	0	0	0	0	0
2020-09-30	0	0	0	0	0	0	0	0
2020-10-01	0	0	0	0	0	0	0	0
2020-10-02	0	0	0	0	0	0	0	0
2020-10-03	0	0	0	0	0	0	0	0
2020-10-04	0	0	0	0	0	0	0	0
2020-10-05	0	0	0	0	0	0	0	0
2020-10-06	0	0	0	0	0	0	0	0
2020-10-07	0	0	0	0	0	0	0	0
2020-10-08	0	0	0	0	0	0	0	0
2020-10-09	0	0	0	0	0	0	0	0
2020-10-10	0	0	0	0	0	0	0	0
2020-10-11	0	0	0	0	0	0	0	0
2020-10-12	0	0	0	0	0	0	0	0
2020-10-13	0	0	0	0	0	0	0	0
2020-10-14	0	0	0	0	0	0	0	0
2020-10-15	0	0	0	0	0	0	0	0
2020-10-16	0	0	0	0	0	0	0	0
2020-10-17	0	0	0	0	0	0	0	0
2020-10-18	0	0	0	0	0	0	0	0
2020-10-19	0	0	0	0	0	0	0	0
2020-10-20	0	0	0	0	0	0	0	0
2020-10-21	0	0	0	0	0	0	0	0
2020-10-22	0	0	0	0	0	0	0	0
2020-10-23	0	0	0	0	0	0	0	0
2020-10-24	0	0	0	0	0	0	0	0
2020-10-25	0	0	0	0	0	0	0	0
2020-10-26	0	0	0	0	0	0	0	0
2020-10-27	0	0	0	0	0	0	0	0
2020-10-28	0	0	0	0	0	0	0	0
2020-10-29	0	0	0	0	0	0	0	0
2020-10-30	0	0	0	0	0	0	0	0
2020-10-31	0	0	0	0	0	0	0	0
2020-11-01	0	0	0	0	0	0	0	0
2020-11-02	0	0	0	0	0	0	0	0
2020-11-03	0	0	0	0	0	0	0	0
2020-11-04	0	0	0	0	0	0	0	0
2020-11-05	0	0	0	0	0	0	0	0
2020-11-06	0	0	0	0	0	0	0	0
2020-11-07	0	0	0	0	0	0	0	0
2020-11-08	0	0	0	0	0	0	0	0
2020-11-09	0	0	0	0	0	0	0	0
2020-11-10	0	0	0	0	0	0	0	0
2020-11-11	0	0	0	0	0	0	0	0
2020-11-12	0	0	0	0	0	0	0	0
2020-11-13	0	0	0	0	0	0	0	0
2020-11-14	0	0	0	0	0	0	0	0
2020-11-15	0	0	0	0	0	0	0	0
2020-11-16	0	0	0	0	0	0	0	0
2020-11-17	0	0	0	0	0	0	0	0
2020-11-18	0	0	0	0	0	0	0	0
2020-11-19	0	0	0	0	0	0	0	0
2020-11-20	0	0	0	0	0	0	0	0
2020-11-21	0	0	0	0	0	0	0	0
2020-11-22	0	0	0	0	0	0	0	0
2020-11-23	0	0	0	0	0	0	0	0
2020-11-24	0	0	0	0	0	0	0	0
2020-11-25	0	0	0	0	0	0	0	0
2020-11-26	0	0	0	0	0	0	0	0
2020-11-27	0	0	0	0	0	0	0	0
2020-11-28	0	0	0	0	0	0	0	0
2020-11-29	0	0	0	0	0	0	0	0
2020-11-30	0	0	0	0	0	0	0	0
2020-12-01	0	0	0	0	0	0	0	0
2020-12-02	0	0	0	0	0	0	0	0
2020-12-03	0	0	0	0	0	0	0	0
2020-12-04	0	0	0	0	0	0	0	0
2020-12-05	0	0	0	0	0	0	0	0
2020-12-06	0	0	0	0	0	0	0	0
2020-12-07	0	0	0	0	0	0	0	0
2020-12-08	0	0	0	0	0	0	0	0
2020-12-09	0	0	0	0	0	0	0	0
2020-12-10	0	0	0	0	0	0	0	0
2020-12-11	0	0	0	0	0	0	0	0
2020-12-12	0	0	0	0	0	0	0	0
2020-12-13	0	0	0	0	0	0	0	0
2020-12-14	0	0	0	0	0	0	0	0
2020-12-15	0	0	0	0	0	0	0	0
2020-12-16	0	0	0	0	0	0	0	0
2020-12-17	0	0	0	0	0	0	0	0
2020-12-18	0	0	0	0	0	0	0	0
2020-12-19	0	0	0	0	0	0	0	0
2020-12-20	0	0	0	0	0	0	0	0
2020-12-21	0	0	0	0	0	0	0	0
2020-12-22	0	0	0	0	0	0	0	0
2020-12-23	0	0	0	0	0	0	0	0
2020-12-24	0	0	0	0	0	0	0	0
2020-12-25	0	0	0	0	0	0	0	0
2020-12-26	0	0	0	0	0	0	0	0
2020-12-27	0	0	0	0	0	0	0	0
2020-12-28	0	0	0	0	0	0	0	0
2020-12-29	0	0	0	6.144094374738174e-5	2.0372037549787336e-4	2.8842079663893294e-4	1.0560278798732448e-4	4.883596237805765e-4
2020-12-30	0	0	0	3.6870339855443746e-5	1.3275440593307763e-4	4.215644291418741e-4	1.328044092527847e-4	4.928607279242048e-4
2020-12-31	0	0	0	1.8430084917087086e-5	1.9452946042775032e-4	4.8619909739056055e-4	1.5670613920359955e-4	4.165433770964011e-4
2021-01-01	0	0	0	2.7650191133377078e-5	1.4206504561942168e-4	4.2334480520600515e-4	1.7720785065566957e-4	3.6143265839161387e-4
2021-01-02	0	0	0	3.6870339855443746e-5	1.0192259705399387e-4	8.554182935127663e-5	2.3900142804178515e-5	5.1000650266530556e-5
2021-01-03	0	0	0	3.994039880872435e-5	2.0079007916407043e-4	1.7670780641232398e-4	3.070023562612434e-5	8.500018062518322e-6
2021-01-04	0	0	0	3.0730236086906615e-5	1.9310932280247606e-4	1.9076909821214016e-4	3.410029070738396e-5	4.8075778201117636e-4
2021-01-05	0	0	0	7.067124860649088e-5	3.399388896121458e-4	4.096819598269352e-4	7.840153670035654e-5	0.010818258680218129
2021-01-06	0	0	0	1.0141257112739055e-4	4.250851743512474e-4	6.4429377861841e-4	1.2270376405343342e-4	0.01462577834807166
2021-01-07	0	0	0	1.813282199809585e-4	5.428036589529839e-4	8.357746298079949e-4	2.1821190410875602e-4	0.013453348144071509
2021-01-08	0	0	0	8.299172190651127e-5	4.115723479494182e-4	5.285598438771189e-4	8.870196700971889e-5	0.013235897243963235
2021-01-09	0	0	0	1.4448521899468325e-4	4.798475634211208e-4	5.59778337946959e-4	1.1590335839706256e-4	0.017286404949015344
2021-01-10	0	0	0	2.9517178159510493e-4	0.0010454932640413528	0.001592033642779933	3.410290752074996e-4	0.020133236806072263
2021-01-11	0	0	0	3.014127124056909e-4	9.132084874354796e-4	0.0014775157632076485	3.207257162463062e-4	0.009124011898280049
2021-01-12	0	0	0	1.9073909535061162e-4	0.0010568492325750967	0.001402011408997872	3.78835879155881e-4	0.017941877744247492
2021-01-13	0	0	0	4.7390614675890674e-4	0.001723182339343543	0.0025683591171385967	7.580436575467253e-4	0.020733873376296064
2021-01-14	0	0	0	1.50845688605461e-4	5.772933168934902e-4	7.284826717508519e-4	1.12703175501494e-4	0.0028355100292816182
2021-01-15	0	0	0	0	0	0	0	0
2021-01-16	0	0	0	1.5390059213471474e-5	1.5723618080420998e-4	1.7726785597305117e-4	3.420029241496536e-5	0
2021-01-17	0	0	0	4.310046441236004e-5	2.6469751619373483e-4	2.382941960310525e-4	4.780057122366621e-5	1.9600096040850445e-5
2021-01-18	0	0	0	3.695034133199826e-5	2.258327501079016e-4	2.0855087336668632e-4	5.130065793945704e-5	2.4500150064277193e-5
2021-01-19	0	0	0	3.448997389574604e-4	0.0012231940509215278	0.001511741340470163	4.7845723033024257e-4	0.02065990794911654
2021-01-20	0	0	0	6.685217303259439e-4	0.002687505671683743	0.003336653313834148	0.0012243747733964305	0.04468427101912775
2021-01-21	0	0	0	6.134740876140299e-4	0.002209360318254028	0.002896557511354203	0.001003251628457491	0.021684858269542584
2021-01-22	0	0	0	1.202836170370869e-4	4.812178926649757e-4	5.992497750733072e-4	2.67317864710126e-4	0.003940682244137239
2021-01-23	0	0	0	1.5114571125662835e-4	7.386864144047767e-4	8.543924966344374e-4	2.639174131002786e-4	0.0038056206872036924
2021-01-24	0	0	0	1.018125914509227e-4	4.927907106710983e-4	4.797975514225783e-4	1.029026472387784e-4	0.0012132680048129174
2021-01-25	0	0	0	3.641031427747965e-4	0.0013255092436887939	0.0014447318125023756	2.434148126928548e-4	0.001139124401100311
2021-01-26	0	0	0	5.803341969450315e-4	0.002357919946618603	0.0027323264018916937	5.453743582977122e-4	0.002151657407399865
2021-01-27	0	8.562102327358545e-6	0	6.88798610881669e-4	0.0024991814770136678	0.0026663373387010303	7.138273873847911e-4	0.0065083897843964955
2021-01-28	0	0	0	0.0011746849711955498	0.00387884135255967	0.004565250377752905	0.0016764025814037797	0.04116442752333094
2021-01-29	0	0	0	0.0012782384733986962	0.003485617382133599	0.004790998416456693	0.0027019250998112643	0.05813399020426746
2021-01-30	0	0	0	0.001100082545401726	0.0028793526679464776	0.003429310041840772	0.0020876896119790267	0.057970443067356436
2021-01-31	0	0	0	5.024831223221504e-4	0.0013634547522152207	0.0015903923369462447	0.00138297815714572	0.016173797934909917
2021-02-01	0	0	0	0.001083223343202766	0.0032069311017728364	0.0036019935894546773	8.792932891721339e-4	0.010435223472228916
2021-02-02	0	0	0	0.0011216945496657083	0.0031144749886136136	0.00353997285194807	0.0011226150661467482	0.035691877530411364
2021-02-03	0	0	0	0.0012038523150990077	0.0032418073286890614	0.003929129514685714	0.0015577066124725647	0.05483882415877939
2021-02-04	0	0	0	0.0014763649133393564	0.003939339599119407	0.004893807337564393	0.0017026247327451838	0.05522967937085177
2021-02-05	0	0	0	0.001515994559876388	0.0036530461866104424	0.004670423213247732	0.002060761684680168	0.07190985687909279
2021-02-06	0	0	0	0.0011745448889239896	0.003313003998874242	0.003850887333313402	0.003049424747823215	0.08342972996031262
2021-02-07	0	0	0	8.287016866213026e-4	0.0019437845746181903	0.0023260726534972687	6.190958199085994e-4	0.0233449466333282
2021-02-08	0	0	0	0.0011048951983498867	0.002845954864773237	0.003045028048954679	0.002752293780263315	0.01825723162666737
2021-02-09	0	0	0	0.0013474739214922593	0.0030297147929316814	0.0032899359195888156	0.00580512486868523	0.045515208552391995
2021-02-10	0	0	0	0.0017291374791055247	0.003806382136241737	0.004630219733695595	0.005152436901505908	0.06824846318166489
2021-02-11	0	0	0	0.0017509964971833547	0.004313732071095311	0.004817822854263687	0.007463927553631455	0.10141178766958525
2021-02-12	0	0	0	0.0019588692922261064	0.0046447333870591745	0.005726237448830052	0.008894578381144491	0.13067135045760359
2021-02-13	0	0	0	0.0019279892856713943	0.0043659854572533074	0.005805425742011483	0.012128474976312864	0.149740883011247
2021-02-14	0	0	0	0.0010019809914767475	0.002185504107050429	0.002244589545556952	0.002816383003305223	0.050205036420495786
2021-02-15	0	0	0	0.001335315767049483	0.0029791087722692566	0.003249780267947422	0.001585728633825001	0.04989897697580803
2021-02-16	0	0	0	0.001660419248019851	0.003195122201470557	0.0037319117914047517	0.0030748636966884124	0.06109350405956926
2021-02-17	0	0	0	0.0016218976379869243	0.002911449134014976	0.0033959731584232156	0.005137097442533545	0.06614467966189364
2021-02-18	0	0	0	0.0021461915345257765	0.004389156172977637	0.004644532921514788	0.008156933892632168	0.10424400304258574
2021-02-19	0	0	0	0.0018638985294319177	0.004577077409402941	0.005329641269014029	0.020759640670188872	0.2302677038602703
2021-02-20	0	0	0	0.001101063084979259	0.002512197784427128	0.004060852631022627	0.03115251987361911	0.2956243371838472
2021-02-21	0	0	0	0.0012173304733704704	0.0032656160620661012	0.0044574572312421346	0.014986952183940971	0.1256644910795719
2021-02-22	0	0	0	5.5653743347861e-4	0.0014132893466944907	0.0019263276845871147	0.01548817085914056	0.132031477781277
2021-02-23	0	0	0	8.705394597376959e-4	0.0020570578717717947	0.002988522817157113	0.018586565100559227	0.10301692153040021
2021-02-24	0	0	0	0.00104432265245058	0.002492443068111916	0.004913736200862884	0.036857621057504675	0.11615181078729164
2021-02-25	0	0	0	0.0011544732020936088	0.0026197157276233174	0.005347900008625617	0.05226079774524228	0.1152651114811929
2021-02-26	0	0	0	9.278052056249653e-4	0.0023110752672226287	0.0038941210446776786	0.05222516701750135	0.11569142654394304
2021-02-27	0	0	0	8.836652160535419e-4	0.002481499459892289	0.0062514501572672465	0.09196320790190216	0.14616127993830053
2021-02-28	0	0	0	6.110333404356627e-4	0.0019877978350582026	0.004735075234368891	0.0666564712912503	0.06312757260577428
2021-03-01	0	0	0	6.789952586403469e-4	0.0018591441041999612	0.0037798317820751937	0.04346612602796984	0.061390395154300226
2021-03-02	0	0	0	0.0010530872481879783	0.0021633099775146825	0.004575684221523879	0.059428537775534584	0.07331798160672087
2021-03-03	0	0	3.293002710957893e-6	9.510161079093749e-4	0.0024045554717542217	0.006671356750222124	0.09341425579650364	0.1052374291220548
2021-03-04	0	0	0	0.0010422915929411136	0.002415618803551123	0.006323025161799167	0.0997341238658207	0.10247455880033063
2021-03-05	0	0	0	7.655265077084472e-4	0.001990100124626526	0.005538558908696256	0.11566372427849281	0.09929770874026667
2021-03-06	0	0	0	0.0010926884920352542	0.0021387235345893263	0.007577253693383579	0.1547464130911438	0.09300120608323414
2021-03-07	0	0	0	4.691950359954067e-4	0.0010899169797558006	0.0019936937036459934	0.06077551583113516	0.019637608921033944
2021-03-08	0	0	0	7.932172984206343e-4	0.002064235266809211	0.005038917672828491	0.06403750036319145	0.06107101728815256
2021-03-09	0	8.562175327631039e-6	0	0.0010563689788547492	0.0025456100326095576	0.009651347125333443	0.09829665825607803	0.05534815455310871
2021-03-10	0	0	0	0.001570206387024431	0.004156839829341674	0.018856209155933	0.11448426153479163	0.0589937661099591
2021-03-11	0	0	0	0.0013939057433052238	0.003965100505504582	0.015493169575876653	0.09337040828586729	0.04481775785478259
2021-03-12	0	0	0	0.0017734462779250837	0.004027535260067827	0.01472172227669799	0.09426035356347806	0.05670866826407117
2021-03-13	0	0	0	0.0016657236588268898	0.003775413436654329	0.013792840613044088	0.09887222943853669	0.033794822507071
2021-03-14	0	0	0	6.234871840671286e-4	0.0015489798346319805	0.0053181005483606825	0.029069661302054017	0.01669276207643522
2021-03-15	0	0	0	3.4620996533507586e-4	0.0010268936276307539	0.003427997792215809	0.0365204355532498	0.02698717692965813
2021-03-16	0	0	0	0.0013627943020773081	0.004178414787534113	0.015043002984699516	0.0684743853626999	0.043398865379047136
2021-03-17	0	0	0	0.0017051368729388283	0.005640283198640184	0.02067569105009981	0.09871285703605515	0.057609616992505774
2021-03-18	0	0	0	0.0023969363259377374	0.007298246099030514	0.020977928369670718	0.1146314949061018	0.03242331788567898
2021-03-19	0	0	0	0.002655943508980574	0.007667828900010054	0.018642293779338903	0.1246606707051654	0.0485878959071715
2021-03-20	0	0	0	0.0016178243388977886	0.004257531643924617	0.01241827337842527	0.08576783017315281	0.021294766772978813
2021-03-21	0	0	0	5.675005142082856e-4	0.001742378971119729	0.00441379038639389	0.041962615270076054	0.007940161541325708
2021-03-22	0	0	0	6.833867543640793e-4	0.0017958462659526386	0.004527314143338179	0.04154275001980179	0.02846678952648629
2021-03-23	0	0	0	5.05433865848115e-4	0.0011218946619080405	0.0029849975525972905	0.03610285401704405	0.04120863796064289
2021-03-24	0	0	0	0.0011735342956857853	0.0032663873215335038	0.009063376197022244	0.05965745292229396	0.03089116603474662
2021-03-25	0	0	0	0.0025028961222497426	0.007136070876889944	0.02433523086531708	0.10178810455734433	0.053416531458257754
2021-03-26	0	0	0	0.002329847046815381	0.00762201377349081	0.027248631986281024	0.129530112511832	0.05016246830665394
2021-03-27	0	0	3.293002710957893e-6	0.0017295778598933609	0.0055335951688733065	0.019594314288105208	0.0883054637311953	0.023552581018154273
2021-03-28	0	0	0	8.561032281844128e-4	0.002872352602368178	0.010849467737547025	0.040387589343239494	0.008137153316022161
2021-03-29	0	0	0	6.767745059330643e-4	0.0024322990196303795	0.010185747362332354	0.060224342868485214	0.01683495391835832
2021-03-30	0	0	0	8.540823641711714e-4	0.0028297819164235793	0.01055108132930438	0.05150653067555799	0.02956025212644464
2021-03-31	0	0	3.293002710957893e-6	0.0010652336806986629	0.002568939863004882	0.010799879348485364	0.033265955956423676	0.03004599038454714
2021-04-01	0	0	0	7.621152048964408e-4	0.0019415323870024537	0.008394968875605535	0.028234192405193426	0.02627793243324139
2021-04-02	0	0	0	0.0017968071289646836	0.005958395619589885	0.020805759911372457	0.0762375406511333	0.025672772816015765
2021-04-03	0	0	0	0.002444023312488053	0.007355355312944845	0.028729120592504653	0.09384848451126526	0.03581314534487334
2021-04-04	0	0	0	0.002063324326819327	0.0074157784424768725	0.02452032154213235	0.09296439466904549	0.014310598305968814
2021-04-05	0	0	0	0.0018822957593314094	0.004742673237359218	0.028382268288297263	0.08921942651700587	0.01781151249433388
2021-04-06	0	0	0	0.0022301433848792573	0.006909465177258989	0.033262956061487214	0.10752416131671572	0.059311771561439075
2021-04-07	0	0	0	0.003047291496365956	0.007567095232564602	0.0389508114277195	0.08470994363777895	0.04129410068790573
2021-04-08	0	0	3.293002710957893e-6	0.0032671084994868593	0.0077160342963156214	0.05221773290749976	0.11894986776003225	0.03984990370635133
2021-04-09	0	0	0	0.0028929122353003045	0.0077126914021661275	0.06231523719672105	0.10626665023821258	0.044862460081132705
2021-04-10	0	0	0	0.0033522393772105197	0.007546146080165794	0.09768178266621241	0.13985548948475524	0.027117945745362082
2021-04-11	0	0	0	0.0013865106029129493	0.0032991711325405237	0.039559610699677394	0.03497776094009564	0.005897996590946697
2021-04-12	0	0	0	0.0011278179933564836	0.003285168082332257	0.03399515768653316	0.03456661267800798	0.014865646864172577
2021-04-13	0	0	0	0.0018192073788718677	0.004742703308668439	0.04842765955243156	0.05444115997485177	0.0697676823760307
2021-04-14	0	0	3.293002710957893e-6	0.0023351932819160037	0.004844928332637055	0.048640104952446306	0.04215261064606968	0.037142796839260805
2021-04-15	0	0	0	0.0028408576180014578	0.005911055143226651	0.05870245454232337	0.06357587290387223	0.029031101209356924
2021-04-16	0	0	0	0.002063704719292181	0.005569013477778828	0.05549704037252745	0.06604591574670526	0.04043637510796816
2021-04-17	0	0	0	0.002681497607354588	0.0066999623739529834	0.07432649704058081	0.0803935820069781	0.04655186912987119
2021-04-18	0	0	0	0.0018754593369310069	0.003547576324444579	0.048420004201723765	0.03819837904032708	0.022736638684669463
2021-04-19	0	0	0	0.0014995721791801753	0.003461285123676827	0.033477953339958066	0.03504992429832954	0.02170608857025491
2021-04-20	0	0	0	0.0016691465125200367	0.0038919768709910763	0.04054388158346334	0.05804088611526126	0.03738643640679995
2021-04-21	0	0	0	0.0019094014534777326	0.003842180587917632	0.03411585285398888	0.03824670256425988	0.05055720781552564
2021-04-22	0	0	0	0.0018360727908233176	0.003389422045450452	0.02907674426425233	0.03914029058680479	0.05945389129760703
2021-04-23	0	0	0	8.266708461719396e-4	0.001926497848490083	0.019106262314911637	0.009944724385777315	0.020230417447525184
2021-04-24	0	0	0	0.0012972707278353646	0.002764881141932296	0.04030224779431868	0.03620357470536173	0.032951144480646066
2021-04-25	0	0	0	6.844771272345174e-4	0.0017077491017485347	0.017292003344920204	0.011093466248350836	0.008706249695942025
2021-04-26	0	0	0	4.495805306634626e-4	0.0011644189678832184	0.013100777593387791	0.013605577937755076	0.011718832760316156
2021-04-27	0	0	0	8.961507715512518e-4	0.0021937931821316425	0.019293287737934817	0.0353641558802813	0.026780296064323084
2021-04-28	0	0	0	0.0011960376265010009	0.003562142214288855	0.026748348537369182	0.04684491143176239	0.05334296806037253
2021-04-29	0	0	0	8.064525914455167e-4	0.0036301645236169744	0.01872812567280402	0.03921954314104803	0.04101893832533432
2021-04-30	0	0	0	8.106242779299944e-4	0.004162832293175267	0.030928533546839443	0.048370424491368746	0.049613166574384415
2021-05-01	0	0	0	6.948607078509639e-4	0.0031794772689257567	0.022464463024747694	0.05753918958451054	0.04980031791613704
2021-05-02	0	0	0	2.823399289588746e-4	0.002896797859459621	0.02063241412818928	0.03314667552458306	0.01359299236032685
2021-05-03	0	0	0	3.212558013223621e-4	0.002078239770135548	0.008465526283815583	0.026109628170804422	0.03019036452757695
2021-05-04	0	0	0	1.1300319243034984e-4	0.0023318193453649716	0.011794085110900854	0.021233010180329526	0.04161699353778103
2021-05-05	0	0	0	3.5319118600352084e-4	0.002208969886990264	0.024841920250432192	0.03453842571267751	0.04754503252955922
2021-05-06	0	0	0	3.3917876055777896e-4	0.0030554138885074966	0.03884953152492665	0.03577404558436825	0.041270922255964404
2021-05-07	0	0	0	6.079423984899357e-4	0.002618904665411703	0.032660110707862344	0.02482679240528385	0.05962601542898449
2021-05-08	0	0	0	4.0316063462420004e-4	0.001995095101115618	0.03390155892437563	0.015548337701318582	0.015661923965575753
2021-05-09	0	0	0	6.757941744415241e-4	0.0016968197993578737	0.02611033743017943	0.01315284936158223	0.007939659548436229
2021-05-10	0	0	0	1.3098428922098115e-4	0.001271804371590024	0.03342741806970162	0.016004536295508576	0.022490657417770787
2021-05-11	0	0	0	2.868005636409432e-4	0.001927528841858983	0.037548675762886674	0.016809338464906842	0.05803141117061328
2021-05-12	0	0	0	4.037707577062566e-4	0.002943285732726064	0.03153045235645058	0.024866283007654255	0.02090647012325353
2021-05-13	0	0	0	4.3582748639936497e-4	0.003866617683076834	0.03706220169868857	0.0215120925312684	0.028521975775535058
2021-05-14	0	0	0	6.132840293251451e-4	0.005316145350346524	0.06793940053630809	0.054245441994289045	0.07802466196883784
2021-05-15	0	0	3.293002710957893e-6	3.511508267257657e-4	0.005300553968092148	0.07260362146236243	0.03186474042051679	0.029807928145075602
2021-05-16	0	8.562248328125577e-6	0	2.4481498359407716e-4	0.002104717458895511	0.03339124379046865	0.010700324234681702	0.02042954154190313
2021-05-17	0	0	0	1.8453851361566187e-4	0.003344015610100115	0.022811865299611878	0.008903015923131807	0.018760186146058677
2021-05-18	0	0	0	3.0527329794671765e-4	0.002674858717289341	0.02449053659568623	0.020592613937191473	0.023392603474326812
2021-05-19	0	0	0	2.8406017254534177e-4	0.004023226588044659	0.01943453529048944	0.02896798605400619	0.019576307958319772
2021-05-20	0	0	0	4.368777155345782e-4	0.006971269650133616	0.02412249367527841	0.027783784672684497	0.04464847150186313
2021-05-21	0	0	0	2.7715920430604335e-4	0.0068135862393603475	0.022926182460553557	0.03209136390939116	0.05621739898722211
2021-05-22	0	0	0	1.3150432334674278e-4	0.0078050497002055685	0.03586202114006265	0.013627527375593251	0.012262492178607642
2021-05-23	0	0	0	0.0011306495921250548	0.008715349328479283	0.0262961620344353	0.01235697369975397	0.009925629530393776
2021-05-24	0	0	0	1.0680028515785978e-5	0.002775936455801764	0.004428563042655709	0.003671770474604541	0
2021-05-25	0	0	0	8.541182379495638e-5	0.00834558218550363	0.014170410130818878	0.018494915474603246	0.03531172956115003
2021-05-26	0	0	0	2.669278126143926e-4	0.008071416942866394	0.008593783277756284	0.012794122391944995	0.018217670883101222
2021-05-27	0	0	0	5.554071192670484e-4	0.0065035540538327385	0.009112640052180154	0.02446574314693284	0.04807110785254265
2021-05-28	0	0	0	9.191512097366239e-4	0.008729621573202895	0.012942718490480898	0.026657454976455552	0.03352192994684011
2021-05-29	0	0	0	6.06151855017778e-4	0.011692649513159292	0.01976421605910783	0.017678129061781123	0.01726653329298955
2021-05-30	0	0	0	3.3534811458957314e-4	0.007993303224108184	0.010671510282929786	0.02046298342263886	0.0058394247202659955
2021-05-31	0	0	0	1.320343582678074e-4	0.005565674182275826	0.007394399285197251	0.015856658403934798	0.01176480264532076
2021-06-01	0	0	0	5.068442227664782e-4	0.007648364369381655	0.013964189648132175	0.026356060481019794	0.02989705852714386
2021-06-02	0	0	0	0.001807596851594484	0.018311972080367944	0.021106592057065887	0.05006287280845889	0.030818444124564692
2021-06-03	0	0	0	0.0021546105866949716	0.020823878478724023	0.019171304731274708	0.04895689437675421	0.03179848592680945
2021-06-04	0	0	0	0.0014380570019851824	0.020610195034843626	0.022329390419122408	0.035794919057584806	0.032842965088958564
2021-06-05	0	0	0	0.0014724620361119545	0.021558562908671863	0.026665745495710436	0.03611130661638562	0.0237095355186272
2021-06-06	0	0	0	9.67383957930501e-4	0.013291063089512223	0.015443132586017372	0.020725991682809086	0.00690853195343788
2021-06-07	0	0	0	4.894999025386593e-4	0.007109787268751777	0.008377033673290901	0.021164584913641704	0.02094295180760386
2021-06-08	0	0	0	4.753364861938003e-4	0.009452376857062017	0.013407721750635648	0.044582908942442545	0.06488222580639813
2021-06-09	0	0	0	8.827548140153407e-4	0.017849965315440475	0.014510518788880544	0.024901926485674464	0.04598311163900126
2021-06-10	0	0	0	0.0019009934440186171	0.024544447475469022	0.017319309621440793	0.05852643592553641	0.07687421108238479
2021-06-11	0	0	0	0.0015575264721778836	0.019821816098359202	0.014828269393299953	0.04330860890124022	0.04338915468609339
2021-06-12	0	0	0	8.178272103365192e-4	0.01664502420771896	0.01560308405803057	0.04526932801472627	0.027089256960670216
2021-06-13	0	0	0	5.069942607951461e-4	0.01003222136638593	0.007600431640279792	0.018830244527239026	0.009237934860119923
2021-06-14	0	0	0	9.78123918160545e-5	0.0072822979659159515	0.0066545206613080055	0.023328454193767723	0.018692048166161657
2021-06-15	0	0	0	4.5294128895290164e-4	0.014418805487924624	0.007164030834449164	0.0338052995697502	0.07240045652630434
2021-06-16	0	0	0	0.00204903964086256	0.03172281423575907	0.012945909140870793	0.043832931470320524	0.04124151565334633
2021-06-17	0	0	0	0.001591533244517107	0.0305640299821881	0.024548932521992306	0.1344270585152667	0.07038750004048744
2021-06-18	0	0	0	8.223590686093907e-4	0.024609952439772043	0.010180973053076858	0.08514574967179289	0.011461441158356678
2021-06-19	0	0	0	0.0011217345721126204	0.021068308404759595	0.011719667652471122	0.055699817415016506	0.029113600432536302
2021-06-20	0	0	0	4.5204108528573705e-4	0.011296291550699555	0.0065794221991186674	0.05898603817489234	0.023952935783158047
2021-06-21	0	0	0	5.434338300818187e-4	0.006162293465187707	0.002255872239890655	0.02139099365235886	0.01223250856645719
2021-06-22	0	0	0	3.904481124321624e-4	0.009571945535332915	0.004829400777968562	0.017467579079726514	0.04368703935183205
2021-06-23	0	0	0	9.63862257612913e-4	0.01975442936993299	0.007108392310309242	0.0606542340263303	0.01944936949342302
2021-06-24	0	0	0	0.0010452131176152957	0.022975508497681707	0.006828286373700365	0.07432214532128967	0.03987112668579873
2021-06-25	0	0	0	0.002012622662495467	0.0184283712164226	0.005897956472638244	0.0644915913383377	0.0275875684837108
2021-06-26	0	0	0	0.0032093149255729703	0.02222987180006175	0.006893690743015046	0.03830726157229192	0.07170800966243718
2021-06-27	0	0	0	4.816980082427147e-4	0.011923492417859727	0.0032543476947295424	0.01413444563837607	0.030536113557803723
2021-06-28	0	0	0	3.8626730060697945e-4	0.011278953699136895	0.00317483990210099	0.03458472581492322	0.023576462394762965
2021-06-29	0	0	3.293002710957893e-6	6.40392525646627e-4	0.009527392803407642	0.0037727985021345223	0.026806851826208122	0.056806751761421026
2021-06-30	0	0	0	0.0018087679103384602	0.02279829051257387	0.005581087133397666	0.04612456896556494	0.02558737848442627
2021-07-01	0	0	3.293002710957893e-6	0.0033301224288477815	0.03370173167955004	0.006937963835545791	0.06474218771761575	0.07985510963365061
2021-07-02	0	0	0	0.004453758992290391	0.02520951997433407	0.004685568638366222	0.07628474040465116	0.08678877276971853
2021-07-03	0	0	0	0.006736675699871242	0.030649802599852505	0.007551426008691076	0.0597149693923833	0.06284301100814238
2021-07-04	0	0	3.293002710957893e-6	0.004331460387271724	0.015426584880267047	0.0030912489550254385	0.023576462394762965	0.055721316271764465
2021-07-05	0	0	0	5.301102542203395e-4	0.018097156770796596	0.002960841645812895	0.028198792981402043	0.011661899977772894
2021-07-06	0	0	0	0.0036930897279345842	0.022117940826602345	0.004936231595591423	0.08837221196175338	0.07187987926063077
2021-07-07	0	0	0	0.008493052987261107	0.023751928527190325	0.005054877947766601	0.06408998142992206	0.1308636218830901
2021-07-08	0	0	0	0.01481207942421725	0.03793439457290315	0.006311288089336564	0.09858347540576995	0.13499040216946878
2021-07-09	0	0	0	0.013641341549819774	0.0314778538202829	0.005660550457871505	0.0925676945170506	0.13810129169173124
2021-07-10	0	0	3.293002710957893e-6	0.015803437156489686	0.028558263605033662	0.007873718862180246	0.10818943865935671	0.07846217835817759
2021-07-11	0	0	0	0.012949955335799679	0.020051738049703616	0.0026499355395910307	0.03960789636358708	0.06350832689629149
2021-07-12	0	0	0	0.009093402492221347	0.012332170607975979	0.002802002804929815	0.05518309345069716	0.06781646834468646
2021-07-13	0	0	0	0.013396043495332188	0.015470342877184518	0.0031007736993837742	0.07328507557552766	0.07275180633110967
2021-07-14	0	0	0	0.017460164334648365	0.017443438385678744	0.004740468009236665	0.13643663912385318	0.07846217835817759
2021-07-15	0	0	0	0.024073533756886034	0.02338868767782265	0.0055702268568089686	0.15802899045614738	0.3670067973197195
2021-07-16	0	0	0	0.016841569616789398	0.01817152104426545	0.004838903747369061	0.13057848519923154	0.08514574967179289
2021-07-17	0	0	0	0.02058712745420399	0.01715372254932479	0.005233156481690315	0.13723871631386975	0.29439430113522436
2021-07-18	0	0	0	0.01734569831248689	0.014299085964857516	0.00317460953642712	0.14407855769701294	0.06350832689629149
2021-07-19	0	0	0	0.014921774841102131	0.008057581153511295	0.0031598161094614774	0.2039469941006753	0.2873023617695971
2021-07-20	0	0	0	0.021217020489614047	0.012535243079767167	0.0034945830276342793	0.42519842519763773	0.4045519751493001
2021-07-21	0	0	0	0.01886399255376725	0.014164075256971387	0.00491130021745656	0.5631576286871269	0.48814207016664435
2021-07-22	0	0	0	0.02249221493314968	0.01728573919487819	0.005112043246538578	1.5	1
2021-07-23	0	0	0	0.031407863471968556	0.03045269160652042	0	0	0
2021-07-24	0	0	0	0.04146859101009048	0.040164894691392616	0	0	0
2021-07-25	0	0	0	0.043272098629960176	0.04185475513178538	0	0	0
2021-07-26	0	0	0	0.04559006347184158	0.04403140107004777	0	0	0
2021-07-27	0	0	0	0.04780173138074928	0.04609213113821564	0	0	0
2021-07-28	0	0	0	0.05018219312675276	0.04830070963788069	0	0	0
2021-07-29	0	0	0	0.052717668133354545	0.05064082324472596	0	0	0
2021-07-30	0	0	0	0.04080329726696408	0.039116260458055496	0	0	0
2021-07-31	0	0	0	0.04035568533470846	0.03862014897674659	0	0	0
2021-08-01	0	0	0	0.03771231466943159	0.036027077579734	0	0	0
2021-08-02	0	0	0	0.04074835715266012	0.03885864864360178	0	0	0
2021-08-03	0	0	0	0.040317668600341694	0.03837334846816476	0	0	0
2021-08-04	0	0	0	0.03849192711322247	0.03656322739946627	0	0	0
2021-08-05	0	0	0	0.038622280130621967	0.03661427121413552	0	0	0
2021-08-06	0	0	0	0.03153361217418804	0.029835387588133644	0	0	0
2021-08-07	0	0	0	0.03249593647179472	0.030692080958389045	0	0	0
2021-08-08	0	0	0	0.030886006347017103	0.029118380013654965	0	0	0
2021-08-09	0	0	0	0.042418001717424936	0.03991118568570995	0	0	0
2021-08-10	0	0	0	0.04466488805626989	0.04191527251755511	0	0	0
2021-08-11	0	0	0	0.04576570493709742	0.04282572058592593	0	0	0
2021-08-12	0	0	0	0.04680367602230007	0.0436633111859297	0	0	0
2021-08-13	0	0	0	0.08801034521627171	0.0394831803832949	0	0	0
2021-08-14	0	0	0	0.06604595711273431	0	0	0	0
2021-08-15	0	0	0	0.06277415875174741	0	0	0	0
2021-08-16	0	0	0	0.08282550611583606	0	0	0	0
2021-08-17	0	0	0	0.09509869022040918	0	0	0	0
2021-08-18	0	0	0	0.09146318872283743	0	0	0	0
2021-08-19	0	0	0	0.09360533991515818	0	0	0	0
2021-08-20	0	0	0	0.1006591459140358	0	0	0	0
2021-08-21	0	0	0	0.10779608921237038	0	0	0	0
2021-08-22	0	0	0	0.09952896365137942	0	0	0	0
2021-08-23	0	0	0.0069228012944404504	0.09501944366878123	0	0	0	0
2021-08-24	0	0	0	0	0	0	0	0
2021-08-25	0	0	0	0	0	0	0	0
2021-08-26	0	0	0	0	0	0	0	0
2021-08-27	0	0	0	0	0	0	0	0
2021-08-28	0	0	0	0	0	0	0	0
2021-08-29	0	0	0	0	0	0	0	0
2021-08-30	0	0	0	0	0	0	0	0
2021-08-31	0	0	0	0	0	0	0	0
