2020-02-17	0	0	0	0	0	0	0	0
2020-02-18	0	0	0	0	0	0	0	0
2020-02-19	0	0	0	0	0	0	0	0
2020-02-20	0	0	0	0	0	0	0	0
2020-02-21	0	0	0	0	0	0	0	0
2020-02-22	0	0	0	0	0	0	0	0
2020-02-23	0	0	0	0	0	0	0	0
2020-02-24	0	0	0	0	0	0	0	0
2020-02-25	0	0	0	0	0	0	0	0
2020-02-26	0	0	0	0	0	0	0	0
2020-02-27	0	0	0	0	0	0	0	0
2020-02-28	0	0	0	0	0	0	0	0
2020-02-29	0	0	0	0	0	0	0	0
2020-03-01	0	0	0	0	0	0	0	0
2020-03-02	0	0	0	0	0	0	0	0
2020-03-03	0	0	0	0	0	0	0	0
2020-03-04	0	0	0	0	0	0	0	0
2020-03-05	0	0	0	0	0	0	0	0
2020-03-06	0	0	0	0	0	0	0	0
2020-03-07	0	0	0	0	0	0	0	0
2020-03-08	0	0	0	0	0	0	0	0
2020-03-09	0	0	0	0	0	0	0	0
2020-03-10	0	0	0	0	0	0	0	0
2020-03-11	0	0	0	0	0	0	0	0
2020-03-12	0	0	0	0	0	0	0	0
2020-03-13	0	0	0	0	0	0	0	0
2020-03-14	0	0	0	0	0	0	0	0
2020-03-15	0	0	0	0	0	0	0	0
2020-03-16	0	0	0	0	0	0	0	0
2020-03-17	0	0	0	0	0	0	0	0
2020-03-18	0	0	0	0	0	0	0	0
2020-03-19	0	0	0	0	0	0	0	0
2020-03-20	0	0	0	0	0	0	0	0
2020-03-21	0	0	0	0	0	0	0	0
2020-03-22	0	0	0	0	0	0	0	0
2020-03-23	0	0	0	0	0	0	0	0
2020-03-24	0	0	0	0	0	0	0	0
2020-03-25	0	0	0	0	0	0	0	0
2020-03-26	0	0	0	0	0	0	0	0
2020-03-27	0	0	0	0	0	0	0	0
2020-03-28	0	0	0	0	0	0	0	0
2020-03-29	0	0	0	0	0	0	0	0
2020-03-30	0	0	0	0	0	0	0	0
2020-03-31	0	0	0	0	0	0	0	0
2020-04-01	0	0	0	0	0	0	0	0
2020-04-02	0	0	0	0	0	0	0	0
2020-04-03	0	0	0	0	0	0	0	0
2020-04-04	0	0	0	0	0	0	0	0
2020-04-05	0	0	0	0	0	0	0	0
2020-04-06	0	0	0	0	0	0	0	0
2020-04-07	0	0	0	0	0	0	0	0
2020-04-08	0	0	0	0	0	0	0	0
2020-04-09	0	0	0	0	0	0	0	0
2020-04-10	0	0	0	0	0	0	0	0
2020-04-11	0	0	0	0	0	0	0	0
2020-04-12	0	0	0	0	0	0	0	0
2020-04-13	0	0	0	0	0	0	0	0
2020-04-14	0	0	0	0	0	0	0	0
2020-04-15	0	0	0	0	0	0	0	0
2020-04-16	0	0	0	0	0	0	0	0
2020-04-17	0	0	0	0	0	0	0	0
2020-04-18	0	0	0	0	0	0	0	0
2020-04-19	0	0	0	0	0	0	0	0
2020-04-20	0	0	0	0	0	0	0	0
2020-04-21	0	0	0	0	0	0	0	0
2020-04-22	0	0	0	0	0	0	0	0
2020-04-23	0	0	0	0	0	0	0	0
2020-04-24	0	0	0	0	0	0	0	0
2020-04-25	0	0	0	0	0	0	0	0
2020-04-26	0	0	0	0	0	0	0	0
2020-04-27	0	0	0	0	0	0	0	0
2020-04-28	0	0	0	0	0	0	0	0
2020-04-29	0	0	0	0	0	0	0	0
2020-04-30	0	0	0	0	0	0	0	0
2020-05-01	0	0	0	0	0	0	0	0
2020-05-02	0	0	0	0	0	0	0	0
2020-05-03	0	0	0	0	0	0	0	0
2020-05-04	0	0	0	0	0	0	0	0
2020-05-05	0	0	0	0	0	0	0	0
2020-05-06	0	0	0	0	0	0	0	0
2020-05-07	0	0	0	0	0	0	0	0
2020-05-08	0	0	0	0	0	0	0	0
2020-05-09	0	0	0	0	0	0	0	0
2020-05-10	0	0	0	0	0	0	0	0
2020-05-11	0	0	0	0	0	0	0	0
2020-05-12	0	0	0	0	0	0	0	0
2020-05-13	0	0	0	0	0	0	0	0
2020-05-14	0	0	0	0	0	0	0	0
2020-05-15	0	0	0	0	0	0	0	0
2020-05-16	0	0	0	0	0	0	0	0
2020-05-17	0	0	0	0	0	0	0	0
2020-05-18	0	0	0	0	0	0	0	0
2020-05-19	0	0	0	0	0	0	0	0
2020-05-20	0	0	0	0	0	0	0	0
2020-05-21	0	0	0	0	0	0	0	0
2020-05-22	0	0	0	0	0	0	0	0
2020-05-23	0	0	0	0	0	0	0	0
2020-05-24	0	0	0	0	0	0	0	0
2020-05-25	0	0	0	0	0	0	0	0
2020-05-26	0	0	0	0	0	0	0	0
2020-05-27	0	0	0	0	0	0	0	0
2020-05-28	0	0	0	0	0	0	0	0
2020-05-29	0	0	0	0	0	0	0	0
2020-05-30	0	0	0	0	0	0	0	0
2020-05-31	0	0	0	0	0	0	0	0
2020-06-01	0	0	0	0	0	0	0	0
2020-06-02	0	0	0	0	0	0	0	0
2020-06-03	0	0	0	0	0	0	0	0
2020-06-04	0	0	0	0	0	0	0	0
2020-06-05	0	0	0	0	0	0	0	0
2020-06-06	0	0	0	0	0	0	0	0
2020-06-07	0	0	0	0	0	0	0	0
2020-06-08	0	0	0	0	0	0	0	0
2020-06-09	0	0	0	0	0	0	0	0
2020-06-10	0	0	0	0	0	0	0	0
2020-06-11	0	0	0	0	0	0	0	0
2020-06-12	0	0	0	0	0	0	0	0
2020-06-13	0	0	0	0	0	0	0	0
2020-06-14	0	0	0	0	0	0	0	0
2020-06-15	0	0	0	0	0	0	0	0
2020-06-16	0	0	0	0	0	0	0	0
2020-06-17	0	0	0	0	0	0	0	0
2020-06-18	0	0	0	0	0	0	0	0
2020-06-19	0	0	0	0	0	0	0	0
2020-06-20	0	0	0	0	0	0	0	0
2020-06-21	0	0	0	0	0	0	0	0
2020-06-22	0	0	0	0	0	0	0	0
2020-06-23	0	0	0	0	0	0	0	0
2020-06-24	0	0	0	0	0	0	0	0
2020-06-25	0	0	0	0	0	0	0	0
2020-06-26	0	0	0	0	0	0	0	0
2020-06-27	0	0	0	0	0	0	0	0
2020-06-28	0	0	0	0	0	0	0	0
2020-06-29	0	0	0	0	0	0	0	0
2020-06-30	0	0	0	0	0	0	0	0
2020-07-01	0	0	0	0	0	0	0	0
2020-07-02	0	0	0	0	0	0	0	0
2020-07-03	0	0	0	0	0	0	0	0
2020-07-04	0	0	0	0	0	0	0	0
2020-07-05	0	0	0	0	0	0	0	0
2020-07-06	0	0	0	0	0	0	0	0
2020-07-07	0	0	0	0	0	0	0	0
2020-07-08	0	0	0	0	0	0	0	0
2020-07-09	0	0	0	0	0	0	0	0
2020-07-10	0	0	0	0	0	0	0	0
2020-07-11	0	0	0	0	0	0	0	0
2020-07-12	0	0	0	0	0	0	0	0
2020-07-13	0	0	0	0	0	0	0	0
2020-07-14	0	0	0	0	0	0	0	0
2020-07-15	0	0	0	0	0	0	0	0
2020-07-16	0	0	0	0	0	0	0	0
2020-07-17	0	0	0	0	0	0	0	0
2020-07-18	0	0	0	0	0	0	0	0
2020-07-19	0	0	0	0	0	0	0	0
2020-07-20	0	0	0	0	0	0	0	0
2020-07-21	0	0	0	0	0	0	0	0
2020-07-22	0	0	0	0	0	0	0	0
2020-07-23	0	0	0	0	0	0	0	0
2020-07-24	0	0	0	0	0	0	0	0
2020-07-25	0	0	0	0	0	0	0	0
2020-07-26	0	0	0	0	0	0	0	0
2020-07-27	0	0	0	0	0	0	0	0
2020-07-28	0	0	0	0	0	0	0	0
2020-07-29	0	0	0	0	0	0	0	0
2020-07-30	0	0	0	0	0	0	0	0
2020-07-31	0	0	0	0	0	0	0	0
2020-08-01	0	0	0	0	0	0	0	0
2020-08-02	0	0	0	0	0	0	0	0
2020-08-03	0	0	0	0	0	0	0	0
2020-08-04	0	0	0	0	0	0	0	0
2020-08-05	0	0	0	0	0	0	0	0
2020-08-06	0	0	0	0	0	0	0	0
2020-08-07	0	0	0	0	0	0	0	0
2020-08-08	0	0	0	0	0	0	0	0
2020-08-09	0	0	0	0	0	0	0	0
2020-08-10	0	0	0	0	0	0	0	0
2020-08-11	0	0	0	0	0	0	0	0
2020-08-12	0	0	0	0	0	0	0	0
2020-08-13	0	0	0	0	0	0	0	0
2020-08-14	0	0	0	0	0	0	0	0
2020-08-15	0	0	0	0	0	0	0	0
2020-08-16	0	0	0	0	0	0	0	0
2020-08-17	0	0	0	0	0	0	0	0
2020-08-18	0	0	0	0	0	0	0	0
2020-08-19	0	0	0	0	0	0	0	0
2020-08-20	0	0	0	0	0	0	0	0
2020-08-21	0	0	0	0	0	0	0	0
2020-08-22	0	0	0	0	0	0	0	0
2020-08-23	0	0	0	0	0	0	0	0
2020-08-24	0	0	0	0	0	0	0	0
2020-08-25	0	0	0	0	0	0	0	0
2020-08-26	0	0	0	0	0	0	0	0
2020-08-27	0	0	0	0	0	0	0	0
2020-08-28	0	0	0	0	0	0	0	0
2020-08-29	0	0	0	0	0	0	0	0
2020-08-30	0	0	0	0	0	0	0	0
2020-08-31	0	0	0	0	0	0	0	0
2020-09-01	0	0	0	0	0	0	0	0
2020-09-02	0	0	0	0	0	0	0	0
2020-09-03	0	0	0	0	0	0	0	0
2020-09-04	0	0	0	0	0	0	0	0
2020-09-05	0	0	0	0	0	0	0	0
2020-09-06	0	0	0	0	0	0	0	0
2020-09-07	0	0	0	0	0	0	0	0
2020-09-08	0	0	0	0	0	0	0	0
2020-09-09	0	0	0	0	0	0	0	0
2020-09-10	0	0	0	0	0	0	0	0
2020-09-11	0	0	0	0	0	0	0	0
2020-09-12	0	0	0	0	0	0	0	0
2020-09-13	0	0	0	0	0	0	0	0
2020-09-14	0	0	0	0	0	0	0	0
2020-09-15	0	0	0	0	0	0	0	0
2020-09-16	0	0	0	0	0	0	0	0
2020-09-17	0	0	0	0	0	0	0	0
2020-09-18	0	0	0	0	0	0	0	0
2020-09-19	0	0	0	0	0	0	0	0
2020-09-20	0	0	0	0	0	0	0	0
2020-09-21	0	0	0	0	0	0	0	0
2020-09-22	0	0	0	0	0	0	0	0
2020-09-23	0	0	0	0	0	0	0	0
2020-09-24	0	0	0	0	0	0	0	0
2020-09-25	0	0	0	0	0	0	0	0
2020-09-26	0	0	0	0	0	0	0	0
2020-09-27	0	0	0	0	0	0	0	0
2020-09-28	0	0	0	0	0	0	0	0
2020-09-29	0	0	0	0	0	0	0	0
2020-09-30	0	0	0	0	0	0	0	0
2020-10-01	0	0	0	0	0	0	0	0
2020-10-02	0	0	0	0	0	0	0	0
2020-10-03	0	0	0	0	0	0	0	0
2020-10-04	0	0	0	0	0	0	0	0
2020-10-05	0	0	0	0	0	0	0	0
2020-10-06	0	0	0	0	0	0	0	0
2020-10-07	0	0	0	0	0	0	0	0
2020-10-08	0	0	0	0	0	0	0	0
2020-10-09	0	0	0	0	0	0	0	0
2020-10-10	0	0	0	0	0	0	0	0
2020-10-11	0	0	0	0	0	0	0	0
2020-10-12	0	0	0	0	0	0	0	0
2020-10-13	0	0	0	0	0	0	0	0
2020-10-14	0	0	0	0	0	0	0	0
2020-10-15	0	0	0	0	0	0	0	0
2020-10-16	0	0	0	0	0	0	0	0
2020-10-17	0	0	0	0	0	0	0	0
2020-10-18	0	0	0	0	0	0	0	0
2020-10-19	0	0	0	0	0	0	0	0
2020-10-20	0	0	0	0	0	0	0	0
2020-10-21	0	0	0	0	0	0	0	0
2020-10-22	0	0	0	0	0	0	0	0
2020-10-23	0	0	0	0	0	0	0	0
2020-10-24	0	0	0	0	0	0	0	0
2020-10-25	0	0	0	0	0	0	0	0
2020-10-26	0	0	0	0	0	0	0	0
2020-10-27	0	0	0	0	0	0	0	0
2020-10-28	0	0	0	0	0	0	0	0
2020-10-29	0	0	0	0	0	0	0	0
2020-10-30	0	0	0	0	0	0	0	0
2020-10-31	0	0	0	0	0	0	0	0
2020-11-01	0	0	0	0	0	0	0	0
2020-11-02	0	0	0	0	0	0	0	0
2020-11-03	0	0	0	0	0	0	0	0
2020-11-04	0	0	0	0	0	0	0	0
2020-11-05	0	0	0	0	0	0	0	0
2020-11-06	0	0	0	0	0	0	0	0
2020-11-07	0	0	0	0	0	0	0	0
2020-11-08	0	0	0	0	0	0	0	0
2020-11-09	0	0	0	0	0	0	0	0
2020-11-10	0	0	0	0	0	0	0	0
2020-11-11	0	0	0	0	0	0	0	0
2020-11-12	0	0	0	0	0	0	0	0
2020-11-13	0	0	0	0	0	0	0	0
2020-11-14	0	0	0	0	0	0	0	0
2020-11-15	0	0	0	0	0	0	0	0
2020-11-16	0	0	0	0	0	0	0	0
2020-11-17	0	0	0	0	0	0	0	0
2020-11-18	0	0	0	0	0	0	0	0
2020-11-19	0	0	0	0	0	0	0	0
2020-11-20	0	0	0	0	0	0	0	0
2020-11-21	0	0	0	0	0	0	0	0
2020-11-22	0	0	0	0	0	0	0	0
2020-11-23	0	0	0	0	0	0	0	0
2020-11-24	0	0	0	0	0	0	0	0
2020-11-25	0	0	0	0	0	0	0	0
2020-11-26	0	0	0	0	0	0	0	0
2020-11-27	0	0	0	0	0	0	0	0
2020-11-28	0	0	0	0	0	0	0	0
2020-11-29	0	0	0	0	0	0	0	0
2020-11-30	0	0	0	0	0	0	0	0
2020-12-01	0	0	0	0	0	0	0	0
2020-12-02	0	0	0	0	0	0	0	0
2020-12-03	0	0	0	0	0	0	0	0
2020-12-04	0	0	0	0	0	0	0	0
2020-12-05	0	0	0	0	0	0	0	0
2020-12-06	0	0	0	0	0	0	0	0
2020-12-07	0	0	0	0	0	0	0	0
2020-12-08	0	0	0	0	0	0	0	0
2020-12-09	0	0	0	0	0	0	0	0
2020-12-10	0	0	0	0	0	0	0	0
2020-12-11	0	0	0	0	0	0	0	0
2020-12-12	0	0	0	0	0	0	0	0
2020-12-13	0	0	0	0	0	0	0	0
2020-12-14	0	0	0	0	0	0	0	0
2020-12-15	0	0	0	0	0	0	0	0
2020-12-16	0	0	0	0	0	0	0	0
2020-12-17	0	0	0	0	0	0	0	0
2020-12-18	0	0	0	0	0	0	0	0
2020-12-19	0	0	0	0	0	0	0	0
2020-12-20	0	0	0	0	0	0	0	0
2020-12-21	0	0	0	0	0	0	0	0
2020-12-22	0	0	0	0	0	0	0	0
2020-12-23	0	0	0	0	0	0	0	0
2020-12-24	0	0	0	0	0	0	0	0
2020-12-25	0	0	0	0	0	0	0	0
2020-12-26	0	0	0	0	0	0	0	0
2020-12-27	0	0	0	0	0	0	0	0
2020-12-28	0	0	0	0	0	0	0	0
2020-12-29	0	0	0	0	0	0	0	0
2020-12-30	0	0	0	0	0	0	0	0
2020-12-31	0	0	0	0	0	0	0	0
2021-01-01	0	0	0	0	0	0	0	0
2021-01-02	0	0	0	0	0	0	0	0
2021-01-03	0	0	0	0	0	0	0	0
2021-01-04	0	0	0	0	0	0	0	0
2021-01-05	0	0	0	0	0	0	0	0
2021-01-06	0	0	0	0	0	0	0	0
2021-01-07	0	0	0	0	0	0	0	0
2021-01-08	0	0	0	0	0	0	0	0
2021-01-09	0	0	0	0	0	0	0	0
2021-01-10	0	0	0	0	0	0	0	0
2021-01-11	0	0	0	0	0	0	0	0
2021-01-12	0	0	0	0	0	0	0	0
2021-01-13	0	0	0	0	0	0	0	0
2021-01-14	0	0	0	0	0	0	0	0
2021-01-15	0	0	0	0	0	0	0	0
2021-01-16	0	0	0	0	0	0	0	0
2021-01-17	0	0	0	0	0	0	0	0
2021-01-18	0	0	0	0	0	0	0	0
2021-01-19	0	0	0	0	0.0012486560823128379	0.0015479878480257891	0.0013311149561112678	2.1421150591427462e-4
2021-01-20	0	0	0	0	0.0013052275749017017	0.0016357488144955745	0.003193359852645461	3.533481531565741e-4
2021-01-21	0	0	0	7.554296775629243e-4	0.0015936680795760605	0.0016957367389958122	0.00144282813056118	9.993704590476327e-4
2021-01-22	0	0	0	6.23538596604023e-4	1.800747313782658e-4	3.1084056657104675e-4	3.9623576416580875e-4	2.5565803182692193e-5
2021-01-23	0	0	0	0.0024213083938082747	0.002686018757748654	0.007353241927571252	0.008127754961127165	1.1393883392840642e-4
2021-01-24	0	0	0	0.00177069534492591	0.002851034949072906	0.006024921540257466	0.004964208132739678	2.515074729259048e-5
2021-01-25	0	0	0	0.006435587842579693	0.0071526822873748674	0.009441052584227672	0.003824826602433662	0.002993505271909447
2021-01-26	0	0	0	0.01008127394286551	0.015029137682523563	0.01170889762710936	0.011548946323355791	0.07754003871624415
2021-01-27	0	0	0	0.026557610895119543	0.026989048937046567	0.02508725416109936	0.020986939631108203	0.1319384236121084
2021-01-28	0	0	0	0.020242545238239762	0.02307941228232746	0.02825022586267778	0.025993432366457236	0.10653273112097406
2021-01-29	0	0	0	0.013598296893208017	0.01600544815969518	0.0184261620841506	0.020785183528844176	0.04744381287269861
2021-01-30	0	0	0	0.011416119599919838	0.010457289536826453	0.01296349244137307	0.011957940092855779	0.043121157910391616
2021-01-31	0	0	0	0.012278509836411766	0.01731354125657325	0.01536273564839008	0.010940197178052724	0.02438051565091004
2021-02-01	0	0	0	0.00894648393645947	0.011027015191724887	0.014472551953581325	0.009848041395393414	0.013163055237177312
2021-02-02	0	0	0	0.0023373181956010125	0.003894705131681331	0.006638013823447642	0.009403519620658551	0.012509845173468648
2021-02-03	0	0	0	9.235742815276726e-4	0.0012456791716388693	0.001777025074249039	0.0014055264473582518	4.94081675831648e-4
2021-02-04	0	0	0	7.889235445603937e-4	0.0014988726496834026	0.001494210145078334	0.001373372583580279	2.497805247050344e-4
2021-02-05	0	0	0	2.817099809735435e-4	4.197453179810573e-4	6.762245423646007e-4	3.3981819971717897e-4	1.2331934583964532e-4
2021-02-06	0	0	0	4.96154807932303e-4	0.0010609142290141094	0.0012011256074153653	6.819654441792e-4	2.576254796002875e-4
2021-02-07	0	0	0	0	2.607941191983265e-4	3.0081973547613217e-4	2.4106551042790691e-4	6.760639558422987e-5
2021-02-08	0	0	0	2.096326194114262e-4	2.880834304554991e-4	1.7168799041122895e-4	1.152770974184314e-4	2.193102692094051e-5
2021-02-09	0	0	0	2.878733372233544e-4	3.77455146861827e-4	3.266106006916125e-4	0	3.206558481161359e-5
2021-02-10	0	0	0	1.7578554197861251e-4	4.0052068089591053e-4	6.618603183248251e-4	5.904640191667365e-4	2.8948544114748564e-4
2021-02-11	0	0	0	4.8128986378492833e-4	1.6985990448992183e-4	2.8796261065533457e-4	2.583812426000254e-4	3.2392823140714455e-5
2021-02-12	0	0	0	2.908456352177513e-4	3.4079775320883243e-4	5.770816278416468e-4	2.8669724917929074e-4	3.0143277458760664e-5
2021-02-13	0	0	0	0	1.3161271656314533e-4	1.623287494050274e-4	2.802317516725772e-5	2.733144551259059e-5
2021-02-14	0	0	0	6.138829633584031e-5	6.217764777227686e-5	1.8119470730715292e-5	0	0
2021-02-15	0	0	0	0	1.2083898507375679e-5	1.766090185428837e-5	0	2.7545174086762714e-5
2021-02-16	0	0	0	0	3.5000014586117345e-5	6.848376936674505e-5	1.9012943061502696e-5	1.0096378344925938e-5
2021-02-17	0	0	0	1.0737966773732843e-4	1.0060052933424934e-4	3.287473084023773e-5	5.174978977517952e-5	6.5270849549659005e-6
2021-02-18	0	0	0	1.5393891213655309e-4	1.8342140296589982e-4	1.900673951595877e-4	1.0672480635132153e-4	2.212345679075689e-5
2021-02-19	0	0	0	4.408361245278325e-4	7.882999995054707e-4	0.0010992364927795428	3.433272396036191e-4	3.084292039718939e-4
2021-02-20	0	0	0	7.463383038122107e-4	0.0010830065650320186	0.00117196411699938	3.328137763569661e-4	1.6713613699770313e-4
2021-02-21	0	0	0	6.708033058047125e-4	9.660011227801135e-4	0.0013293774920193346	2.3468987168340227e-4	4.640425443940277e-4
2021-02-22	0	0	0	4.35336242881057e-5	5.33060266318941e-4	4.829718940535521e-4	1.075164325170519e-4	5.128312401447843e-5
2021-02-23	0	0	0	2.1281350149093825e-4	2.2892986808509264e-4	4.0003213773021074e-4	1.0014424629423146e-4	2.0204974197168823e-4
2021-02-24	0	0	0	4.5848139063786597e-4	0.0018184031521804034	0.002684466070787428	3.2521130112161956e-4	4.732203301371918e-5
2021-02-25	0	0	0	0.00145955827265154	0.0031099982355733413	0.002934249306929093	2.113740375173645e-4	4.3947663508348e-5
2021-02-26	0	0	0	1.9714727935360443e-4	4.02327511501932e-4	5.027230913101643e-4	1.439207478279858e-4	5.0982041584157756e-5
2021-02-27	0	0	0	0	1.412514464456116e-4	1.3802543135010836e-4	6.212820155893084e-5	2.0177766119955365e-5
2021-02-28	0	0	0	3.710747252050339e-5	6.468566809858523e-5	1.0987682815866151e-4	1.6383370878836345e-5	5.004472747538458e-6
2021-03-01	0	0	0	2.1932630336629622e-4	1.0372885284848365e-4	1.5095885853466662e-4	2.3390764157582566e-5	1.4965075255890525e-5
2021-03-02	0	0	0	7.540733694137991e-4	0.0023178301903949983	0.0020510203155221784	1.1869920519069765e-4	2.7316077437333774e-5
2021-03-03	0	0	0	0.001130183038615229	0.002338991858633177	0.002686533810053904	1.6642338832162373e-4	0.0021356858328773765
2021-03-04	0	0	0	0.0014827971727255918	0.0024595399946441	0.0023197109906867297	1.7528190542792643e-4	0.0013011138935450361
2021-03-05	0	0	0	8.758190169519953e-4	0.00153559429544603	0.0016778265781651758	1.84401803139167e-4	5.825815584774574e-4
2021-03-06	0	0	0	4.2532656563509796e-4	0.0010761406334243162	0.0014174943810456586	1.812857628784581e-4	6.577228540383118e-5
2021-03-07	0	0	0	1.9052155318299846e-4	2.1123562336455848e-4	6.040325877645358e-4	4.9586080203223304e-5	4.856531974795075e-6
2021-03-08	0	0	0	1.5729824558130545e-4	5.513977863920161e-4	8.058698847350776e-4	1.1430148728930334e-4	2.4269989067127185e-5
2021-03-09	0	0	0	5.566465247828223e-4	0.00103338174161971	0.0016449579078625653	3.268942739578229e-4	2.7398273431167297e-4
2021-03-10	0	0	0	9.02160720718026e-4	0.0010359662593377728	0.001446488677253166	4.1051897641253277e-4	1.2351232743501583e-4
2021-03-11	0	0	0	7.516949540562479e-4	9.445589727803405e-4	0.0010859317617479824	3.1980087568217463e-4	5.127312211801183e-4
2021-03-12	0	0	0	5.045196632722515e-4	7.137870700029136e-4	0.0010937511634367958	1.3109768102292918e-4	2.102372242895889e-4
2021-03-13	0	0	0	5.697889861466798e-4	8.309439001494834e-4	5.692199348803495e-4	7.522234923129645e-5	8.450284265304475e-5
2021-03-14	0	0	0	1.8423355590102553e-4	3.462944320977712e-4	2.071076571243946e-4	2.1155670830941276e-5	1.2065411421513517e-5
2021-03-15	0	0	0	2.6070520869403424e-4	3.369595236764056e-4	3.1205114157439873e-4	3.363450227489295e-5	3.619121265585612e-5
2021-03-16	0	0	0	0.0010310607722232579	0.0013452181608712976	0.0014434743307183417	2.1261494555524507e-4	6.68133604356802e-4
2021-03-17	0	0	0	0.0014348016723388923	0.0021818300489506726	0.002362739390172619	4.579014354995081e-4	4.196355728331991e-4
2021-03-18	0	0	0	0.001569868433353827	0.0019397810456653897	0.0019449475013439965	3.192018753614967e-4	2.4100160353568434e-4
2021-03-19	0	0	0	8.814967314072497e-4	0.0014334897609673547	0.0012482795290087445	2.3952324895515353e-4	7.538740178292258e-4
2021-03-20	0	0	0	7.112217680940169e-4	7.533628998166453e-4	6.348978698118568e-4	1.3924736814474592e-4	1.5407541532930225e-4
2021-03-21	0	0	0	2.1370032863998745e-4	2.283126749511588e-4	1.2260578953737777e-4	5.5036205971692453e-5	3.6090117025100454e-5
2021-03-22	0	0	0	4.231460959238653e-4	6.544125351590768e-4	5.864576154741563e-4	5.0944680942688336e-5	6.255059683213382e-5
2021-03-23	0	0	0.2111456180001683	3.34854131516904e-4	5.541088557716733e-4	6.260466871172987e-4	9.774702879306041e-5	1.8280612246268646e-4
2021-03-24	0	0	0	0.0017207692742613467	0.0016523584019356718	0.0013057892104471058	2.6506122835856516e-4	0.003800360725084939
2021-03-25	0	0	0	0.0015519708279629896	0.0017625140204242662	0.0014076258054982471	1.9634191728545858e-4	0.003918947075358226
2021-03-26	0	0	0	0.0014210446470981353	0.0017232178257391428	0.0011957502032666767	6.207051727473711e-4	0.0045000971329025585
2021-03-27	0	0	0	9.531081103208994e-4	0.0011122361687401217	8.73341584124887e-4	4.963137240794335e-4	0.0033681062520469762
2021-03-28	0	0	0	2.2463496888525114e-4	2.562514691590856e-4	2.1835778357903735e-4	5.353830858156883e-5	5.599877777662243e-5
2021-03-29	0	0	0	8.896962498416983e-4	9.293559281040586e-4	5.787095081373206e-4	1.5659179883997787e-4	5.405188349001389e-4
2021-03-30	0	0	0	0.0015726867025602775	0.002294666453223737	0.001180269312761828	2.9891054888020463e-4	0.0033752378035447617
2021-03-31	0	0	0	0.001989096628744358	0.0035828895787257675	0.002504864680028307	4.6939591578398776e-4	0.016938847957141956
2021-04-01	0	0	0	0.0021622304092712152	0.003156242693277189	0.0018815224724013646	5.389014856898022e-4	0.01100161766796326
2021-04-02	0	0	0	0.003899814037928051	0.005452901449026548	0.004045762426235555	9.692491591588581e-4	0.02474859410750052
2021-04-03	0	0	0	0.001760724853294704	0.0021829651315457	0.0013598185010907926	6.454388134526923e-4	0.01164485651783087
2021-04-04	0	0	0	0.0010546184228521494	0.0010001949534683696	5.174697334577871e-4	1.0746976124487162e-4	0.0010480320538435173
2021-04-05	0	0	0	0.002265971063230454	0.0031374618964756795	0.0018968449514615848	5.293858698671716e-4	0.0015463376373217042
2021-04-06	0	0	0	0.004859957441879947	0.00611584471117621	0.003540171370145062	0.0012395927840431753	0.010514489021341555
2021-04-07	0	0	0	0.005179647247771202	0.006931657978288541	0.004002897571945496	0.0014521242991527572	0.009135437104906163
2021-04-08	0	0	0	0.006043052621420575	0.008216025875400268	0.005163455353777158	0.0017323210376172238	0.010281503084396793
2021-04-09	0	0	0	0.0053512634014558635	0.007049938201076467	0.0038459324770185876	0.002210482781578982	0.010827902519513044
2021-04-10	0	0	0	0.004941244312116622	0.003962855962486467	0.0019591810154300227	0.0020273986323400273	0.007679958000023301
2021-04-11	0	0	0	0.0014283165542596787	0.0015407903372957055	7.5882945190342e-4	6.004850134100348e-4	9.528392897615312e-4
2021-04-12	0	0	0	0.004833915164878411	0.005003077605381767	0.002741913603773405	9.545322229980169e-4	0.00246576522198394
2021-04-13	0	0	0	0.007425423136829812	0.009351857233862004	0.00463869206618539	0.00189716452460309	0.013688797949175546
2021-04-14	0	0	0	0.010958426902278218	0.012310718428657719	0.0058203643064960175	0.004477217512980358	0.0351370927448984
2021-04-15	0	0	0	0.008846477057483426	0.009350617855969912	0.005021990207878746	0.0040840801545132255	0.04067638773512994
2021-04-16	0	0	0	0.008140192250840395	0.01003384241548022	0.005225189703949917	0.008529026335305279	0.044552187246083674
2021-04-17	0	0	0	0.00931146125458504	0.010893577330392201	0.006093334124699368	0.009556810507113767	0.0689961180941312
2021-04-18	0	0	0	0.004156720962757765	0.005609412391293311	0.002560736472990266	0.0029223869266943314	0.023049288279320512
2021-04-19	0	0	0	0.009401478646095196	0.010453361477811063	0.004796421432748721	0.0033717414724270256	0.013908482450813109
2021-04-20	0	0	0	0.00966928340630746	0.01205027891667676	0.006577695757645996	0.007783284445665117	0.04132216783626008
2021-04-21	0	0	0	0.01418082621133232	0.015194939205352531	0.00828298798119076	0.014826492916352185	0.08432935252953966
2021-04-22	0	0	0	0.01499847356638484	0.014797358663376059	0.008407997094403319	0.01536398219486812	0.08867621240751578
2021-04-23	0	0	0	0.006526839617298386	0.006323696662798861	0.0034542158734052197	0.005645177019641512	0.0329708258638175
2021-04-24	0	0	0	0.006038296493323214	0.005873965330051911	0.002956476529875296	0.0028956205279504488	0.024955403170103807
2021-04-25	0	0	0	0.002555962892210051	0.00262545504189049	0.0011515064513429873	6.412754239788487e-4	4.1279764869828206e-4
2021-04-26	0	0	0	0.00408329811652286	0.004025051134194602	0.0015498099629578377	3.004679602391924e-4	9.498713964861683e-4
2021-04-27	0	0	0	0.008756292931011878	0.01019875580733376	0.004624140677798705	0.00544702246695139	0.026156698066633677
2021-04-28	0	0	0	0.013967488457099497	0.015394418555408684	0.006914809047883663	0.013564727250695574	0.06661173167973544
2021-04-29	0	0	0	0.015308216979198708	0.015979962072629972	0.007909504331507167	0.020894560922289473	0.07563181943439745
2021-04-30	0	0	0.10263340389897246	0.01664156028155772	0.015788495819627713	0.007719935072028505	0.019657122312775055	0.09181034231548835
2021-05-01	0	0	0	0.014438621088704418	0.013555759176561155	0.007650212882598151	0.03789171896118515	0.11904103430555257
2021-05-02	0	0	0	0.007013104768015754	0.006642253280777055	0.0031091040227440025	0.010056086769750117	0.030029243988053622
2021-05-03	0	0	0	0.009560149779354266	0.009138515358176003	0.00432702816028363	0.0056775612222312866	0.03497613426625423
2021-05-04	0	0	0	0.01224641766000567	0.010855150571391858	0.004991250767329758	0.010352691487002685	0.050082887077437466
2021-05-05	0	0	0	0.014611412441298821	0.012275195646760384	0.006859492160125491	0.021255931378646453	0.08532842763998816
2021-05-06	0	0	0	0.013094713515670486	0.012639567702565024	0.00728616969032192	0.03107819970458281	0.09678200294329686
2021-05-07	0	0	0	0.013145489487026207	0.012231342266396439	0.007032003785027108	0.03975499425315321	0.14876639520322965
2021-05-08	0	0	0	0.01238145221211795	0.011481488099319481	0.007634230085612703	0.05228715682304874	0.17065599621020366
2021-05-09	0	0	0	0.00603049452405191	0.005180742807588734	0.0026336768715335968	0.01574213527130386	0.06438423129885873
2021-05-10	0	0	0	0.0072964236913746205	0.006569500936088213	0.004080217330875824	0.012869793561538279	0.05738059925797989
2021-05-11	0	0	0	0.008673885462711972	0.00898419604189904	0.005424352161093049	0.03172384239226611	0.07213205633913633
2021-05-12	0	0	0	0.0133827559570181	0.012581968814670219	0.007671753071846865	0.04798660712202829	0.11741958647725315
2021-05-13	0	0	0	0.011944071505035403	0.011235028232801092	0.006545955390487634	0.045682225060994064	0.11442296752138836
2021-05-14	0	0	0	0.011814860990215115	0.011356148475877959	0.007927724483579368	0.0632519056992813	0.1297023160745827
2021-05-15	0	0	0	0.013054510565484234	0.012231982415884746	0.010135782311375463	0.10482746089555328	0.15648414038889236
2021-05-16	0	0	0	0.006490966027742129	0.005901509520893411	0.0039270423103963115	0.04292004867286825	0.0723619721361548
2021-05-17	0	0	0	0.007133700093173934	0.006360800903552288	0.004621631441870999	0.04065820830850786	0.057669559151325656
2021-05-18	0	0	0	0.013895696849783867	0.012202365425431072	0.008978894297925422	0.07459687890133648	0.0928490787052969
2021-05-19	0	0	0	0.012498564125704714	0.012484051105551952	0.012237013872031133	0.0891471339349752	0.11231140624138258
2021-05-20	0	0	0	0.013093218268174223	0.013761786101692541	0.012652935073419469	0.10006660848976212	0.12143111136875406
2021-05-21	0	0	0	0.01659847458306296	0.012869597624992624	0.012834763439862673	0.09661683474328697	0.11523845885373407
2021-05-22	0	0	0	0.01282133250872608	0.010822303567939562	0.010404866903428678	0.09324745547010416	0.07382069739095076
2021-05-23	0	0	0	0.0049844728334091926	0.0047323136159538315	0.003072079473953604	0.02745576313188791	0.013245682970155936
2021-05-24	0	0	0	0.004285713255125723	0.003404165242196333	0.0025781929580777074	0.022864186861756952	0.014136632542508076
2021-05-25	0	0	0	0.010126647347635798	0.007878807621312767	0.005795576981599382	0.056266647105398526	0.0380178075443145
2021-05-26	0	0	0	0.01676449930582735	0.014033760083772773	0.014467401282998615	0.0820527195902454	0.061421814413972875
2021-05-27	0	0	0	0.02465292688041676	0.02126316838412179	0.02124490166888693	0.10741476811515893	0.07322737622525799
2021-05-28	0	0	0	0.027902623465337895	0.019651959315788003	0.022174325440569298	0.10348472495928562	0.06412431941982843
2021-05-29	0	0	0	0.028562887344856902	0.021573236377369076	0.023238925069549277	0.11253650605763599	0.05407035765853463
2021-05-30	0	0	0	0.008688019200249864	0.006752921348252006	0.007075100669308609	0.05412494078757257	0.019263648919718213
2021-05-31	0	0	0	0.008110117220670343	0.006396604870238853	0.005752354538293147	0.06924336236524864	0.03686492849238254
2021-06-01	0	0	0	0.017540303235552335	0.01280820971654939	0.014993162724046272	0.0930609808614522	0.041957541763906425
2021-06-02	0	0	0.14835980045489694	0.029648332603385397	0.01676760373875541	0.019620158724507508	0.10566890960665254	0.056519085896438837
2021-06-03	0	0	0.0851457844873238	0.02555729054506295	0.015628515574085622	0.020793404533224313	0.09984719171834233	0.040884498589207396
2021-06-04	0	0	0	0.021998461821100657	0.015502960089134543	0.023150840523588068	0.10867068693477	0.053284191091237165
2021-06-05	0	0	0	0.02962075905413175	0.02032615564909257	0.029597765213606353	0.1104983458917781	0.03531934042308604
2021-06-06	0	0	0	0.009623422044208851	0.005562233961666552	0.010441527784587068	0.04016938096366118	0.007466449919613982
2021-06-07	0	0	0	0.011073970450358184	0.00705297190548082	0.013908883115949289	0.057594971760685176	0.028293097016244495
2021-06-08	0	0	0	0.014692421411856227	0.010738908684218451	0.023684758162647812	0.07339880472942117	0.03909295456078721
2021-06-09	0	0	0	0.01764806932431595	0.011355185513867827	0.026877849440686274	0.07189945829133326	0.04794778584980186
2021-06-10	0	0	0.07275177668113697	0.020091732473926482	0.014327302876071757	0.03322334975752517	0.07975677005271975	0.045959462569633125
2021-06-11	0	0	0.07846215433895432	0.018654153129091133	0.01342472006091433	0.03248603044490217	0.07646378931503683	0.041445259929040024
2021-06-12	0	0	0	0.03574742187198421	0.020916353227518947	0.06067050643266114	0.11940705783591721	0.03599480658040832
2021-06-13	0	0	0	0.009138119221759888	0.005678866419955186	0.01959944825054971	0.034838164734756205	0.00905111625018895
2021-06-14	0	0	0	0.01380965569821635	0.008382147331491563	0.0266655303014407	0.0495464115324602	0.019574815945884616
2021-06-15	0	0	0	0.023023271542029766	0.009005328852983663	0.038796120379534615	0.0640781580154921	0.03767440360323704
2021-06-16	0	0	0	0.017489925938507067	0.011753403540085694	0.044182067785137	0.07494527038312548	0.05531480432794278
2021-06-17	0	0	0	0.0206641520863744	0.011486670881318384	0.045964166884128854	0.06593727646373249	0.048262396765639703
2021-06-18	0	0	0	0.016386002441137526	0.010044103138223681	0.04057778792159539	0.05983293607671669	0.03348872939998304
2021-06-19	0	0	0	0.02277703630653649	0.012562897679400109	0.06139891984820278	0.07317068735276377	0.023454303125720832
2021-06-20	0	0	0	0.007537809956400077	0.004490696464391375	0.024563436883597856	0.026007698752735786	0.006355275045199615
2021-06-21	0	0	0.07846215433895432	0.006536919428489885	0.0033327584841778	0.02066155986079199	0.018289360509771146	0.003406673871253263
2021-06-22	0	0	0	0.01449935797298929	0.007802686011191717	0.03649746335787585	0.04105080884793333	0.014418975289625546
2021-06-23	0	0	0	0.017711864633853658	0.00849770981999387	0.043043540419905435	0.04836834490334274	0.029330082167374538
2021-06-24	0	0	0	0.018994315802584927	0.01206614936361472	0.055676488445147276	0.059615990782996064	0.037308356846930124
2021-06-25	0	0	0	0.01741383676062358	0.01044950535923439	0.05614658938811101	0.05141734206448434	0.0201442877394149
2021-06-26	0	0	0	0.027095112530222343	0.018283852149919566	0.09118454955147581	0.07191552891828423	0.023678752277076942
2021-06-27	0	0	0	0.012530388863745578	0.01022691461542724	0.05029924829455035	0.030790446691180806	0.00908697060080943
2021-06-28	0	0	0	0.009472465072377645	0.005857635281945939	0.042724360664671224	0.030953820464624693	0.01932101325887081
2021-06-29	0	0	0	0.014899148942767448	0.010535614426706807	0.05376857133988899	0.04019203856194964	0.02758752820204724
2021-06-30	0	0	0	0.019972894169807187	0.013302925559236733	0.060033774500664494	0.05353722832660557	0.035284474778383146
2021-07-01	0	0	0	0.02094115806652086	0.013496177423101496	0.0584474811013167	0.04388637445681898	0.026306619807179743
2021-07-02	0	0	0	0.01724753351282904	0.013622549988276722	0.05914441703116391	0.03886490262724229	0.023812488201671256
2021-07-03	0	0	0	0.020602066910019756	0.015470446346886435	0.07767421418006526	0.045821986183703034	0.021755541912516607
2021-07-04	0	0	0	0.011070503508991303	0.009930835503320079	0.04465940074136676	0.02053946377641913	0.009741361963736983
2021-07-05	0	0	0	0.012562315649383038	0.007529728828920446	0.04277510862930023	0.03232611122380358	0.015782635388012167
2021-07-06	0	0	0	0.011539062167505554	0.007602677462296814	0.04237812654360962	0.027759182983938313	0.019214912893163794
2021-07-07	0	0	0	0.015359985634151974	0.011348424939379598	0.051427310490097966	0.035089581173220585	0.027253936737374973
2021-07-08	0	0	0	0.012169536649687895	0.00938356117042849	0.042795025610379955	0.03712101986005245	0.022588497555453113
2021-07-09	0	0	0	0.008465277978144892	0.009130896100514763	0.03515016880165245	0.026258429069982325	0.01800216645265218
2021-07-10	0	0	0.05971499970933625	0.013022690471563125	0.015274211258923254	0.059956543170643695	0.03335265049914593	0.01723907836199312
2021-07-11	0	0	0	0.004742868448116333	0.005559131692614683	0.021100593956406177	0.00899275268855404	0.0034830738925935023
2021-07-12	0	0	0	0.004754508093509413	0.005116827215829067	0.021451091268112066	0.015943566976447165	0.009860372309290044
2021-07-13	0	0	0	0.00465254728783715	0.008051862696392798	0.030906993381029313	0.019793559499188262	0.014110987602373282
2021-07-14	0	0	0	0.0046787591584465105	0.010677659041829157	0.03159917770117171	0.02714358382118376	0.019348509581647244
2021-07-15	0	0	0	0.005063229920601708	0.009688665114563566	0.029208527962922393	0.019866107416435463	0.017531070452846187
2021-07-16	0	2	0.11438191683587329	0.022683881401737827	0	0	0.37353448517283794	0.5363923572086824
2021-07-17	0	0	0	0.004825755772781548	0	0	0.02355244166485093	0.012138489625294513
2021-07-18	0	0	0	0.0037922185575010037	0	0	0.01285242357716121	0.016400440838278962
2021-07-19	0	0	0	0.002589357118921054	0	0	0.013206375540714355	0.007902703258569233
2021-07-20	0	0	0	7.985089467748008e-4	0	0	0.008471822334738643	0.00209314552375095
2021-07-21	0	0	0	0.0015922299050987743	0	0	0.01769862102026365	0.018957773825405644
2021-07-22	0	0	0	0.0024663654186232176	0	0	0.03384470742449719	0.049764423609597985
2021-07-23	0	0	0	0.00220320970384158	0	0.021759065756597584	0.038689933180390046	0.05237107564960097
2021-07-24	0	0	0.05039690192751367	0.001456965567887325	0	0.02377817192400955	0.04427508850402395	0.05624099947223349
2021-07-25	0	0	0	0.0013492791705460583	0	0.039805138088726544	0.0447719655583223	0.05030654563828074
2021-07-26	0	0	0	3.84868301747332e-4	0	0.013546599282501681	0.013899342435026885	0.015902717240124487
2021-07-27	0	0	0	2.598119427585921e-4	0	0.005021820785984232	0.014095259692018525	0.01778292072835197
2021-07-28	0	0	0	3.864168122533762e-4	0	0.013981169739817778	0.020185940915812273	0.025282687238627144
2021-07-29	0	0	0	7.141573737459161e-4	0	0.027082160887326845	0.02277023095934716	0.0356111562595951
2021-07-30	0	0	0	6.14768441479896e-4	0	0.04706388839988196	0.024287929426876298	0.0410721366053981
2021-07-31	0	0	0	8.111465069025048e-4	0	0.05523044382069586	0.01958615928141305	0.03172867477950847
2021-08-01	0	0	0.04484771470477056	6.574159416059544e-4	0	0.0889474987478236	0.023842421071029518	0.0359480658597644
2021-08-02	0	0	0	5.692355991147036e-4	8.665037123958275e-4	0.047116769559839344	0.009419204629609546	0.0071417205830790476
2021-08-03	0	0	0	1.699648778707985e-4	5.789583521726982e-4	0.0561261244313489	0.014280230255898196	0.016385660325080043
2021-08-04	0	0	0	3.529447843289013e-4	0.0014745583754482983	0.0509119203008499	0.018260317834465578	0.03615966062240972
2021-08-05	0	0	0	6.924609950178517e-4	0.00444715045553612	0.06360307942197108	0.03321897333209045	0.04806552974050926
2021-08-06	0	0	0	6.256678634108948e-4	0.00308246910465515	0.065009027205859	0.026356093346555642	0.0416179852728078
2021-08-07	0	0	0.042988310834413124	4.644994795384161e-4	0.005658970092381033	0.061586446840835585	0.028828763120834378	0.02349901551429867
2021-08-08	0	0	0	6.655886257087573e-4	0.005781863360167838	0.0905131935729846	0.028778478781675387	0.030322455418240413
2021-08-09	0	0	0	4.666523181848792e-4	0.00396792762095366	0.03452096690615347	0.011059992623916104	0.015974696699451396
2021-08-10	0	0	0	2.39349054555138e-4	0.0018245752060384035	0.03594004811971119	0.01742410306370279	0.022764969201441554
2021-08-11	0	0	0	6.905468235602896e-4	0.006598774794250861	0.04065863012358961	0.020916436115613113	0.03252249264814111
2021-08-12	0	0	0.04214311495014411	8.522817989184972e-4	0.009592426725368197	0.037706217473417736	0.030496514500489624	0.03361583949964997
2021-08-13	0	0	0	0.0010716925825127177	0.008940630438006858	0.045358234252284024	0.0321306038866902	0.032087642934056415
2021-08-14	0	0	0.04293480524763793	7.230827765960512e-4	0.007192316335431492	0.05559044933818158	0.03250000217875182	0.02666173022954843
2021-08-15	0	0	0	5.980637229170416e-4	0.011075790427609311	0.039040020002704345	0.02209225076262289	0.016957442182260474
2021-08-16	0	0	0	1.679829072196437e-4	0.005770389152147892	0.027503330088746836	0.01162800552668286	0.012443289013037262
2021-08-17	0	0	0	5.2509311379456136e-5	0.006015394412974606	0.021857356812973627	0.006241410355057209	0.005805527486624884
2021-08-18	0	0	0	1.1690352030346851e-4	0.007687587770353055	0.024609630421515094	0.015924704847339655	0.02346122239946924
2021-08-19	0	0	0	2.57497137003071e-4	0.010350285469247433	0.025565218117299393	0.018450926261430523	0.028057502377326404
2021-08-20	0	0	0	8.534834221098908e-4	0.009830489842721502	0.027934080324724775	0.02574802349268701	0.04346095468964606
2021-08-21	0	0	0	7.647498119087714e-4	0.009428565618775142	0.0395877779400553	0.020085179628990923	0.023669472749768827
2021-08-22	0	0	0	6.921892624833781e-4	0.015492544113222317	0.05941731529471994	0.028998715988401536	0.022027103358931432
2021-08-23	0	0	0	3.6915663481429384e-4	0.007598931668289399	0.03147067462382158	0.012803435675920793	0.011229735023850607
2021-08-24	0	0	0	5.101386505865779e-4	0.006746501714892439	0.03265987933445036	0.009614435447330427	0.01934611618422366
