2020-02-17	0	0	0	0	0	0	0	0
2020-02-18	0	0	0	0	0	0	0	0
2020-02-19	0	0	0	0	0	0	0	0
2020-02-20	0	0	0	0	0	0	0	0
2020-02-21	0	0	0	0	0	0	0	0
2020-02-22	0	0	0	0	0	0	0	0
2020-02-23	0	0	0	0	0	0	0	0
2020-02-24	0	0	0	0	0	0	0	0
2020-02-25	0	0	0	0	0	0	0	0
2020-02-26	0	0	0	0	0	0	0	0
2020-02-27	0	0	0	0	0	0	0	0
2020-02-28	0	0	0	0	0	0	0	0
2020-02-29	0	0	0	0	0	0	0	0
2020-03-01	0	0	0	0	0	0	0	0
2020-03-02	0	0	0	0	0	0	0	0
2020-03-03	0	0	0	0	0	0	0	0
2020-03-04	0	0	0	0	0	0	0	0
2020-03-05	0	0	0	0	0	0	0	0
2020-03-06	0	0	0	0	0	0	0	0
2020-03-07	0	0	0	0	0	0	0	0
2020-03-08	0	0	0	0	0	0	0	0
2020-03-09	0	0	0	0	0	0	0	0
2020-03-10	0	0	0	0	0	0	0	0
2020-03-11	0	0	0	0	0	0	0	0
2020-03-12	0	0	0	0	0	0	0	0
2020-03-13	0	0	0	0	0	0	0	0
2020-03-14	0	0	0	0	0	0	0	0
2020-03-15	0	0	0	0	0	0	0	0
2020-03-16	0	0	0	0	0	0	0	0
2020-03-17	0	0	0	0	0	0	0	0
2020-03-18	0	0	0	0	0	0	0	0
2020-03-19	0	0	0	0	0	0	0	0
2020-03-20	0	0	0	0	0	0	0	0
2020-03-21	0	0	0	0	0	0	0	0
2020-03-22	0	0	0	0	0	0	0	0
2020-03-23	0	0	0	0	0	0	0	0
2020-03-24	0	0	0	0	0	0	0	0
2020-03-25	0	0	0	0	0	0	0	0
2020-03-26	0	0	0	0	0	0	0	0
2020-03-27	0	0	0	0	0	0	0	0
2020-03-28	0	0	0	0	0	0	0	0
2020-03-29	0	0	0	0	0	0	0	0
2020-03-30	0	0	0	0	0	0	0	0
2020-03-31	0	0	0	0	0	0	0	0
2020-04-01	0	0	0	0	0	0	0	0
2020-04-02	0	0	0	0	0	0	0	0
2020-04-03	0	0	0	0	0	0	0	0
2020-04-04	0	0	0	0	0	0	0	0
2020-04-05	0	0	0	0	0	0	0	0
2020-04-06	0	0	0	0	0	0	0	0
2020-04-07	0	0	0	0	0	0	0	0
2020-04-08	0	0	0	0	0	0	0	0
2020-04-09	0	0	0	0	0	0	0	0
2020-04-10	0	0	0	0	0	0	0	0
2020-04-11	0	0	0	0	0	0	0	0
2020-04-12	0	0	0	0	0	0	0	0
2020-04-13	0	0	0	0	0	0	0	0
2020-04-14	0	0	0	0	0	0	0	0
2020-04-15	0	0	0	0	0	0	0	0
2020-04-16	0	0	0	0	0	0	0	0
2020-04-17	0	0	0	0	0	0	0	0
2020-04-18	0	0	0	0	0	0	0	0
2020-04-19	0	0	0	0	0	0	0	0
2020-04-20	0	0	0	0	0	0	0	0
2020-04-21	0	0	0	0	0	0	0	0
2020-04-22	0	0	0	0	0	0	0	0
2020-04-23	0	0	0	0	0	0	0	0
2020-04-24	0	0	0	0	0	0	0	0
2020-04-25	0	0	0	0	0	0	0	0
2020-04-26	0	0	0	0	0	0	0	0
2020-04-27	0	0	0	0	0	0	0	0
2020-04-28	0	0	0	0	0	0	0	0
2020-04-29	0	0	0	0	0	0	0	0
2020-04-30	0	0	0	0	0	0	0	0
2020-05-01	0	0	0	0	0	0	0	0
2020-05-02	0	0	0	0	0	0	0	0
2020-05-03	0	0	0	0	0	0	0	0
2020-05-04	0	0	0	0	0	0	0	0
2020-05-05	0	0	0	0	0	0	0	0
2020-05-06	0	0	0	0	0	0	0	0
2020-05-07	0	0	0	0	0	0	0	0
2020-05-08	0	0	0	0	0	0	0	0
2020-05-09	0	0	0	0	0	0	0	0
2020-05-10	0	0	0	0	0	0	0	0
2020-05-11	0	0	0	0	0	0	0	0
2020-05-12	0	0	0	0	0	0	0	0
2020-05-13	0	0	0	0	0	0	0	0
2020-05-14	0	0	0	0	0	0	0	0
2020-05-15	0	0	0	0	0	0	0	0
2020-05-16	0	0	0	0	0	0	0	0
2020-05-17	0	0	0	0	0	0	0	0
2020-05-18	0	0	0	0	0	0	0	0
2020-05-19	0	0	0	0	0	0	0	0
2020-05-20	0	0	0	0	0	0	0	0
2020-05-21	0	0	0	0	0	0	0	0
2020-05-22	0	0	0	0	0	0	0	0
2020-05-23	0	0	0	0	0	0	0	0
2020-05-24	0	0	0	0	0	0	0	0
2020-05-25	0	0	0	0	0	0	0	0
2020-05-26	0	0	0	0	0	0	0	0
2020-05-27	0	0	0	0	0	0	0	0
2020-05-28	0	0	0	0	0	0	0	0
2020-05-29	0	0	0	0	0	0	0	0
2020-05-30	0	0	0	0	0	0	0	0
2020-05-31	0	0	0	0	0	0	0	0
2020-06-01	0	0	0	0	0	0	0	0
2020-06-02	0	0	0	0	0	0	0	0
2020-06-03	0	0	0	0	0	0	0	0
2020-06-04	0	0	0	0	0	0	0	0
2020-06-05	0	0	0	0	0	0	0	0
2020-06-06	0	0	0	0	0	0	0	0
2020-06-07	0	0	0	0	0	0	0	0
2020-06-08	0	0	0	0	0	0	0	0
2020-06-09	0	0	0	0	0	0	0	0
2020-06-10	0	0	0	0	0	0	0	0
2020-06-11	0	0	0	0	0	0	0	0
2020-06-12	0	0	0	0	0	0	0	0
2020-06-13	0	0	0	0	0	0	0	0
2020-06-14	0	0	0	0	0	0	0	0
2020-06-15	0	0	0	0	0	0	0	0
2020-06-16	0	0	0	0	0	0	0	0
2020-06-17	0	0	0	0	0	0	0	0
2020-06-18	0	0	0	0	0	0	0	0
2020-06-19	0	0	0	0	0	0	0	0
2020-06-20	0	0	0	0	0	0	0	0
2020-06-21	0	0	0	0	0	0	0	0
2020-06-22	0	0	0	0	0	0	0	0
2020-06-23	0	0	0	0	0	0	0	0
2020-06-24	0	0	0	0	0	0	0	0
2020-06-25	0	0	0	0	0	0	0	0
2020-06-26	0	0	0	0	0	0	0	0
2020-06-27	0	0	0	0	0	0	0	0
2020-06-28	0	0	0	0	0	0	0	0
2020-06-29	0	0	0	0	0	0	0	0
2020-06-30	0	0	0	0	0	0	0	0
2020-07-01	0	0	0	0	0	0	0	0
2020-07-02	0	0	0	0	0	0	0	0
2020-07-03	0	0	0	0	0	0	0	0
2020-07-04	0	0	0	0	0	0	0	0
2020-07-05	0	0	0	0	0	0	0	0
2020-07-06	0	0	0	0	0	0	0	0
2020-07-07	0	0	0	0	0	0	0	0
2020-07-08	0	0	0	0	0	0	0	0
2020-07-09	0	0	0	0	0	0	0	0
2020-07-10	0	0	0	0	0	0	0	0
2020-07-11	0	0	0	0	0	0	0	0
2020-07-12	0	0	0	0	0	0	0	0
2020-07-13	0	0	0	0	0	0	0	0
2020-07-14	0	0	0	0	0	0	0	0
2020-07-15	0	0	0	0	0	0	0	0
2020-07-16	0	0	0	0	0	0	0	0
2020-07-17	0	0	0	0	0	0	0	0
2020-07-18	0	0	0	0	0	0	0	0
2020-07-19	0	0	0	0	0	0	0	0
2020-07-20	0	0	0	0	0	0	0	0
2020-07-21	0	0	0	0	0	0	0	0
2020-07-22	0	0	0	0	0	0	0	0
2020-07-23	0	0	0	0	0	0	0	0
2020-07-24	0	0	0	0	0	0	0	0
2020-07-25	0	0	0	0	0	0	0	0
2020-07-26	0	0	0	0	0	0	0	0
2020-07-27	0	0	0	0	0	0	0	0
2020-07-28	0	0	0	0	0	0	0	0
2020-07-29	0	0	0	0	0	0	0	0
2020-07-30	0	0	0	0	0	0	0	0
2020-07-31	0	0	0	0	0	0	0	0
2020-08-01	0	0	0	0	0	0	0	0
2020-08-02	0	0	0	0	0	0	0	0
2020-08-03	0	0	0	0	0	0	0	0
2020-08-04	0	0	0	0	0	0	0	0
2020-08-05	0	0	0	0	0	0	0	0
2020-08-06	0	0	0	0	0	0	0	0
2020-08-07	0	0	0	0	0	0	0	0
2020-08-08	0	0	0	0	0	0	0	0
2020-08-09	0	0	0	0	0	0	0	0
2020-08-10	0	0	0	0	0	0	0	0
2020-08-11	0	0	0	0	0	0	0	0
2020-08-12	0	0	0	0	0	0	0	0
2020-08-13	0	0	0	0	0	0	0	0
2020-08-14	0	0	0	0	0	0	0	0
2020-08-15	0	0	0	0	0	0	0	0
2020-08-16	0	0	0	0	0	0	0	0
2020-08-17	0	0	0	0	0	0	0	0
2020-08-18	0	0	0	0	0	0	0	0
2020-08-19	0	0	0	0	0	0	0	0
2020-08-20	0	0	0	0	0	0	0	0
2020-08-21	0	0	0	0	0	0	0	0
2020-08-22	0	0	0	0	0	0	0	0
2020-08-23	0	0	0	0	0	0	0	0
2020-08-24	0	0	0	0	0	0	0	0
2020-08-25	0	0	0	0	0	0	0	0
2020-08-26	0	0	0	0	0	0	0	0
2020-08-27	0	0	0	0	0	0	0	0
2020-08-28	0	0	0	0	0	0	0	0
2020-08-29	0	0	0	0	0	0	0	0
2020-08-30	0	0	0	0	0	0	0	0
2020-08-31	0	0	0	0	0	0	0	0
2020-09-01	0	0	0	0	0	0	0	0
2020-09-02	0	0	0	0	0	0	0	0
2020-09-03	0	0	0	0	0	0	0	0
2020-09-04	0	0	0	0	0	0	0	0
2020-09-05	0	0	0	0	0	0	0	0
2020-09-06	0	0	0	0	0	0	0	0
2020-09-07	0	0	0	0	0	0	0	0
2020-09-08	0	0	0	0	0	0	0	0
2020-09-09	0	0	0	0	0	0	0	0
2020-09-10	0	0	0	0	0	0	0	0
2020-09-11	0	0	0	0	0	0	0	0
2020-09-12	0	0	0	0	0	0	0	0
2020-09-13	0	0	0	0	0	0	0	0
2020-09-14	0	0	0	0	0	0	0	0
2020-09-15	0	0	0	0	0	0	0	0
2020-09-16	0	0	0	0	0	0	0	0
2020-09-17	0	0	0	0	0	0	0	0
2020-09-18	0	0	0	0	0	0	0	0
2020-09-19	0	0	0	0	0	0	0	0
2020-09-20	0	0	0	0	0	0	0	0
2020-09-21	0	0	0	0	0	0	0	0
2020-09-22	0	0	0	0	0	0	0	0
2020-09-23	0	0	0	0	0	0	0	0
2020-09-24	0	0	0	0	0	0	0	0
2020-09-25	0	0	0	0	0	0	0	0
2020-09-26	0	0	0	0	0	0	0	0
2020-09-27	0	0	0	0	0	0	0	0
2020-09-28	0	0	0	0	0	0	0	0
2020-09-29	0	0	0	0	0	0	0	0
2020-09-30	0	0	0	0	0	0	0	0
2020-10-01	0	0	0	0	0	0	0	0
2020-10-02	0	0	0	0	0	0	0	0
2020-10-03	0	0	0	0	0	0	0	0
2020-10-04	0	0	0	0	0	0	0	0
2020-10-05	0	0	0	0	0	0	0	0
2020-10-06	0	0	0	0	0	0	0	0
2020-10-07	0	0	0	0	0	0	0	0
2020-10-08	0	0	0	0	0	0	0	0
2020-10-09	0	0	0	0	0	0	0	0
2020-10-10	0	0	0	0	0	0	0	0
2020-10-11	0	0	0	0	0	0	0	0
2020-10-12	0	0	0	0	0	0	0	0
2020-10-13	0	0	0	0	0	0	0	0
2020-10-14	0	0	0	0	0	0	0	0
2020-10-15	0	0	0	0	0	0	0	0
2020-10-16	0	0	0	0	0	0	0	0
2020-10-17	0	0	0	0	0	0	0	0
2020-10-18	0	0	0	0	0	0	0	0
2020-10-19	0	0	0	0	0	0	0	0
2020-10-20	0	0	0	0	0	0	0	0
2020-10-21	0	0	0	0	0	0	0	0
2020-10-22	0	0	0	0	0	0	0	0
2020-10-23	0	0	0	0	0	0	0	0
2020-10-24	0	0	0	0	0	0	0	0
2020-10-25	0	0	0	0	0	0	0	0
2020-10-26	0	0	0	0	0	0	0	0
2020-10-27	0	0	0	0	0	0	0	0
2020-10-28	0	0	0	0	0	0	0	0
2020-10-29	0	0	0	0	0	0	0	0
2020-10-30	0	0	0	0	0	0	0	0
2020-10-31	0	0	0	0	0	0	0	0
2020-11-01	0	0	0	0	0	0	0	0
2020-11-02	0	0	0	0	0	0	0	0
2020-11-03	0	0	0	0	0	0	0	0
2020-11-04	0	0	0	0	0	0	0	0
2020-11-05	0	0	0	0	0	0	0	0
2020-11-06	0	0	0	0	0	0	0	0
2020-11-07	0	0	0	0	0	0	0	0
2020-11-08	0	0	0	0	0	0	0	0
2020-11-09	0	0	0	0	0	0	0	0
2020-11-10	0	0	0	0	0	0	0	0
2020-11-11	0	0	0	0	0	0	0	0
2020-11-12	0	0	0	0	0	0	0	0
2020-11-13	0	0	0	0	0	0	0	0
2020-11-14	0	0	0	0	0	0	0	0
2020-11-15	0	0	0	0	0	0	0	0
2020-11-16	0	0	0	0	0	0	0	0
2020-11-17	0	0	0	0	0	0	0	0
2020-11-18	0	0	0	0	0	0	0	0
2020-11-19	0	0	0	0	0	0	0	0
2020-11-20	0	0	0	0	0	0	0	0
2020-11-21	0	0	0	0	0	0	0	0
2020-11-22	0	0	0	0	0	0	0	0
2020-11-23	0	0	0	0	0	0	0	0
2020-11-24	0	0	0	0	0	0	0	0
2020-11-25	0	0	0	0	0	0	0	0
2020-11-26	0	0	0	0	0	0	0	0
2020-11-27	0	0	0	0	0	0	0	0
2020-11-28	0	0	0	0	0	0	0	0
2020-11-29	0	0	0	0	0	0	0	0
2020-11-30	0	0	0	0	0	0	0	0
2020-12-01	0	0	0	0	0	0	0	0
2020-12-02	0	0	0	0	0	0	0	0
2020-12-03	0	0	0	0	0	0	0	0
2020-12-04	0	0	0	0	0	0	0	0
2020-12-05	0	0	0	0	0	0	0	0
2020-12-06	0	0	0	0	0	0	0	0
2020-12-07	0	0	0	0	0	0	0	0
2020-12-08	0	0	0	0	0	0	0	0
2020-12-09	0	0	0	0	0	0	0	0
2020-12-10	0	0	0	0	0	0	0	0
2020-12-11	0	0	0	0	0	0	0	0
2020-12-12	0	0	0	0	0	0	0	0
2020-12-13	0	0	0	0	0	0	0	0
2020-12-14	0	0	0	0	0	0	0	0
2020-12-15	0	0	0	0	0	0	0	0
2020-12-16	0	0	0	0	0	0	0	0
2020-12-17	0	0	0	0	0	0	0	0
2020-12-18	0	0	0	0	0	0	0	0
2020-12-19	0	0	0	0	0	0	0	0
2020-12-20	0	0	0	0	0	0	0	0
2020-12-21	0	0	0	0	0	0	0	0
2020-12-22	0	0	0	0	0	0	0	0
2020-12-23	0	0	0	0	0	0	0	0
2020-12-24	0	0	0	0	0	0	0	0
2020-12-25	0	0	0	0	0	0	0	0
2020-12-26	0	0	0	0	0	0	0	0
2020-12-27	0	0	0	0	0	0	0	0
2020-12-28	0	0	0	0	0	0	0	0
2020-12-29	0	0	0	0	0	0	0	0
2020-12-30	0	0	0	0	0	0	0	0
2020-12-31	0	0	0	0	0	0	0	0
2021-01-01	0	0	0	0	0	0	0	0
2021-01-02	0	0	0	0	0	0	0	0
2021-01-03	0	0	0	0	0	0	0	0
2021-01-04	0	0	0	0	0	0	0	0
2021-01-05	0	0	0	0	0	0	0	0
2021-01-06	0	0	0	0	0	0	0	0
2021-01-07	0	0	0	0	0	0	0	0
2021-01-08	0	0	0	0	0	0	0	0
2021-01-09	0	0	0	0	0	0	0	0
2021-01-10	0	0	0	0	0	0	0	0
2021-01-11	0	0	0	0	0	0	0	0
2021-01-12	0	0	0	0	0	0	0	0
2021-01-13	0	0	0	0	0	0	0	0
2021-01-14	0	0	0	0	0	0	0	0
2021-01-15	0	0	0	0	0	0	0	0
2021-01-16	0	0	0	0	0	0	0	0
2021-01-17	0	0	0	0	0	0	0	0
2021-01-18	0	0	0	0	0	0	0	0
2021-01-19	0	0	0	0	0.0012491760127724127	0.0015481076706367336	0.001332001479755096	2.1420232899371783e-4
2021-01-20	0	0	0	0	0.001305738860866379	0.0016358704451131523	0.0031974440910926827	3.533331712017862e-4
2021-01-21	0	0	0	7.548594343234072e-4	0.001594176197200703	0.0016958394424873013	0.0014442173023092586	9.99343826654231e-4
2021-01-22	0	0	0	6.231500384941135e-4	1.801233848837125e-4	3.1084056657104675e-4	3.963928291830232e-4	2.5565149589068525e-5
2021-01-23	0	0	0	0.002419843596368265	0.0026867171360600572	0.007353241927571252	0.008130901925533784	1.1393450674024308e-4
2021-01-24	0	0	0	0.0017696508405526945	0.002851752341696212	0.006024921540257466	0.0049661045030813256	2.5149798488222075e-5
2021-01-25	0	0	0	0.006431824871545366	0.0071544674198162905	0.009441052584227672	0.003826290093388751	0.002993392321396282
2021-01-26	0	0	0	0.010075630840489902	0.015032723906201806	0.01170889762710936	0.01155325048428657	0.07753705430845814
2021-01-27	0	0	0	0.026544309292939827	0.02699492475135834	0.02508725416109936	0.020994283264733404	0.13193288175550855
2021-01-28	0	0	0	0.020233641086349063	0.023083827578906257	0.02825022586267778	0.026001575729423188	0.1065278350711143
2021-01-29	0	0	0	0.013593432427942087	0.016007179282761186	0.018426779433417417	0.020790585377927995	0.04744194314595007
2021-01-30	0	0	0	0.011416119599919838	0.010458244695292107	0.012905154112537343	0.011960449279208696	0.043119258933410176
2021-01-31	0	0	0	0.012281587408286443	0.017314942138026534	0.015361932910898934	0.010940197178052724	0.02438913532107234
2021-02-01	0	0	0	0.008948590747663632	0.011027865578931983	0.014472188321186907	0.009848041395393414	0.013162559496444182
2021-02-02	0	0	0	0.0023378149428074924	0.003895118868604941	0.006637548398168436	0.009403519620658551	0.012509380460913322
2021-02-03	0	0	0	9.237449109453788e-4	0.0012457955612690252	0.0017769149246094074	0.0014055264473582518	4.94064840770303e-4
2021-02-04	0	0	0	7.890480442813708e-4	0.0014989543493924007	0.0014941284667042698	0.001373372583580279	2.4977318488428324e-4
2021-02-05	0	0	0	2.8174966682015246e-4	4.197660467850639e-4	6.761910845340946e-4	3.3981819971717897e-4	1.2331596645198672e-4
2021-02-06	0	0	0	4.962163579662615e-4	0.0010609376782630964	0.0012010899861791824	6.819654441792e-4	2.576173858437336e-4
2021-02-07	0	0	0	0	2.607993511165585e-4	3.008115091087671e-4	2.4106551042790691e-4	6.760411034933966e-5
2021-02-08	0	0	0	2.0965459463240244e-4	2.8807789775742165e-4	1.7168345564400056e-4	1.152770974184314e-4	2.1930185255758516e-5
2021-02-09	0	0	0	2.879285952006594e-4	3.774415785504637e-4	3.2659829256109774e-4	0	3.2064213934424046e-5
2021-02-10	0	0	0	1.7583190503889234e-4	4.0050731327401223e-4	6.618368517052886e-4	5.904640191667365e-4	2.8947388273703467e-4
2021-02-11	0	0	0	4.8140571163135526e-4	1.6985203602137844e-4	2.879530429964472e-4	2.583812426000254e-4	3.239117433251337e-5
2021-02-12	0	0	0	2.9090909244788854e-4	3.407783971234313e-4	5.770637878639295e-4	2.86707523961649e-4	3.01418496995165e-5
2021-02-13	0	0	0	0	1.3160578816506785e-4	1.6232254949533065e-4	2.802396048751099e-5	2.733027169332658e-5
2021-02-14	0	0	0	6.139960398710009e-5	6.217300884658883e-5	1.811897827108666e-5	0	0
2021-02-15	0	0	0	0	1.2083022447262337e-5	1.7660434005417613e-5	0	2.754413086347718e-5
2021-02-16	0	0	0	0	3.4997973036743346e-5	6.84814244336085e-5	1.9013304560333566e-5	1.0095970613965832e-5
2021-02-17	0	0	0	1.0739696611317129e-4	1.0059603155010421e-4	3.2873920299270054e-5	5.1750682470874665e-5	6.526871947576396e-6
2021-02-18	0	0	0	1.5397051487453517e-4	1.834134872109594e-4	1.9006287956502277e-4	1.0672643354525668e-4	2.2122757602272003e-5
2021-02-19	0	0	0	4.4092251322735976e-4	7.882509433283502e-4	0.0010992198265362685	3.433272396036191e-4	3.084179019812172e-4
2021-02-20	0	0	0	7.464775850207772e-4	0.0010829527648008597	0.001171947160454323	3.328137763569661e-4	1.6713132084533733e-4
2021-02-21	0	0	0	6.709233211632526e-4	9.659364527774272e-4	0.0013155789023018283	2.3468987168340227e-4	4.640298029991996e-4
2021-02-22	0	0	0	4.354120631422376e-5	5.330253725899237e-4	4.762503735822321e-4	1.0751554331034363e-4	5.1281601451957926e-5
2021-02-23	0	0	0	2.12849739329668e-4	2.2891519453804854e-4	4.000137749666788e-4	1.0014347484865738e-4	2.0204383339339493e-4
2021-02-24	0	0	0	4.5853872649503913e-4	0.0018182885745738897	0.0026843628810357956	3.252090019554288e-4	4.7320664546601776e-5
2021-02-25	0	0	0	0.0014596766328396349	0.003109806991220765	0.002934140095472104	2.1137276098270874e-4	4.394641381644249e-5
2021-02-26	0	0	0	1.9717060234247796e-4	4.023034050315566e-4	5.027050397790056e-4	1.4391921353462678e-4	5.0980612081641397e-5
2021-02-27	0	0	0	0	1.4124205790677635e-4	1.380206687595642e-4	6.212731082233525e-5	2.017725720504515e-5
2021-02-28	0	0	0	3.711298119624118e-5	6.468200709952576e-5	1.0987381001226204e-4	1.6383236672412593e-5	5.004347526815778e-6
2021-03-01	0	0	0	2.1935837740771902e-4	1.0372305950112626e-4	1.5095397542608247e-4	2.3390672969858528e-5	1.4964702009345743e-5
2021-03-02	0	0	0	7.541816948142266e-4	0.0023177391373856437	0.002050955432966406	1.1869788431484452e-4	2.7315399119487438e-5
2021-03-03	0	0	0	0.0011303427253999132	0.0023311520595397095	0.0026916007785109386	1.6642165729296998e-4	0.002135633043033325
2021-03-04	0	0	0	0.0014830017300349052	0.0024594279749448056	0.0023196533790459384	1.7528190542792643e-4	0.0013010818924883427
2021-03-05	0	0	0	8.759370419297863e-4	0.0015355373398246996	0.0016778105378483232	1.8440072365244475e-4	5.825672982684438e-4
2021-03-06	0	0	0	4.253822352866532e-4	0.0010761095449602909	0.0014174879203339152	1.8128527236460634e-4	6.577052300915653e-5
2021-03-07	0	0	0	1.9054575523180795e-4	2.1122818687824285e-4	6.040299438967445e-4	4.9585711389132925e-5	4.856414048237667e-6
2021-03-08	0	0	0	1.5731804226293278e-4	5.513823924154782e-4	8.058629017171359e-4	1.1430093134201513e-4	2.4269400049181655e-5
2021-03-09	0	0	0	5.567153900478683e-4	0.0010333532656605637	0.0016449438878423095	3.2689349396064493e-4	2.7397609141632806e-4
2021-03-10	0	0	0	9.022421174620376e-4	0.0010359383840836678	0.0014464828490601267	4.105170828725413e-4	1.235093362732531e-4
2021-03-11	0	0	0	7.517601572488708e-4	9.445284192584058e-4	0.001089581463334044	3.1756290797058107e-4	5.127188208522426e-4
2021-03-12	0	0	0	5.045620901888981e-4	7.137736625706381e-4	0.0010937398063552983	1.310962488216827e-4	2.102321439880761e-4
2021-03-13	0	0	0	5.698508327629526e-4	8.309287806917975e-4	5.692106243619932e-4	7.522154089700805e-5	8.450080249366998e-5
2021-03-14	0	0	0	1.8425295337354264e-4	3.4628426969796067e-4	2.0710381597943694e-4	2.1155447052167986e-5	1.2065120280402297e-5
2021-03-15	0	0	0	2.607323984118448e-4	3.3694973588138666e-4	3.120454136844586e-4	3.3634148753458604e-5	3.6190339474329036e-5
2021-03-16	0	0	0	0.0010311670918241589	0.0013451794950574136	0.0014434481221574647	2.1261272964134825e-4	6.681191006183695e-4
2021-03-17	0	0	0	0.0014349461539815422	0.002181768863214417	0.0023627187652071058	4.578967131669831e-4	4.1962646471982445e-4
2021-03-18	0	0	0	0.0015700201087622823	0.0019343380429741597	0.001944931517721793	3.151314448057718e-4	2.4099637628927084e-4
2021-03-19	0	0	0	8.815785323159631e-4	0.001438614562464302	0.0012482730634741923	2.3951939211719342e-4	7.53857676539571e-4
2021-03-20	0	0	0	7.112691934205717e-4	7.533442306846272e-4	6.324618491753142e-4	1.392451521995408e-4	1.5407207707207604e-4
2021-03-21	0	0	0	2.1371402986747334e-4	2.2830724521805124e-4	1.226046550437676e-4	5.503534056128245e-5	3.608933554422045e-5
2021-03-22	0	0	0	4.231729555217445e-4	6.543971306376406e-4	5.864536162858425e-4	5.094388238280345e-5	6.254924250792548e-5
2021-03-23	0	0	0.2111456180001683	3.3487515670382884e-4	5.540959553733682e-4	6.260410881036016e-4	9.774550009988836e-5	1.803967650111371e-4
2021-03-24	0	0	0	0.0017208763067295685	0.001652327981451096	0.0013057749061939905	2.650570956315157e-4	0.0037978602131023553
2021-03-25	0	0	0	0.0015520659106491586	0.0017579884800598133	0.0014076138333303234	1.9828290937540238e-4	0.003918842987075122
2021-03-26	0	0	0	0.001421158423426494	0.0017231876025520787	0.001195738024355908	6.206991716386501e-4	0.004499977243793696
2021-03-27	0	0	0	9.531822724275774e-4	0.0011164588326839642	8.713754566562759e-4	4.963089503400298e-4	0.0033680162215348197
2021-03-28	0	0	0	2.246602021540589e-4	2.5624730003226404e-4	2.183541470202055e-4	5.353769437066447e-5	5.5997278056274524e-5
2021-03-29	0	0	0	8.897952057786984e-4	9.293596670909565e-4	5.787095081373206e-4	1.5659000464163242e-4	5.405056748324366e-4
2021-03-30	0	0	0	0.0015728592803689878	0.002294684704654548	0.0011802735149963883	2.989071343644234e-4	0.0033751555511207787
2021-03-31	0	0	0	0.0019893484382966786	0.003582931852906368	0.0025048690281646024	4.6939056363770604e-4	0.016938432548538218
2021-04-01	0	0	0	0.0021625395603566133	0.0031562795440434055	0.001881528885697703	5.388953502354354e-4	0.010998847336081363
2021-04-02	0	0	0	0.0039003671550579266	0.005452964848888575	0.00404578284406476	9.711353371597564e-4	0.024747906678054266
2021-04-03	0	0	0	0.0017609704441878815	0.0021830151187551827	0.0013598229248050764	6.45435148447504e-4	0.011644526225553786
2021-04-04	0	0	0	0.0010547596760666078	0.001000220699462151	5.174783715029552e-4	1.0746915336667939e-4	0.0010480020743441898
2021-04-05	0	0	0	0.002266270935114223	0.003137530256806853	0.0018968729085291347	5.293828778976106e-4	0.0015462933578407334
2021-04-06	0	0	0	0.004860591597672492	0.006115997918940241	0.0035402316976382853	0.0012395857889822004	0.010516806016160007
2021-04-07	0	0	0	0.005180230548032405	0.006928239526420521	0.004002963197069498	0.0014521161049039222	0.009135196116032862
2021-04-08	0	0	0	0.006043627771723958	0.008212611530903136	0.00516089204883996	0.0017323112626341786	0.010281229373382939
2021-04-09	0	0	0	0.00535176291443995	0.007046539935634977	0.0038434437326859694	0.002210474464613421	0.01082491531198948
2021-04-10	0	0	0	0.004926455008456454	0.003959495241201205	0.001958008678057732	0.0020273909994137362	0.007682448545439424
2021-04-11	0	0	0	0.001428444071170487	0.0015408055882080163	7.588370843798486e-4	6.004827527148482e-4	9.500825032964233e-4
2021-04-12	0	0	0	0.004834342643593725	0.0050031429608694555	0.0027397602354977124	9.545286288030752e-4	0.0024684263489878067
2021-04-13	0	0	0	0.007411373658860798	0.009355239421548367	0.004638742060899759	0.001895272513105839	0.013688459445184042
2021-04-14	0	0	0	0.010959226481430884	0.012314205656788424	0.005820432270783771	0.004477192160465604	0.03513620724563582
2021-04-15	0	0	0	0.008847241884586854	0.00934431986827855	0.005019959374126026	0.004084056945375947	0.040675324455164086
2021-04-16	0	0	0	0.008112528597666424	0.010033906096232448	0.005225243302171778	0.008528993881883329	0.04455403520084933
2021-04-17	0	0	0	0.009284171553894716	0.010893611362879474	0.0060913780806459705	0.009556773849356937	0.06899111687731407
2021-04-18	0	0	0	0.0041569498276476935	0.0056094467989067365	0.0025607690846765063	0.0029204427144999823	0.02304858790689779
2021-04-19	0	0	0	0.009402120114325507	0.010453393243464504	0.004795514084740438	0.003371721882680978	0.013904592062688792
2021-04-20	0	0	0	0.009656307473089543	0.01204136177563786	0.00657681628287432	0.007783239045170198	0.041320713652897245
2021-04-21	0	0	0	0.014181595271690828	0.015186037837827238	0.008281173204849335	0.01482443638013331	0.08432274831031528
2021-04-22	0	0	0	0.014985934193834538	0.014791367990219406	0.008405238369169066	0.015363921032925276	0.08866435054582644
2021-04-23	0	0	0	0.006527278819523197	0.006320839678601198	0.00345329988066978	0.005645154264940722	0.03296469954308079
2021-04-24	0	0	0	0.006038701643926725	0.005871106218171551	0.002955550906390103	0.002895608801253058	0.024958360041566152
2021-04-25	0	0	0	0.0025561681322172625	0.0026255256207552424	0.0011505676585916724	6.412728212414898e-4	4.127730365579563e-4
2021-04-26	0	0	0	0.0040836250709537225	0.004019206254807006	0.001549826162406065	3.004667402306538e-4	9.498147364632725e-4
2021-04-27	0	0	0	0.008743577109566303	0.010192982370301307	0.004623236679875076	0.00544700031690426	0.026155126393548223
2021-04-28	0	0	0	0.013968429181637543	0.015394603022814923	0.006913926164051398	0.013562616578002284	0.06659782903366285
2021-04-29	0	0	0	0.015295631479183669	0.01597727408944727	0.007905742621237444	0.020890293563984308	0.07563083862422326
2021-04-30	0	0	0.10263340389897246	0.016642928030321524	0.015789213964011006	0.007719979614602579	0.01965482307518207	0.09180266889603872
2021-05-01	0	0	0	0.014440221853606161	0.0135534446810599	0.007650264590861822	0.037891307198713475	0.11903003135713841
2021-05-02	0	0	0	0.00701379066483554	0.006642676566162242	0.0031071912130025137	0.010053704755234705	0.0300330323339415
2021-05-03	0	0	0	0.009561090723307908	0.009139126808009879	0.00432704909418935	0.005677471361699826	0.034972698705613814
2021-05-04	0	0	0	0.012247634273465202	0.010855849046616628	0.004990302537351887	0.010347962125500043	0.05007777228030119
2021-05-05	0	0	0	0.014613090404059337	0.012276029246446774	0.006858555954372347	0.021255490245728925	0.08530335415830814
2021-05-06	0	0	0	0.013096234520454164	0.012640433884664404	0.007279355665649856	0.031070400473428794	0.09673416772419152
2021-05-07	0	0	0	0.013147418405884181	0.012229195234793044	0.007028089480919375	0.039748898554905265	0.14871849048380148
2021-05-08	0	0	0	0.012368427607279964	0.011485523166385514	0.007631281128935852	0.05227496067624893	0.1706006929807249
2021-05-09	0	0	0	0.006031304787667668	0.005178008342689999	0.002631716624314384	0.01574133914059539	0.06436345177032288
2021-05-10	0	0	0	0.007297407688100721	0.006566854570112746	0.004078247206346974	0.012869132870509725	0.05737482258126514
2021-05-11	0	0	0	0.008659943367696599	0.008984909895816795	0.0054233485397727765	0.03171941319441762	0.07210672752501934
2021-05-12	0	0	0	0.013369123634084268	0.012586142245353704	0.007668787956159662	0.04798387140962701	0.1173747074157343
2021-05-13	0	0	0	0.011945355235368327	0.011239208286367708	0.006544942643847973	0.04567949371767566	0.1143737102362603
2021-05-14	0	0	0	0.011815958802556148	0.011353949352952863	0.007926702178267853	0.06323514856712387	0.1295974715363839
2021-05-15	0	0	0	0.013087314109851533	0.01223331393355731	0.010134743073184627	0.10481928920100958	0.15638934051739684
2021-05-16	0	0	0	0.006491988828477124	0.00590220578452838	0.003927019247207397	0.04292013659182636	0.07231160424938543
2021-05-17	0	0	0	0.00713482864949988	0.006352005168988484	0.004621608786587794	0.04065474330152741	0.05759743115518501
2021-05-18	0	0	0	0.013881917897756724	0.012200452393579475	0.008978850141635242	0.07459464977669161	0.09274077337486242
2021-05-19	0	0	0	0.012500574946461951	0.012485477115982802	0.01223396042663527	0.08912574653813032	0.11210797505377834
2021-05-20	0	0	0	0.013079503840298656	0.013763513926481341	0.012647828635621972	0.10004056876716838	0.12129711992269443
2021-05-21	0	0	0	0.016601726124240157	0.012868197037808615	0.01283462080436859	0.09660286012818053	0.11509481130062715
2021-05-22	0	0	0	0.012823871826490585	0.010827087564802662	0.010406772907915807	0.09324467995421792	0.07371838237998252
2021-05-23	0	0	0	0.004985466831916252	0.004730012290553587	0.003072044811754937	0.027451205695895098	0.013226217168986976
2021-05-24	0	0	0	0.004286571046666188	0.0034046794436084493	0.0025771386553579134	0.022860290594575172	0.014115589150883512
2021-05-25	0	0	0	0.010111873213558775	0.007873987384597436	0.005793449569179154	0.05625675209368808	0.037907211370526106
2021-05-26	0	0	0	0.016767625862103674	0.014026858260674846	0.014469256465439395	0.0820299844952539	0.06137660119846933
2021-05-27	0	0	0	0.024657603076332135	0.021263276256054064	0.021242496358119478	0.10739104431082058	0.07310789412250385
2021-05-28	0	0	0	0.027890809390650473	0.019652009367934875	0.022177229714390956	0.10345021607423321	0.0640121603219439
2021-05-29	0	0	0	0.02856853291848549	0.02158550958530081	0.023238645061286478	0.11250452685789503	0.05396983609677375
2021-05-30	0	0	0	0.008689767557043426	0.0067541190323108236	0.007073922376905184	0.05410795177189942	0.019226210228844076
2021-05-31	0	0	0	0.008111907391865847	0.006397803104936095	0.005751169425953773	0.06922031935659634	0.03679160756728961
2021-06-01	0	0	0	0.017544198634730668	0.012807793975429638	0.014991846244479357	0.09302754962825643	0.041870929172369786
2021-06-02	0	0	0.14835980045489694	0.029655494699359686	0.016770743625586837	0.019618741337854573	0.10562704302637926	0.056397134117708525
2021-06-03	0	0	0.0851457844873238	0.025563021673082886	0.015631564447958546	0.02079075106570394	0.09980170843151148	0.04079165194211809
2021-06-04	0	0	0	0.022003359509502607	0.015511547505226542	0.023151621711251513	0.1085984664896491	0.05315807978454368
2021-06-05	0	0	0	0.02962684210548039	0.020330378554800355	0.029597262534761137	0.11041249589427204	0.03523179032480139
2021-06-06	0	0	0	0.00962558886626641	0.005563393324006682	0.010437618412938443	0.04014117684338703	0.007446786063209476
2021-06-07	0	0	0	0.011076465258383017	0.007054426304936134	0.013904782705463248	0.057530781827924926	0.028217677566733324
2021-06-08	0	0	0	0.01469574750762992	0.010738573267764506	0.023684095786969506	0.07333981483336971	0.03898566772338374
2021-06-09	0	0	0	0.01765206331093805	0.011350082393396965	0.02687704530307511	0.07181216865970286	0.047810974657233496
2021-06-10	0	0	0.07275177668113697	0.02011475048804945	0.014327710784324266	0.03321698737518464	0.07957222046757129	0.04509502447424185
2021-06-11	0	0	0.07846215433895432	0.018676856920114338	0.013422638970240985	0.0324584849415428	0.0763175914849159	0.041285658526594604
2021-06-12	0	0	0	0.03575654333730105	0.020922771169910037	0.0606563489951184	0.11925010534843428	0.0358509676743497
2021-06-13	0	0	0	0.009140500859122547	0.005677760730944392	0.01959484220530916	0.03478766341081796	0.009013937539806172
2021-06-14	0	0	0	0.013813517281370036	0.008377124887738674	0.026660156513306443	0.04943549617401932	0.01949353019200384
2021-06-15	0	0	0	0.02299273573985161	0.009006991051488944	0.03878619792412552	0.06378196370392386	0.036323777303286287
2021-06-16	0	0	0	0.017494898696672756	0.011751225759880413	0.044160983737733916	0.07475905233845959	0.05500304138474488
2021-06-17	0	0	0	0.02063922544664898	0.011476289046612687	0.0459443927058889	0.06579462246692214	0.04784548830971325
2021-06-18	0	0	0	0.01633898491357355	0.010033547897590811	0.04057011844968872	0.05969584476535417	0.033142199483713775
2021-06-19	0	0	0	0.022770572083150586	0.012555130716324747	0.06138395937802654	0.07294301234474787	0.023299089080983437
2021-06-20	0	0	0	0.007541789370843155	0.004489513757375496	0.024551494068182134	0.025939294857199036	0.0063124828683942535
2021-06-21	0	0	0.07846215433895432	0.006540615877506983	0.003333343873262562	0.020647789937483063	0.018240187020835963	0.0033836200744208345
2021-06-22	0	0	0	0.014488097877812578	0.007806050563340827	0.03648411987701228	0.040883376171478636	0.014320839283933351
2021-06-23	0	0	0	0.01772132507503099	0.008501213062758195	0.04302160681991496	0.048224239564436555	0.029127069344904166
2021-06-24	0	0	0	0.018966647803122294	0.012060595342820113	0.055650233070242416	0.05942947732158621	0.03704298700159403
2021-06-25	0	0	0	0.01740351398272244	0.01044361267391114	0.0561322933538424	0.05124741637095287	0.019996686184149404
2021-06-26	0	0	0	0.02708894909309456	0.018279275813552154	0.09111602253721474	0.07159758803560168	0.023501847163401424
2021-06-27	0	0	0	0.012535418929190634	0.010230457980504148	0.050279495491365234	0.03067452599811471	0.009017963116745742
2021-06-28	0	0	0	0.009476212319277755	0.005843566816058576	0.042668663504313864	0.03054490281684985	0.01853075098328727
2021-06-29	0	0	0	0.014905000018520909	0.010510981402066077	0.05369729294124337	0.040016618317046726	0.027194426501572444
2021-06-30	0	0	0	0.019981053333287813	0.013304437657947643	0.06000024359694178	0.053219494164906234	0.03497738725144983
2021-07-01	0	0	0	0.020897281279351976	0.013475369469243326	0.058307288790752754	0.04318626333521469	0.02485426205903818
2021-07-02	0	0	0	0.017205357823185885	0.013614852167001201	0.059064565782862344	0.0385677571295282	0.023215700395692762
2021-07-03	0	0	0	0.02061307977063942	0.01547061767557123	0.07760313714017841	0.04555850861911437	0.021521429802885406
2021-07-04	0	0	0	0.011084287325732634	0.00992510501061239	0.04461834103268769	0.020416994287563828	0.009635105805451794
2021-07-05	0	0	0	0.012563273406363429	0.007511162540800864	0.04267382413019272	0.031756840783268014	0.013397719057747448
2021-07-06	0	0	0	0.011509312780033198	0.007546808991571785	0.04210627679082224	0.027289781111754285	0.01840444402841479
2021-07-07	0	0	0	0.015129658044617855	0.011233991740041915	0.05094048989695321	0.0327827078360825	0.022499179705393946
2021-07-08	0	0	0	0.01202672620059353	0.009162661697635244	0.04200384850091221	0.0351697862348761	0.019465652339465844
2021-07-09	0	2	0	0	0	0	0.2413170104672815	0.4433210145878015
2021-07-10	0	0	0.05646923991101471	0.0045887397560138155	0	0	0.05392555500955387	0.04361793630764588
2021-07-11	0	0	0.056053839689784946	0.01969582196281272	0	0	0.0616323157374985	0.04801926183852112
2021-07-12	0	0	0	0.010812266186601693	0	0	0.029073284963121893	0.014891183925511253
2021-07-13	0	0	0	0.00946276614612529	0	0	0.04123191640837742	0.021630051914458326
2021-07-14	0	0	0	0.0099919731746283	0	0.018953055917140693	0.04628940990876429	0.04409173669072719
2021-07-15	0	0	0	0.013103307735778946	0	0.05505792558330236	0.05267896345238232	0.05083768852486381
2021-07-16	0	0	0.04707701568658673	0.01116017845777395	0	0.04219382921195991	0.044868876331700225	0.0391076444196492
2021-07-17	0	0	0	0.006413423651783878	0.0020648622190175825	0.029726574980301734	0.024476609905704994	0.013051397163296174
2021-07-18	0	0	0	0.005315735950715217	0.0037063589250534434	0.02426383429341583	0.013367857239057868	0.01707973203266544
2021-07-19	0	0	0	0.0038258413933027757	0.0025551615365668745	0.017162476075855304	0.013743206586138257	0.0082349466662337
2021-07-20	0	0	0	0.001227904480537223	0.0015834324004402323	0.007645276460723549	0.00882054575425939	0.0021817394952798885
2021-07-21	0	0	0	0.0025345134232444	0.0036391583256980553	0.016417024455703144	0.01843540009041389	0.019765500924531665
2021-07-22	0	0	0	0.004065850758033118	0.004298231947195141	0.0213830778190518	0.03508154810102471	0.05240296897068908
2021-07-23	0	0	0	0.0037353311184924465	0.00408767605924143	0.023111091812369144	0.04039120258648099	0.05481801437070244
2021-07-24	0	0	0.038639716525548096	0.0025448038914179794	0.0042955377410554	0.0242094612980015	0.046306129482842184	0.05902199233413663
2021-07-25	0	0	0	0.0024503060736194016	0.006771563998945851	0.040558944780042294	0.047157456773318396	0.0529434975464369
2021-07-26	0	0	0	7.170658839377175e-4	0.0021122355938267834	0.013812049586984898	0.014597861898966169	0.01677412904282316
2021-07-27	0	0	0	4.953304285779669e-4	8.800893824243428e-4	0.005121380405719966	0.014814119311354013	0.01877441639347066
2021-07-28	0	0	0	7.448861751320202e-4	0.0015439585686347623	0.014246367352870326	0.021232548103822024	0.026722083507138894
2021-07-29	0	0	0	0.0014029356642908386	0.0013040413665907913	0.02762517358837968	0.02397714280361396	0.0376997154770109
2021-07-30	0	0	0	0.0012183659345239573	0.0025216123101956534	0.04803690557340112	0.02560726375252287	0.0435782134476852
2021-07-31	0	0	0	0.0016496934047613987	0.0019614300284780395	0.056433644271854044	0.020676499662740433	0.03440139815427634
2021-08-01	0	0	0.03453466331343047	0.0013557378888879867	0.0039657804332362545	0.09104381353512458	0.025471842898173058	0.039021576929133994
2021-08-02	0	0	0	0.0011897400835840788	0.0015701720334508895	0.04832202413615083	0.009969599610312851	0.007637590821396367
2021-08-03	0	0	0	3.645732721615502e-4	5.776874943308474e-4	0.057618271126986365	0.01512414925841199	0.017534969346151952
2021-08-04	0	0	0	7.655613434973674e-4	0.001475709218300425	0.05235223469756067	0.019357130718060667	0.03875501878714216
2021-08-05	0	0	0	0.0015189365302670232	0.004444406828581382	0.06548740974602163	0.035261743067198204	0.051665103433293114
2021-08-06	0	0	0	0.0013945239423658329	0.003082280927198644	0.06709006418706887	0.028032431557070137	0.04489644608218857
2021-08-07	0	0	0.03297269493316102	0.0010344801557966576	0.005649857263571034	0.06369388765534989	0.03040350710416173	0.025426500406360297
2021-08-08	0	0	0	0.0014994357208866216	0.005777677708105777	0.09384906645572921	0.03071199716871309	0.03287895202371849
2021-08-09	0	0	0	0.0010656653620337853	0.00396763161899516	0.03589123632381841	0.011822763688748017	0.01736143959804415
2021-08-10	0	0	0	5.509401654713031e-4	0.0018257079399508491	0.03743471996652681	0.018307783127714528	0.024779717927926104
2021-08-11	0	0	0	0.0015955566531626886	0.0065931890350938716	0.04243232497751048	0.022400163396022466	0.03364641067974694
2021-08-12	0	0	0.03210295910504257	0.001980813913611712	0.00958652408720373	0.03937543432041668	0.032714925931928374	0.03671764334818661
2021-08-13	0	0	0	0.002521070933011904	0.00893597568097082	0.047474032360432794	0.034910464657593065	0.035158990246070276
2021-08-14	0	0	0.032578501416926864	0.0017257319211105848	0.007181208162884145	0.05837494528034193	0.0350446520121368	0.029301912301487043
2021-08-15	0	0	0	0.001443837352574695	0.011073348597253396	0.04108076693490981	0.02426666647375253	0.01868229839060298
2021-08-16	0	0	0	4.100767118901949e-4	0.005771121811513957	0.028978018395306337	0.012593592364799067	0.01373134800583009
2021-08-17	0	0	0	1.2941615160655395e-4	0.006014775310253295	0.023077544201293154	0.006765515357817664	0.006413699038588572
