2020-02-17	0	0	0	0	0	0	0	0
2020-02-18	0	0	0	0	0	0	0	0
2020-02-19	0	0	0	0	0	0	0	0
2020-02-20	0	0	0	0	0	0	0	0
2020-02-21	0	0	0	0	0	0	0	0
2020-02-22	0	0	0	0	0	0	0	0
2020-02-23	0	0	0	0	0	0	0	0
2020-02-24	0	0	0	0	0	0	0	0
2020-02-25	0	0	0	0	0	0	0	0
2020-02-26	0	0	0	0	0	0	0	0
2020-02-27	0	0	0	0	0	0	0	0
2020-02-28	0	0	0	0	0	0	0	0
2020-02-29	0	0	0	0	0	0	0	0
2020-03-01	0	0	0	0	0	0	0	0
2020-03-02	0	0	0	0	0	0	0	0
2020-03-03	0	0	0	0	0	0	0	0
2020-03-04	0	0	0	0	0	0	0	0
2020-03-05	0	0	0	0	0	0	0	0
2020-03-06	0	0	0	0	0	0	0	0
2020-03-07	0	0	0	0	0	0	0	0
2020-03-08	0	0	0	0	0	0	0	0
2020-03-09	0	0	0	0	0	0	0	0
2020-03-10	0	0	0	0	0	0	0	0
2020-03-11	0	0	0	0	0	0	0	0
2020-03-12	0	0	0	0	0	0	0	0
2020-03-13	0	0	0	0	0	0	0	0
2020-03-14	0	0	0	0	0	0	0	0
2020-03-15	0	0	0	0	0	0	0	0
2020-03-16	0	0	0	0	0	0	0	0
2020-03-17	0	0	0	0	0	0	0	0
2020-03-18	0	0	0	0	0	0	0	0
2020-03-19	0	0	0	0	0	0	0	0
2020-03-20	0	0	0	0	0	0	0	0
2020-03-21	0	0	0	0	0	0	0	0
2020-03-22	0	0	0	0	0	0	0	0
2020-03-23	0	0	0	0	0	0	0	0
2020-03-24	0	0	0	0	0	0	0	0
2020-03-25	0	0	0	0	0	0	0	0
2020-03-26	0	0	0	0	0	0	0	0
2020-03-27	0	0	0	0	0	0	0	0
2020-03-28	0	0	0	0	0	0	0	0
2020-03-29	0	0	0	0	0	0	0	0
2020-03-30	0	0	0	0	0	0	0	0
2020-03-31	0	0	0	0	0	0	0	0
2020-04-01	0	0	0	0	0	0	0	0
2020-04-02	0	0	0	0	0	0	0	0
2020-04-03	0	0	0	0	0	0	0	0
2020-04-04	0	0	0	0	0	0	0	0
2020-04-05	0	0	0	0	0	0	0	0
2020-04-06	0	0	0	0	0	0	0	0
2020-04-07	0	0	0	0	0	0	0	0
2020-04-08	0	0	0	0	0	0	0	0
2020-04-09	0	0	0	0	0	0	0	0
2020-04-10	0	0	0	0	0	0	0	0
2020-04-11	0	0	0	0	0	0	0	0
2020-04-12	0	0	0	0	0	0	0	0
2020-04-13	0	0	0	0	0	0	0	0
2020-04-14	0	0	0	0	0	0	0	0
2020-04-15	0	0	0	0	0	0	0	0
2020-04-16	0	0	0	0	0	0	0	0
2020-04-17	0	0	0	0	0	0	0	0
2020-04-18	0	0	0	0	0	0	0	0
2020-04-19	0	0	0	0	0	0	0	0
2020-04-20	0	0	0	0	0	0	0	0
2020-04-21	0	0	0	0	0	0	0	0
2020-04-22	0	0	0	0	0	0	0	0
2020-04-23	0	0	0	0	0	0	0	0
2020-04-24	0	0	0	0	0	0	0	0
2020-04-25	0	0	0	0	0	0	0	0
2020-04-26	0	0	0	0	0	0	0	0
2020-04-27	0	0	0	0	0	0	0	0
2020-04-28	0	0	0	0	0	0	0	0
2020-04-29	0	0	0	0	0	0	0	0
2020-04-30	0	0	0	0	0	0	0	0
2020-05-01	0	0	0	0	0	0	0	0
2020-05-02	0	0	0	0	0	0	0	0
2020-05-03	0	0	0	0	0	0	0	0
2020-05-04	0	0	0	0	0	0	0	0
2020-05-05	0	0	0	0	0	0	0	0
2020-05-06	0	0	0	0	0	0	0	0
2020-05-07	0	0	0	0	0	0	0	0
2020-05-08	0	0	0	0	0	0	0	0
2020-05-09	0	0	0	0	0	0	0	0
2020-05-10	0	0	0	0	0	0	0	0
2020-05-11	0	0	0	0	0	0	0	0
2020-05-12	0	0	0	0	0	0	0	0
2020-05-13	0	0	0	0	0	0	0	0
2020-05-14	0	0	0	0	0	0	0	0
2020-05-15	0	0	0	0	0	0	0	0
2020-05-16	0	0	0	0	0	0	0	0
2020-05-17	0	0	0	0	0	0	0	0
2020-05-18	0	0	0	0	0	0	0	0
2020-05-19	0	0	0	0	0	0	0	0
2020-05-20	0	0	0	0	0	0	0	0
2020-05-21	0	0	0	0	0	0	0	0
2020-05-22	0	0	0	0	0	0	0	0
2020-05-23	0	0	0	0	0	0	0	0
2020-05-24	0	0	0	0	0	0	0	0
2020-05-25	0	0	0	0	0	0	0	0
2020-05-26	0	0	0	0	0	0	0	0
2020-05-27	0	0	0	0	0	0	0	0
2020-05-28	0	0	0	0	0	0	0	0
2020-05-29	0	0	0	0	0	0	0	0
2020-05-30	0	0	0	0	0	0	0	0
2020-05-31	0	0	0	0	0	0	0	0
2020-06-01	0	0	0	0	0	0	0	0
2020-06-02	0	0	0	0	0	0	0	0
2020-06-03	0	0	0	0	0	0	0	0
2020-06-04	0	0	0	0	0	0	0	0
2020-06-05	0	0	0	0	0	0	0	0
2020-06-06	0	0	0	0	0	0	0	0
2020-06-07	0	0	0	0	0	0	0	0
2020-06-08	0	0	0	0	0	0	0	0
2020-06-09	0	0	0	0	0	0	0	0
2020-06-10	0	0	0	0	0	0	0	0
2020-06-11	0	0	0	0	0	0	0	0
2020-06-12	0	0	0	0	0	0	0	0
2020-06-13	0	0	0	0	0	0	0	0
2020-06-14	0	0	0	0	0	0	0	0
2020-06-15	0	0	0	0	0	0	0	0
2020-06-16	0	0	0	0	0	0	0	0
2020-06-17	0	0	0	0	0	0	0	0
2020-06-18	0	0	0	0	0	0	0	0
2020-06-19	0	0	0	0	0	0	0	0
2020-06-20	0	0	0	0	0	0	0	0
2020-06-21	0	0	0	0	0	0	0	0
2020-06-22	0	0	0	0	0	0	0	0
2020-06-23	0	0	0	0	0	0	0	0
2020-06-24	0	0	0	0	0	0	0	0
2020-06-25	0	0	0	0	0	0	0	0
2020-06-26	0	0	0	0	0	0	0	0
2020-06-27	0	0	0	0	0	0	0	0
2020-06-28	0	0	0	0	0	0	0	0
2020-06-29	0	0	0	0	0	0	0	0
2020-06-30	0	0	0	0	0	0	0	0
2020-07-01	0	0	0	0	0	0	0	0
2020-07-02	0	0	0	0	0	0	0	0
2020-07-03	0	0	0	0	0	0	0	0
2020-07-04	0	0	0	0	0	0	0	0
2020-07-05	0	0	0	0	0	0	0	0
2020-07-06	0	0	0	0	0	0	0	0
2020-07-07	0	0	0	0	0	0	0	0
2020-07-08	0	0	0	0	0	0	0	0
2020-07-09	0	0	0	0	0	0	0	0
2020-07-10	0	0	0	0	0	0	0	0
2020-07-11	0	0	0	0	0	0	0	0
2020-07-12	0	0	0	0	0	0	0	0
2020-07-13	0	0	0	0	0	0	0	0
2020-07-14	0	0	0	0	0	0	0	0
2020-07-15	0	0	0	0	0	0	0	0
2020-07-16	0	0	0	0	0	0	0	0
2020-07-17	0	0	0	0	0	0	0	0
2020-07-18	0	0	0	0	0	0	0	0
2020-07-19	0	0	0	0	0	0	0	0
2020-07-20	0	0	0	0	0	0	0	0
2020-07-21	0	0	0	0	0	0	0	0
2020-07-22	0	0	0	0	0	0	0	0
2020-07-23	0	0	0	0	0	0	0	0
2020-07-24	0	0	0	0	0	0	0	0
2020-07-25	0	0	0	0	0	0	0	0
2020-07-26	0	0	0	0	0	0	0	0
2020-07-27	0	0	0	0	0	0	0	0
2020-07-28	0	0	0	0	0	0	0	0
2020-07-29	0	0	0	0	0	0	0	0
2020-07-30	0	0	0	0	0	0	0	0
2020-07-31	0	0	0	0	0	0	0	0
2020-08-01	0	0	0	0	0	0	0	0
2020-08-02	0	0	0	0	0	0	0	0
2020-08-03	0	0	0	0	0	0	0	0
2020-08-04	0	0	0	0	0	0	0	0
2020-08-05	0	0	0	0	0	0	0	0
2020-08-06	0	0	0	0	0	0	0	0
2020-08-07	0	0	0	0	0	0	0	0
2020-08-08	0	0	0	0	0	0	0	0
2020-08-09	0	0	0	0	0	0	0	0
2020-08-10	0	0	0	0	0	0	0	0
2020-08-11	0	0	0	0	0	0	0	0
2020-08-12	0	0	0	0	0	0	0	0
2020-08-13	0	0	0	0	0	0	0	0
2020-08-14	0	0	0	0	0	0	0	0
2020-08-15	0	0	0	0	0	0	0	0
2020-08-16	0	0	0	0	0	0	0	0
2020-08-17	0	0	0	0	0	0	0	0
2020-08-18	0	0	0	0	0	0	0	0
2020-08-19	0	0	0	0	0	0	0	0
2020-08-20	0	0	0	0	0	0	0	0
2020-08-21	0	0	0	0	0	0	0	0
2020-08-22	0	0	0	0	0	0	0	0
2020-08-23	0	0	0	0	0	0	0	0
2020-08-24	0	0	0	0	0	0	0	0
2020-08-25	0	0	0	0	0	0	0	0
2020-08-26	0	0	0	0	0	0	0	0
2020-08-27	0	0	0	0	0	0	0	0
2020-08-28	0	0	0	0	0	0	0	0
2020-08-29	0	0	0	0	0	0	0	0
2020-08-30	0	0	0	0	0	0	0	0
2020-08-31	0	0	0	0	0	0	0	0
2020-09-01	0	0	0	0	0	0	0	0
2020-09-02	0	0	0	0	0	0	0	0
2020-09-03	0	0	0	0	0	0	0	0
2020-09-04	0	0	0	0	0	0	0	0
2020-09-05	0	0	0	0	0	0	0	0
2020-09-06	0	0	0	0	0	0	0	0
2020-09-07	0	0	0	0	0	0	0	0
2020-09-08	0	0	0	0	0	0	0	0
2020-09-09	0	0	0	0	0	0	0	0
2020-09-10	0	0	0	0	0	0	0	0
2020-09-11	0	0	0	0	0	0	0	0
2020-09-12	0	0	0	0	0	0	0	0
2020-09-13	0	0	0	0	0	0	0	0
2020-09-14	0	0	0	0	0	0	0	0
2020-09-15	0	0	0	0	0	0	0	0
2020-09-16	0	0	0	0	0	0	0	0
2020-09-17	0	0	0	0	0	0	0	0
2020-09-18	0	0	0	0	0	0	0	0
2020-09-19	0	0	0	0	0	0	0	0
2020-09-20	0	0	0	0	0	0	0	0
2020-09-21	0	0	0	0	0	0	0	0
2020-09-22	0	0	0	0	0	0	0	0
2020-09-23	0	0	0	0	0	0	0	0
2020-09-24	0	0	0	0	0	0	0	0
2020-09-25	0	0	0	0	0	0	0	0
2020-09-26	0	0	0	0	0	0	0	0
2020-09-27	0	0	0	0	0	0	0	0
2020-09-28	0	0	0	0	0	0	0	0
2020-09-29	0	0	0	0	0	0	0	0
2020-09-30	0	0	0	0	0	0	0	0
2020-10-01	0	0	0	0	0	0	0	0
2020-10-02	0	0	0	0	0	0	0	0
2020-10-03	0	0	0	0	0	0	0	0
2020-10-04	0	0	0	0	0	0	0	0
2020-10-05	0	0	0	0	0	0	0	0
2020-10-06	0	0	0	0	0	0	0	0
2020-10-07	0	0	0	0	0	0	0	0
2020-10-08	0	0	0	0	0	0	0	0
2020-10-09	0	0	0	0	0	0	0	0
2020-10-10	0	0	0	0	0	0	0	0
2020-10-11	0	0	0	0	0	0	0	0
2020-10-12	0	0	0	0	0	0	0	0
2020-10-13	0	0	0	0	0	0	0	0
2020-10-14	0	0	0	0	0	0	0	0
2020-10-15	0	0	0	0	0	0	0	0
2020-10-16	0	0	0	0	0	0	0	0
2020-10-17	0	0	0	0	0	0	0	0
2020-10-18	0	0	0	0	0	0	0	0
2020-10-19	0	0	0	0	0	0	0	0
2020-10-20	0	0	0	0	0	0	0	0
2020-10-21	0	0	0	0	0	0	0	0
2020-10-22	0	0	0	0	0	0	0	0
2020-10-23	0	0	0	0	0	0	0	0
2020-10-24	0	0	0	0	0	0	0	0
2020-10-25	0	0	0	0	0	0	0	0
2020-10-26	0	0	0	0	0	0	0	0
2020-10-27	0	0	0	0	0	0	0	0
2020-10-28	0	0	0	0	0	0	0	0
2020-10-29	0	0	0	0	0	0	0	0
2020-10-30	0	0	0	0	0	0	0	0
2020-10-31	0	0	0	0	0	0	0	0
2020-11-01	0	0	0	0	0	0	0	0
2020-11-02	0	0	0	0	0	0	0	0
2020-11-03	0	0	0	0	0	0	0	0
2020-11-04	0	0	0	0	0	0	0	0
2020-11-05	0	0	0	0	0	0	0	0
2020-11-06	0	0	0	0	0	0	0	0
2020-11-07	0	0	0	0	0	0	0	0
2020-11-08	0	0	0	0	0	0	0	0
2020-11-09	0	0	0	0	0	0	0	0
2020-11-10	0	0	0	0	0	0	0	0
2020-11-11	0	0	0	0	0	0	0	0
2020-11-12	0	0	0	0	0	0	0	0
2020-11-13	0	0	0	0	0	0	0	0
2020-11-14	0	0	0	0	0	0	0	0
2020-11-15	0	0	0	0	0	0	0	0
2020-11-16	0	0	0	0	0	0	0	0
2020-11-17	0	0	0	0	0	0	0	0
2020-11-18	0	0	0	0	0	0	0	0
2020-11-19	0	0	0	0	0	0	0	0
2020-11-20	0	0	0	0	0	0	0	0
2020-11-21	0	0	0	0	0	0	0	0
2020-11-22	0	0	0	0	0	0	0	0
2020-11-23	0	0	0	0	0	0	0	0
2020-11-24	0	0	0	0	0	0	0	0
2020-11-25	0	0	0	0	0	0	0	0
2020-11-26	0	0	0	0	0	0	0	0
2020-11-27	0	0	0	0	0	0	0	0
2020-11-28	0	0	0	0	0	0	0	0
2020-11-29	0	0	0	0	0	0	0	0
2020-11-30	0	0	0	0	0	0	0	0
2020-12-01	0	0	0	0	0	0	0	0
2020-12-02	0	0	0	0	0	0	0	0
2020-12-03	0	0	0	0	0	0	0	0
2020-12-04	0	0	0	0	0	0	0	0
2020-12-05	0	0	0	0	0	0	0	0
2020-12-06	0	0	0	0	0	0	0	0
2020-12-07	0	0	0	0	0	0	0	0
2020-12-08	0	0	0	0	0	0	0	0
2020-12-09	0	0	0	0	0	0	0	0
2020-12-10	0	0	0	0	0	0	0	0
2020-12-11	0	0	0	0	0	0	0	0
2020-12-12	0	0	0	0	0	0	0	0
2020-12-13	0	0	0	0	0	0	0	0
2020-12-14	0	0	0	0	0	0	0	0
2020-12-15	0	0	0	0	0	0	0	0
2020-12-16	0	0	0	0	0	0	0	0
2020-12-17	0	0	0	0	0	0	0	0
2020-12-18	0	0	0	0	0	0	0	0
2020-12-19	0	0	0	0	0	0	0	0
2020-12-20	0	0	0	0	0	0	0	0
2020-12-21	0	0	0	0	0	0	0	0
2020-12-22	0	0	0	0	0	0	0	0
2020-12-23	0	0	0	0	0	0	0	0
2020-12-24	0	0	0	0	0	0	0	0
2020-12-25	0	0	0	0	0	0	0	0
2020-12-26	0	0	0	0	0	0	0	0
2020-12-27	0	0	0	0	0	0	0	0
2020-12-28	0	0	0	0	0	0	0	0
2020-12-29	0	0	0	0	0	0	0	0
2020-12-30	0	0	0	0	0	0	0	0
2020-12-31	0	0	0	0	0	0	0	0
2021-01-01	0	0	0	0	0	0	0	0
2021-01-02	0	0	0	0	0	0	0	0
2021-01-03	0	0	0	0	0	0	0	0
2021-01-04	0	0	0	0	0	0	0	0
2021-01-05	0	0	0	0	0	0	0	0
2021-01-06	0	0	0	0	0	0	0	0
2021-01-07	0	0	0	0	0	0	0	0
2021-01-08	0	0	0	0	0	0	0	0
2021-01-09	0	0	0	0	0	0	0	0
2021-01-10	0	0	0	0	0	0	0	0
2021-01-11	0	0	0	0	0	0	0	0
2021-01-12	0	0	0	0	0	0	0	0
2021-01-13	0	0	0	0	0	0	0	0
2021-01-14	0	0	0	0	0	0	0	0
2021-01-15	0	0	0	0	0	0	0	0
2021-01-16	0	0	0	0	0	0	0	0
2021-01-17	0	0	0	0	0	0	0	0
2021-01-18	0	0	0	0	0	0	0	0
2021-01-19	0	0	0	0.003419780216209256	0.002201666120763557	0.0033814798364650844	0.004191412221366875	0.002915113992529861
2021-01-20	0	0	0	0.002943342286542139	0.004474834692950402	0.004938833444958268	0.004030074621259816	0.0025845440312874945
2021-01-21	0	0	0	7.783615784182629e-4	0.0030949725269839856	0.004956637112370821	0.0035198015964614804	0.002079774758486197
2021-01-22	0	0	0	0	2.1284067871296664e-4	2.2435861551572955e-4	0	5.5542441378619856e-5
2021-01-23	0	0	0	0.0017875767015707034	0.0015588786648510489	0.002627414532014871	0.0017057572399625798	2.8796018071353124e-4
2021-01-24	0	0	0	0.0017101328479911526	9.132329914987025e-4	0.001801858794197475	0.0014552260125406669	1.886449235131149e-4
2021-01-25	0	0	0	0.007089320194956228	0.006734025851673042	0.008103676850496955	0.00683691854217483	0.0041537468978734005
2021-01-26	0	0	0	0.010412863608691092	0.014225241334426153	0.022139670025908664	0.018305640356704567	0.037260793433127715
2021-01-27	0	0	0	0.018265222772550826	0.01584722238987868	0.023602248329326336	0.03051355472064543	0.10942417500809531
2021-01-28	0	0	0	0.015297241664775862	0.02065038276496911	0.028836110939835846	0.03604481355319722	0.13718593276983815
2021-01-29	0	0	0	0.014859671734759106	0.02077760514504967	0.0298994121228362	0.039488394276374184	0.10855740892213173
2021-01-30	0	0	0	0.0062567834710836046	0.006431746523108739	0.008478082597718206	0.013073893143570103	0.07029223294781461
2021-01-31	0	0	0	0.006550951107664238	0.00963089149888674	0.013522432959163444	0.02094508436808895	0.0493324332599725
2021-02-01	0	0	0	0.004597226850562519	0.011066112226967961	0.012099297529985398	0.012955375526083612	0.025480705611657495
2021-02-02	0	0	0	0.004507047982083234	0.009575113885032849	0.010480934092782057	0.010179032335942528	0.017142811771885036
2021-02-03	0	0	0	0.0029987522072751904	0.006105803687313172	0.005942173532647033	0.006229416457614656	0.013317575725894759
2021-02-04	0	0	0	0.0018660067937603664	0.005044916586023573	0.0056405362346103605	0.005190862111489114	0.005439073801182914
2021-02-05	0	0	0	5.010020118685343e-4	0.0023744307343445126	0.0027286099530086094	0.0016796531680327575	0.0028242323665081948
2021-02-06	0	0	0	2.2013097859874264e-4	7.525263650614011e-4	0.0010366687209286685	4.6783626371049714e-4	8.194657024829244e-4
2021-02-07	0	0	0	5.13835016059172e-4	3.072353953301743e-4	5.818797483534421e-4	3.49241275996226e-4	5.364175355859757e-5
2021-02-08	0	0	0	9.996251411958923e-5	3.985552412222315e-4	5.629694188837853e-4	4.2183482391133786e-4	5.850025719007501e-4
2021-02-09	0	0	0	1.8840374965267692e-4	6.07003766096792e-4	9.968938866640187e-4	6.111535665991319e-4	0.0010298058627029594
2021-02-10	0	0	0	3.493144730160047e-4	0.0012137150910451755	0.0015899156450778218	0.001202745951945472	0.0016529568148730966
2021-02-11	0	0	0	6.449532576602302e-4	0.0011842955009548906	0.0016361734232137604	9.415136376020872e-4	0.0022536256992018444
2021-02-12	0	0	0	2.2554271286834293e-4	2.491063320035902e-4	2.838107974938442e-4	1.5073672596122023e-4	1.1724029385273838e-4
2021-02-13	0	0	0	1.4123795081344426e-4	3.404158771926902e-4	4.3545314858861595e-4	1.889861571857665e-4	6.413262628757188e-5
2021-02-14	0	0	0	6.719188323955905e-5	3.1739338616021406e-4	3.2350475039977233e-4	3.3438385597106546e-5	5.243003867616558e-5
2021-02-15	0	0	0	0	1.604156550436553e-4	1.0736991213722291e-4	6.0938761637041594e-5	6.886721587306965e-5
2021-02-16	0	0	0	3.815216389271292e-4	3.721582397109291e-4	3.1733439311198985e-4	3.7296385051233116e-5	9.846430850601884e-5
2021-02-17	0	0	0	1.8245678092965179e-4	3.259200472913726e-4	3.324468108072409e-4	1.1675569298197352e-4	9.193484548308817e-5
2021-02-18	0	0	0	4.624812178839477e-4	7.38108061689724e-4	8.253408439795606e-4	2.2969385959581423e-4	1.2597569013195198e-4
2021-02-19	0	0	0	6.057185475023541e-4	0.0010376773637434944	0.001142595689586745	3.0285407923136276e-4	1.6384265671054443e-4
2021-02-20	0	0	0	5.724024106097403e-4	9.507129055288388e-4	7.692021673284533e-4	2.0902607657369288e-4	1.426217286015774e-4
2021-02-21	0	0	0	9.497507440001662e-4	0.001165223477526789	0.0013176022827992018	3.705062614869359e-4	1.994828563047779e-4
2021-02-22	0	0	0	1.939111891313683e-4	0.001027630569157223	5.172881395318907e-4	1.0360636495398978e-4	9.558458942904302e-5
2021-02-23	0	0	0	2.3592974094421848e-4	4.455982042335105e-4	3.3590639645386666e-4	1.001386921513081e-4	7.076055808719062e-5
2021-02-24	0	0	0	2.7500859531870425e-4	5.261531065023917e-4	5.217878160161948e-4	1.3882075537097194e-4	7.576629597316753e-5
2021-02-25	0	0	0	4.868926363243986e-4	6.445036293052375e-4	6.239665705782826e-4	1.1926665051964491e-4	1.0967111660642459e-4
2021-02-26	0	0	0	2.1330375581918304e-4	1.9146882885023864e-4	2.4458681904393487e-4	9.481469862016034e-5	5.423097974266433e-5
2021-02-27	0	0	0	8.230283330989963e-5	1.5490343879087654e-4	1.1029357187752886e-4	3.983688328879076e-5	1.4123186671266552e-5
2021-02-28	0	0	0	1.2015740631055039e-4	1.5661321056437139e-4	2.1350327717861717e-4	6.118261628484944e-5	4.770861821801198e-5
2021-03-01	0	0	0	3.950266149566062e-5	2.0617139770262582e-4	1.6064587503961114e-4	3.68640856638347e-5	4.1936194085323564e-5
2021-03-02	0	0	0	2.3261674531527277e-4	2.5396073022965204e-4	2.8569768949671115e-4	7.979973022620435e-5	2.1970855309638715e-4
2021-03-03	0	0	0	4.924848777629887e-4	6.803201019853766e-4	4.96992472390545e-4	1.407628685232698e-4	3.5124280067555524e-4
2021-03-04	0	0	0	0.0010674421719050198	9.125529141509325e-4	7.101934634954343e-4	1.801308010596081e-4	1.3745232138839825e-4
2021-03-05	0	0	0	3.2029894773666356e-4	4.970094495455601e-4	3.4678081525663096e-4	1.1887956025069535e-4	9.82999569165699e-5
2021-03-06	0	0	0	1.3708958820690675e-4	2.254568326218731e-4	1.5310660069478566e-4	9.574279655311102e-6	2.9850807024889292e-5
2021-03-07	0	0	0	3.3195296228694104e-5	7.7529897495765e-5	3.1079570058434314e-5	1.4039439124591269e-5	2.4337627798853845e-5
2021-03-08	0	0	0	1.6214945341741505e-4	3.162730778156764e-4	1.5398798511312428e-4	4.3783921742646115e-5	2.9685101791132595e-5
2021-03-09	0	0	0	5.376386690965074e-4	7.033229929429563e-4	4.6493830400740066e-4	1.1819793618550456e-4	3.067860279704071e-4
2021-03-10	0	0	0	0.001021619333196444	0.0013917028021925848	6.242481218787788e-4	1.4263046248230715e-4	4.5109996465542146e-4
2021-03-11	0	0	0	8.476372493453344e-4	0.0019672854870353973	0.0010661588741938122	2.2539070072347123e-4	1.8750242789877802e-4
2021-03-12	0	0	0	6.410599021458019e-4	0.0015041695074333727	7.37878368224143e-4	2.1348203819715472e-4	1.5760093997374547e-4
2021-03-13	0	0	0	2.793491179209351e-4	3.491924950227432e-4	1.8822757970382575e-4	7.039913645900953e-5	6.130811527627067e-5
2021-03-14	0	0	0	7.312926208924431e-5	0.00013831434864108871	8.10286002352889e-5	2.9635619475998354e-5	3.1942248416960695e-5
2021-03-15	0	0	0	6.242272339123112e-4	0.0012264329708213673	5.223010774868531e-4	1.1814171530977191e-4	6.384812660575889e-5
2021-03-16	0	0	0	9.149506933328055e-4	0.001726255540764443	9.653623566201475e-4	2.45502917321172e-4	5.767123926361251e-4
2021-03-17	0	0	0	0.001811685742454383	0.0032719200175921337	0.0015544135321263752	0.00040463748337482563	0.001279813204001945
2021-03-18	0	0	0	0.0021758381816272543	0.004074175953636683	0.0018152063948639885	5.720835773594946e-4	6.259598425031321e-4
2021-03-19	0	0	0	0.0018674140393164507	0.0027831365256609786	0.0014078694685797366	4.2220532727177407e-4	0.002047781654868963
2021-03-20	0	0	0	0.001063146117562086	0.0013471886227911511	7.823502098747159e-4	3.807811985920839e-4	0.002909439327284602
2021-03-21	0	0	0	7.048719856097563e-4	7.306626423095874e-4	3.6591225183091325e-4	1.4879231110831448e-4	8.835475527020353e-4
2021-03-22	0	0	0	0.001256012829631059	0.002153595560659305	9.426359917348304e-4	1.8916713110850303e-4	8.996953036148891e-4
2021-03-23	0	0	0	0.0016365363924950582	0.003053557851011801	0.0015318483967889929	8.445689116423072e-4	0.002963554705024185
2021-03-24	0	0	0	0.0024981959848697777	0.003674251426253994	0.0019977731513753927	0.0016065976410166716	0.006344814379377395
2021-03-25	0	0	0	0.002551497439392536	0.004136444837274045	0.0020555336004444147	9.86935302583758e-4	0.005983342504379596
2021-03-26	0	0	0	0.0028682609600048092	0.0036748698400213	0.0019140341877246225	0.0024587120441090793	0.006319326451987406
2021-03-27	0	0	0	0.0011200791522556486	0.0017609181859825629	0.0010843451272346538	0.0011105709160161847	0.003619223699649954
2021-03-28	0	0	0	7.356880931499443e-4	7.726972624999551e-4	3.9809928906842096e-4	1.7092925721740038e-4	4.1621003381719923e-4
2021-03-29	0	0	0	0.0023913129491048846	0.003746959480812828	0.0016100547328996573	6.469598582008462e-4	0.0015570978709338323
2021-03-30	0	0	0	0.0034233962235397097	0.006167884965418757	0.002525256462912129	0.001349235185487796	0.00454071280837498
2021-03-31	0	0	0	0.005059566557941375	0.006903015412333291	0.002909463034112214	0.0010752063427916791	0.0035422489556076187
2021-04-01	0	0	0	0.004055728292684746	0.005639391443865049	0.0023869083238723388	7.513520845434662e-4	0.005513975207332988
2021-04-02	0	0	0	0.003529015304450267	0.004315439733578286	0.0021879263316575415	0.001580893451696097	0.008870049115645928
2021-04-03	0	0	0	0.0021624990586504023	0.0022703482756400994	0.001210028551716258	7.880843556200556e-4	0.006024060221049732
2021-04-04	0	0	0	0.0015247058989678042	0.0013542540494480004	6.352693497309048e-4	7.493297508629482e-4	0.0016813930000534327
2021-04-05	0	0	0	0.0034316966746665845	0.003970396380013952	0.0016781707669699664	8.451983671284857e-4	0.0012536960298223931
2021-04-06	0	0	0	0.004378885358444773	0.0067328707063405435	0.0029914571823641545	0.0023090129081495547	0.003990886324112486
2021-04-07	0.14835980045489694	0	0	0.006528685418314417	0.008273560400964275	0.0035382745517664738	0.0017982596486192381	0.008113453991629882
2021-04-08	0	0	0	0.006752849862936117	0.008290227791872606	0.0036271596847303744	0.0022847247274686566	0.01625578578571396
2021-04-09	0	0	0	0.005737459466985673	0.005990348256648126	0.0027496736249277287	0.002989272110645924	0.014301991650218948
2021-04-10	0	0	0	0.0019857647952001845	0.002281113458286743	0.0011235606895825256	0.0020489089633715096	0.009606778517270431
2021-04-11	0	0	0	0.0020727648183214153	0.001541381106030748	6.177632110773157e-4	0.0010177240903967988	0.0014063132969330816
2021-04-12	0	0	0.024540806700820816	0.0047606453860122855	0.005490807906602946	0.0020992381191815568	0.0013990515021642391	0.003517129759603277
2021-04-13	0	0	0	0.007506644905731719	0.008875685208580508	0.003793891932130311	0.003509177670876662	0.01568983086424658
2021-04-14	0	0	0.025158234186850148	0.010797789186427043	0.01035029337339588	0.005245739308905595	0.008170841703254439	0.03626163194965537
2021-04-15	0	0	0	0.009340941388595425	0.008975724924924489	0.0046405315035567	0.007378351949830719	0.040865237029055645
2021-04-16	0	0	0	0.007149925014369174	0.007499441810987939	0.0038215021710106267	0.008584483582939173	0.036456051732295824
2021-04-17	0	0	0	0.004123298015679122	0.0041556370751070215	0.0021941977427539783	0.005931876709874828	0.022502519723208048
2021-04-18	0	0	0	0.0017011660724473021	0.0017467514203324264	0.0010707588913083654	0.0050427137610040695	0.00869796832433578
2021-04-19	0	0	0.025158234186850148	0.007012442771914484	0.007357320354329122	0.0034738060176116026	0.009303157317427146	0.01693527446744647
2021-04-20	0	0	0	0.008650984109965565	0.008972675611944814	0.004875973529745448	0.014742143694756793	0.0479167298433012
2021-04-21	0	0	0	0.011937018006558775	0.01071745204449881	0.006271224901406081	0.02238329221300539	0.0783845713264133
2021-04-22	0	0	0	0.011750553588262713	0.011975286561785481	0.0071612471684849854	0.0290684482507495	0.10542675438030669
2021-04-23	0	0	0	0.0041355818790767	0.004190557107534021	0.003206362380017369	0.010728765712287647	0.046821711391729526
2021-04-24	0	0	0	0.0033831997671165404	0.0030201152537192577	0.0021438441748655723	0.010211012236088779	0.024808351557340735
2021-04-25	0	0	0	8.548835611765782e-4	5.600399751610752e-4	3.2953810635882874e-4	0.001676698220810513	0.0034013549938176624
2021-04-26	0	0	0	0.0015631454865965289	0.0011567200274231748	6.397135181899216e-4	7.156387162452482e-4	0.003237597936095904
2021-04-27	0	0	0	0.007273799696036809	0.007058953648905852	0.0037805849717966744	0.012180299339384248	0.02486428045790645
2021-04-28	0	0	0	0.011281082176302748	0.01066647272399801	0.006548162455506823	0.03196182045449625	0.0877435830786839
2021-04-29	0	0	0	0.009944209392388936	0.00973332569702734	0.00648865060079129	0.035309833472223495	0.08290787079118878
2021-04-30	0	0.10263340389897246	0	0	0	0	0	0
2021-05-01	0	0.11438191683587329	0	0	0	0	0	0
2021-05-02	0	0.12917130661302934	0	0	0	0	0	0
2021-05-03	0.11438191683587329	0	0	0	0	0	0	0
2021-05-04	0	0	0.022156586293799574	0	0	0	0	0
2021-05-05	0	0	0	0	0	0	0	0
2021-05-06	0	0	0	0	0	0	0	0
2021-05-07	0	0	0	0	0	0	0	0.06450384379200313
2021-05-08	0	0	0	0	0	0	0	0.11798725814560762
2021-05-09	0	0	0	0	0	0	0	0.12141133623234324
2021-05-10	0	0	0	0	0	0	0	0.06843924585343641
2021-05-11	0	0	0	0	0	0	0	0.06968367739898218
2021-05-12	0	0.14835980045489694	0.01945446754348268	0.005553480834911806	0.004360314282644939	0	0.011520855883139225	0.08197911234629274
2021-05-13	0	0	0	0.0065715478510490755	0.005059096133799956	0.003763272596021494	0.03781566012002502	0.07554419360930908
2021-05-14	0	0	0	0.006542057138042345	0.0053867414012152	0.006113808817642452	0.053021850476545174	0.098678898233576
2021-05-15	0	0.1742581416494462	0.019023114242230355	0.007994510270162847	0.0064875955306846755	0.007795492679947724	0.07397723490943764	0.12822893498954735
2021-05-16	0	0	0.01938924030574074	0.0060399189728883584	0.0048183083275075145	0.006513546766600875	0.07813381956674981	0.107861832210568
2021-05-17	0.12917130661302934	0	0.03971005918782522	0.004832677786970718	0.003428145731931398	0.00622008114992445	0.07749696522231742	0.05655347161004176
2021-05-18	0	0.2111456180001683	0.020356429038410617	0.004270301359120543	0.0030744864287060025	0.005335677350538859	0.06308385334082112	0.06622041892967179
2021-05-19	0.14835980045489694	0	0	0.0046783283927520625	0.0037031746938873678	0.00677709607292365	0.06305575681397113	0.06383894986885341
2021-05-20	0	0	0	0.005763460606680537	0.0043210795443775485	0.0076069804710536815	0.07410108283499794	0.056569042064220865
2021-05-21	0.1742581416494462	0	0	0.006311104343365903	0.004764383412980688	0.008701280969398706	0.08989114066151949	0.06943463260268556
2021-05-22	0	0	0.04038856323530804	0.006336255356434561	0.005331721007977741	0.010498960900206411	0.09721329113398225	0.07023363309454056
2021-05-23	0	0	0.020792795367506445	0.004893363340100043	0.004053010185042227	0.008864374994765	0.08845814606178792	0.046708412954939105
2021-05-24	0	0	0.02117190953007886	0.0025615840901378473	0.001979565523549498	0.005009729137585461	0.053499419083796074	0.02890924382737592
2021-05-25	0	0	0	0.003459220908798688	0.002242969828291752	0.005260856412645731	0.06474409886263177	0.04104350774827226
2021-05-26	0	0	0.02094971794493472	0.004326444962163167	0.0030556231804383938	0.008085207018469598	0.08474979741886668	0.04639017404538248
2021-05-27	0	0.2679491924311228	0.02114436081023019	0.005525232455802609	0.0037018246014837164	0.011021112415090961	0.08539257292158386	0.05280988690252442
2021-05-28	0	0	0.06483308295050216	0.0066513951585056574	0.004905563574925997	0.014772292749207772	0.1178186713469247	0.060440557935607986
2021-05-29	0	0	0.06872811417156721	0.007549984058054404	0.00679961734693757	0.01841698271433012	0.12292756238938884	0.05849837556699122
2021-05-30	0	0	0.07329965304682995	0.0066000040591602804	0.005406220246330307	0.015879019507379466	0.09450246156346642	0.03487068355071177
2021-05-31	0	0	0	0.004951150050643616	0.004340461790554473	0.012552857374001913	0.07115604542166021	0.0209991862099419
2021-06-01	0	0	0.025252329633835835	0.005404065286693349	0.004432120752865476	0.00998648841798011	0.06982834338950861	0.029506344586363253
2021-06-02	0	0	0	0.011314135287258775	0.007248704239258608	0.019183802336582456	0.1111346322209763	0.026511789458803836
2021-06-03	0	0	0.024975671303617997	0.014395841525477682	0.009357712146557784	0.026168145972294887	0.11801626072952476	0.0295167353788095
2021-06-04	0	0	0	0.01401298921918892	0.009062651718129366	0.02408073804397559	0.10925642353344567	0.03173971416779464
2021-06-05	0.2111456180001683	0	0.025179131589813997	0.01330601730272396	0.009125932183663421	0.02277146592759416	0.0904691545293006	0.02475530787644331
2021-06-06	0	0	0	0.011222377492181801	0.008214348386116122	0.021139284987086393	0.07121678482104965	0.01616722625134992
2021-06-07	0	0	0	0.004298167325136548	0.003023623035534939	0.007323210894812693	0.03356036362000592	0.006807109446111292
2021-06-08	0	0	0	0.006623671428232392	0.004508890331544446	0.012053238256405141	0.056594919253073916	0.01318466203653279
