2020-02-17	0	0	0	0	0	0	0	0
2020-02-18	0	0	0	0	0	0	0	0
2020-02-19	0	0	0	0	0	0	0	0
2020-02-20	0	0	0	0	0	0	0	0
2020-02-21	0	0	0	0	0	0	0	0
2020-02-22	0	0	0	0	0	0	0	0
2020-02-23	0	0	0	0	0	0	0	0
2020-02-24	0	0	0	0	0	0	0	0
2020-02-25	0	0	0	0	0	0	0	0
2020-02-26	0	0	0	0	0	0	0	0
2020-02-27	0	0	0	0	0	0	0	0
2020-02-28	0	0	0	0	0	0	0	0
2020-02-29	0	0	0	0	0	0	0	0
2020-03-01	0	0	0	0	0	0	0	0
2020-03-02	0	0	0	0	0	0	0	0
2020-03-03	0	0	0	0	0	0	0	0
2020-03-04	0	0	0	0	0	0	0	0
2020-03-05	0	0	0	0	0	0	0	0
2020-03-06	0	0	0	0	0	0	0	0
2020-03-07	0	0	0	0	0	0	0	0
2020-03-08	0	0	0	0	0	0	0	0
2020-03-09	0	0	0	0	0	0	0	0
2020-03-10	0	0	0	0	0	0	0	0
2020-03-11	0	0	0	0	0	0	0	0
2020-03-12	0	0	0	0	0	0	0	0
2020-03-13	0	0	0	0	0	0	0	0
2020-03-14	0	0	0	0	0	0	0	0
2020-03-15	0	0	0	0	0	0	0	0
2020-03-16	0	0	0	0	0	0	0	0
2020-03-17	0	0	0	0	0	0	0	0
2020-03-18	0	0	0	0	0	0	0	0
2020-03-19	0	0	0	0	0	0	0	0
2020-03-20	0	0	0	0	0	0	0	0
2020-03-21	0	0	0	0	0	0	0	0
2020-03-22	0	0	0	0	0	0	0	0
2020-03-23	0	0	0	0	0	0	0	0
2020-03-24	0	0	0	0	0	0	0	0
2020-03-25	0	0	0	0	0	0	0	0
2020-03-26	0	0	0	0	0	0	0	0
2020-03-27	0	0	0	0	0	0	0	0
2020-03-28	0	0	0	0	0	0	0	0
2020-03-29	0	0	0	0	0	0	0	0
2020-03-30	0	0	0	0	0	0	0	0
2020-03-31	0	0	0	0	0	0	0	0
2020-04-01	0	0	0	0	0	0	0	0
2020-04-02	0	0	0	0	0	0	0	0
2020-04-03	0	0	0	0	0	0	0	0
2020-04-04	0	0	0	0	0	0	0	0
2020-04-05	0	0	0	0	0	0	0	0
2020-04-06	0	0	0	0	0	0	0	0
2020-04-07	0	0	0	0	0	0	0	0
2020-04-08	0	0	0	0	0	0	0	0
2020-04-09	0	0	0	0	0	0	0	0
2020-04-10	0	0	0	0	0	0	0	0
2020-04-11	0	0	0	0	0	0	0	0
2020-04-12	0	0	0	0	0	0	0	0
2020-04-13	0	0	0	0	0	0	0	0
2020-04-14	0	0	0	0	0	0	0	0
2020-04-15	0	0	0	0	0	0	0	0
2020-04-16	0	0	0	0	0	0	0	0
2020-04-17	0	0	0	0	0	0	0	0
2020-04-18	0	0	0	0	0	0	0	0
2020-04-19	0	0	0	0	0	0	0	0
2020-04-20	0	0	0	0	0	0	0	0
2020-04-21	0	0	0	0	0	0	0	0
2020-04-22	0	0	0	0	0	0	0	0
2020-04-23	0	0	0	0	0	0	0	0
2020-04-24	0	0	0	0	0	0	0	0
2020-04-25	0	0	0	0	0	0	0	0
2020-04-26	0	0	0	0	0	0	0	0
2020-04-27	0	0	0	0	0	0	0	0
2020-04-28	0	0	0	0	0	0	0	0
2020-04-29	0	0	0	0	0	0	0	0
2020-04-30	0	0	0	0	0	0	0	0
2020-05-01	0	0	0	0	0	0	0	0
2020-05-02	0	0	0	0	0	0	0	0
2020-05-03	0	0	0	0	0	0	0	0
2020-05-04	0	0	0	0	0	0	0	0
2020-05-05	0	0	0	0	0	0	0	0
2020-05-06	0	0	0	0	0	0	0	0
2020-05-07	0	0	0	0	0	0	0	0
2020-05-08	0	0	0	0	0	0	0	0
2020-05-09	0	0	0	0	0	0	0	0
2020-05-10	0	0	0	0	0	0	0	0
2020-05-11	0	0	0	0	0	0	0	0
2020-05-12	0	0	0	0	0	0	0	0
2020-05-13	0	0	0	0	0	0	0	0
2020-05-14	0	0	0	0	0	0	0	0
2020-05-15	0	0	0	0	0	0	0	0
2020-05-16	0	0	0	0	0	0	0	0
2020-05-17	0	0	0	0	0	0	0	0
2020-05-18	0	0	0	0	0	0	0	0
2020-05-19	0	0	0	0	0	0	0	0
2020-05-20	0	0	0	0	0	0	0	0
2020-05-21	0	0	0	0	0	0	0	0
2020-05-22	0	0	0	0	0	0	0	0
2020-05-23	0	0	0	0	0	0	0	0
2020-05-24	0	0	0	0	0	0	0	0
2020-05-25	0	0	0	0	0	0	0	0
2020-05-26	0	0	0	0	0	0	0	0
2020-05-27	0	0	0	0	0	0	0	0
2020-05-28	0	0	0	0	0	0	0	0
2020-05-29	0	0	0	0	0	0	0	0
2020-05-30	0	0	0	0	0	0	0	0
2020-05-31	0	0	0	0	0	0	0	0
2020-06-01	0	0	0	0	0	0	0	0
2020-06-02	0	0	0	0	0	0	0	0
2020-06-03	0	0	0	0	0	0	0	0
2020-06-04	0	0	0	0	0	0	0	0
2020-06-05	0	0	0	0	0	0	0	0
2020-06-06	0	0	0	0	0	0	0	0
2020-06-07	0	0	0	0	0	0	0	0
2020-06-08	0	0	0	0	0	0	0	0
2020-06-09	0	0	0	0	0	0	0	0
2020-06-10	0	0	0	0	0	0	0	0
2020-06-11	0	0	0	0	0	0	0	0
2020-06-12	0	0	0	0	0	0	0	0
2020-06-13	0	0	0	0	0	0	0	0
2020-06-14	0	0	0	0	0	0	0	0
2020-06-15	0	0	0	0	0	0	0	0
2020-06-16	0	0	0	0	0	0	0	0
2020-06-17	0	0	0	0	0	0	0	0
2020-06-18	0	0	0	0	0	0	0	0
2020-06-19	0	0	0	0	0	0	0	0
2020-06-20	0	0	0	0	0	0	0	0
2020-06-21	0	0	0	0	0	0	0	0
2020-06-22	0	0	0	0	0	0	0	0
2020-06-23	0	0	0	0	0	0	0	0
2020-06-24	0	0	0	0	0	0	0	0
2020-06-25	0	0	0	0	0	0	0	0
2020-06-26	0	0	0	0	0	0	0	0
2020-06-27	0	0	0	0	0	0	0	0
2020-06-28	0	0	0	0	0	0	0	0
2020-06-29	0	0	0	0	0	0	0	0
2020-06-30	0	0	0	0	0	0	0	0
2020-07-01	0	0	0	0	0	0	0	0
2020-07-02	0	0	0	0	0	0	0	0
2020-07-03	0	0	0	0	0	0	0	0
2020-07-04	0	0	0	0	0	0	0	0
2020-07-05	0	0	0	0	0	0	0	0
2020-07-06	0	0	0	0	0	0	0	0
2020-07-07	0	0	0	0	0	0	0	0
2020-07-08	0	0	0	0	0	0	0	0
2020-07-09	0	0	0	0	0	0	0	0
2020-07-10	0	0	0	0	0	0	0	0
2020-07-11	0	0	0	0	0	0	0	0
2020-07-12	0	0	0	0	0	0	0	0
2020-07-13	0	0	0	0	0	0	0	0
2020-07-14	0	0	0	0	0	0	0	0
2020-07-15	0	0	0	0	0	0	0	0
2020-07-16	0	0	0	0	0	0	0	0
2020-07-17	0	0	0	0	0	0	0	0
2020-07-18	0	0	0	0	0	0	0	0
2020-07-19	0	0	0	0	0	0	0	0
2020-07-20	0	0	0	0	0	0	0	0
2020-07-21	0	0	0	0	0	0	0	0
2020-07-22	0	0	0	0	0	0	0	0
2020-07-23	0	0	0	0	0	0	0	0
2020-07-24	0	0	0	0	0	0	0	0
2020-07-25	0	0	0	0	0	0	0	0
2020-07-26	0	0	0	0	0	0	0	0
2020-07-27	0	0	0	0	0	0	0	0
2020-07-28	0	0	0	0	0	0	0	0
2020-07-29	0	0	0	0	0	0	0	0
2020-07-30	0	0	0	0	0	0	0	0
2020-07-31	0	0	0	0	0	0	0	0
2020-08-01	0	0	0	0	0	0	0	0
2020-08-02	0	0	0	0	0	0	0	0
2020-08-03	0	0	0	0	0	0	0	0
2020-08-04	0	0	0	0	0	0	0	0
2020-08-05	0	0	0	0	0	0	0	0
2020-08-06	0	0	0	0	0	0	0	0
2020-08-07	0	0	0	0	0	0	0	0
2020-08-08	0	0	0	0	0	0	0	0
2020-08-09	0	0	0	0	0	0	0	0
2020-08-10	0	0	0	0	0	0	0	0
2020-08-11	0	0	0	0	0	0	0	0
2020-08-12	0	0	0	0	0	0	0	0
2020-08-13	0	0	0	0	0	0	0	0
2020-08-14	0	0	0	0	0	0	0	0
2020-08-15	0	0	0	0	0	0	0	0
2020-08-16	0	0	0	0	0	0	0	0
2020-08-17	0	0	0	0	0	0	0	0
2020-08-18	0	0	0	0	0	0	0	0
2020-08-19	0	0	0	0	0	0	0	0
2020-08-20	0	0	0	0	0	0	0	0
2020-08-21	0	0	0	0	0	0	0	0
2020-08-22	0	0	0	0	0	0	0	0
2020-08-23	0	0	0	0	0	0	0	0
2020-08-24	0	0	0	0	0	0	0	0
2020-08-25	0	0	0	0	0	0	0	0
2020-08-26	0	0	0	0	0	0	0	0
2020-08-27	0	0	0	0	0	0	0	0
2020-08-28	0	0	0	0	0	0	0	0
2020-08-29	0	0	0	0	0	0	0	0
2020-08-30	0	0	0	0	0	0	0	0
2020-08-31	0	0	0	0	0	0	0	0
2020-09-01	0	0	0	0	0	0	0	0
2020-09-02	0	0	0	0	0	0	0	0
2020-09-03	0	0	0	0	0	0	0	0
2020-09-04	0	0	0	0	0	0	0	0
2020-09-05	0	0	0	0	0	0	0	0
2020-09-06	0	0	0	0	0	0	0	0
2020-09-07	0	0	0	0	0	0	0	0
2020-09-08	0	0	0	0	0	0	0	0
2020-09-09	0	0	0	0	0	0	0	0
2020-09-10	0	0	0	0	0	0	0	0
2020-09-11	0	0	0	0	0	0	0	0
2020-09-12	0	0	0	0	0	0	0	0
2020-09-13	0	0	0	0	0	0	0	0
2020-09-14	0	0	0	0	0	0	0	0
2020-09-15	0	0	0	0	0	0	0	0
2020-09-16	0	0	0	0	0	0	0	0
2020-09-17	0	0	0	0	0	0	0	0
2020-09-18	0	0	0	0	0	0	0	0
2020-09-19	0	0	0	0	0	0	0	0
2020-09-20	0	0	0	0	0	0	0	0
2020-09-21	0	0	0	0	0	0	0	0
2020-09-22	0	0	0	0	0	0	0	0
2020-09-23	0	0	0	0	0	0	0	0
2020-09-24	0	0	0	0	0	0	0	0
2020-09-25	0	0	0	0	0	0	0	0
2020-09-26	0	0	0	0	0	0	0	0
2020-09-27	0	0	0	0	0	0	0	0
2020-09-28	0	0	0	0	0	0	0	0
2020-09-29	0	0	0	0	0	0	0	0
2020-09-30	0	0	0	0	0	0	0	0
2020-10-01	0	0	0	0	0	0	0	0
2020-10-02	0	0	0	0	0	0	0	0
2020-10-03	0	0	0	0	0	0	0	0
2020-10-04	0	0	0	0	0	0	0	0
2020-10-05	0	0	0	0	0	0	0	0
2020-10-06	0	0	0	0	0	0	0	0
2020-10-07	0	0	0	0	0	0	0	0
2020-10-08	0	0	0	0	0	0	0	0
2020-10-09	0	0	0	0	0	0	0	0
2020-10-10	0	0	0	0	0	0	0	0
2020-10-11	0	0	0	0	0	0	0	0
2020-10-12	0	0	0	0	0	0	0	0
2020-10-13	0	0	0	0	0	0	0	0
2020-10-14	0	0	0	0	0	0	0	0
2020-10-15	0	0	0	0	0	0	0	0
2020-10-16	0	0	0	0	0	0	0	0
2020-10-17	0	0	0	0	0	0	0	0
2020-10-18	0	0	0	0	0	0	0	0
2020-10-19	0	0	0	0	0	0	0	0
2020-10-20	0	0	0	0	0	0	0	0
2020-10-21	0	0	0	0	0	0	0	0
2020-10-22	0	0	0	0	0	0	0	0
2020-10-23	0	0	0	0	0	0	0	0
2020-10-24	0	0	0	0	0	0	0	0
2020-10-25	0	0	0	0	0	0	0	0
2020-10-26	0	0	0	0	0	0	0	0
2020-10-27	0	0	0	0	0	0	0	0
2020-10-28	0	0	0	0	0	0	0	0
2020-10-29	0	0	0	0	0	0	0	0
2020-10-30	0	0	0	0	0	0	0	0
2020-10-31	0	0	0	0	0	0	0	0
2020-11-01	0	0	0	0	0	0	0	0
2020-11-02	0	0	0	0	0	0	0	0
2020-11-03	0	0	0	0	0	0	0	0
2020-11-04	0	0	0	0	0	0	0	0
2020-11-05	0	0	0	0	0	0	0	0
2020-11-06	0	0	0	0	0	0	0	0
2020-11-07	0	0	0	0	0	0	0	0
2020-11-08	0	0	0	0	0	0	0	0
2020-11-09	0	0	0	0	0	0	0	0
2020-11-10	0	0	0	0	0	0	0	0
2020-11-11	0	0	0	0	0	0	0	0
2020-11-12	0	0	0	0	0	0	0	0
2020-11-13	0	0	0	0	0	0	0	0
2020-11-14	0	0	0	0	0	0	0	0
2020-11-15	0	0	0	0	0	0	0	0
2020-11-16	0	0	0	0	0	0	0	0
2020-11-17	0	0	0	0	0	0	0	0
2020-11-18	0	0	0	0	0	0	0	0
2020-11-19	0	0	0	0	0	0	0	0
2020-11-20	0	0	0	0	0	0	0	0
2020-11-21	0	0	0	0	0	0	0	0
2020-11-22	0	0	0	0	0	0	0	0
2020-11-23	0	0	0	0	0	0	0	0
2020-11-24	0	0	0	0	0	0	0	0
2020-11-25	0	0	0	0	0	0	0	0
2020-11-26	0	0	0	0	0	0	0	0
2020-11-27	0	0	0	0	0	0	0	0
2020-11-28	0	0	0	0	0	0	0	0
2020-11-29	0	0	0	0	0	0	0	0
2020-11-30	0	0	0	0	0	0	0	0
2020-12-01	0	0	0	0	0	0	0	0
2020-12-02	0	0	0	0	0	0	0	0
2020-12-03	0	0	0	0	0	0	0	0
2020-12-04	0	0	0	0	0	0	0	0
2020-12-05	0	0	0	0	0	0	0	0
2020-12-06	0	0	0	0	0	0	0	0
2020-12-07	0	0	0	0	0	0	0	0
2020-12-08	0	0	0	0	0	0	0	0
2020-12-09	0	0	0	0	0	0	0	0
2020-12-10	0	0	0	0	0	0	0	0
2020-12-11	0	0	0	0	0	0	0	0
2020-12-12	0	0	0	0	0	0	0	0
2020-12-13	0	0	0	0	0	0	0	0
2020-12-14	0	0	0	0	0	0	0	0
2020-12-15	0	0	0	0	0	0	0	0
2020-12-16	0	0	0	0	0	0	0	0
2020-12-17	0	0	0	0	0	0	0	0
2020-12-18	0	0	0	0	0	0	0	0
2020-12-19	0	0	0	0	0	0	0	0
2020-12-20	0	0	0	0	0	0	0	0
2020-12-21	0	0	0	0	0	0	0	0
2020-12-22	0	0	0	0	0	0	0	0
2020-12-23	0	0	0	0	0	0	0	0
2020-12-24	0	0	0	0	0	0	0	0
2020-12-25	0	0	0	0	0	0	0	0
2020-12-26	0	0	0	0	0	0	0	0
2020-12-27	0	0	0	0	0	0	0	0
2020-12-28	0	0	0	0	0	0	0	0
2020-12-29	0	0	0	1.0387001113443262e-5	1.67597639326722e-5	3.0177082509075248e-5	9.1129527712841e-6	3.2971763572264834e-4
2020-12-30	0	0	0	1.483874366314808e-5	6.446247963043383e-5	8.745584484826097e-5	2.4301521124314718e-5	0.0018610030574770509
2020-12-31	0	0	0	1.780676983753615e-5	5.9953903198017855e-5	1.1271774976284732e-4	1.8226556092626467e-5	0.002536529213281735
2021-01-01	0	0	0	2.9678566289437214e-5	8.316733448587854e-5	1.1334648736638364e-4	3.797287142459638e-5	0.0023183655779857038
2021-01-02	0	0	0	1.483966851156815e-5	4.835670225400435e-5	6.283970793408145e-5	2.8860412439657424e-5	0.0018559727288969263
2021-01-03	0	0	0	3.264790055657052e-5	6.963738910914508e-5	9.488235978993842e-5	3.189929544533676e-5	0.0021236868322214164
2021-01-04	0	0	0	2.2260601148182957e-5	8.834288262948853e-5	1.2323641006783959e-4	3.493846463187289e-5	0.0024319165271819987
2021-01-05	0	0	0	7.717286130159984e-5	1.6703122819805571e-4	2.8842065192513644e-4	9.72249862711827e-5	0.015484323759335838
2021-01-06	0	0	0	6.975764785277505e-5	2.2059840933086328e-4	4.025606721436148e-4	1.3977599394765505e-4	0.022528721789257355
2021-01-07	0	0	0	1.5288698519921873e-4	3.17429801302227e-4	6.37116426061457e-4	2.598451501030219e-4	0.01959640799853113
2021-01-08	0	3.313411446992376e-6	0	1.3954879734079384e-4	3.67229987004114e-4	6.45546931136165e-4	3.3591693208845363e-4	0.010904935245250158
2021-01-09	0	0	0	1.4996204570794092e-4	3.1635589202516634e-4	4.897030438235639e-4	2.1742460618967563e-4	0.012608448759273694
2021-01-10	0	0	0	1.2028373607697596e-4	2.990173293377918e-4	5.758343693518242e-4	2.88953828967653e-4	0.00873889596640609
2021-01-11	0	0	0	8.910908738890555e-5	3.294721587696614e-4	5.081550622585418e-4	1.8558760193077006e-4	0.005402074198769924
2021-01-12	0	0	0	8.91170285259868e-5	3.205327067341557e-4	3.8160721615909665e-4	1.125883686456941e-4	0.006010884795256688
2021-01-13	0	0	0	1.0546497994390336e-4	3.271004346259154e-4	4.454885982341228e-4	1.3999144851983836e-4	0.006763922871295014
2021-01-14	0	0	0	4.456668922792062e-5	2.3408368442523475e-4	3.769705682301616e-4	1.2327008144108476e-4	0.0021983694353255867
2021-01-15	0	0	0	0	6.467546015853642e-6	8.049282661959367e-6	7.609982318301789e-6	7.899564931523884e-6
2021-01-16	0	0	0	4.456822857212828e-6	2.5870476871636683e-5	2.352895284163381e-5	1.5220057296705392e-6	0
2021-01-17	0	0	0	7.428076718829502e-6	3.945363188040396e-5	4.396324982458566e-5	3.0440172504864194e-6	0
2021-01-18	0	0	0	1.634192658706013e-5	1.1772106263152615e-4	1.232287989967329e-4	2.587437307077778e-5	2.646545035933645e-4
2021-01-19	0	0	0	1.0696950930944027e-4	3.1893536602400907e-4	4.310774695035491e-4	1.8874328975915233e-4	0.005503205627237495
2021-01-20	0	0	0	2.7043512689561844e-4	8.316739317721922e-4	0.0011297851567577677	5.587763971983684e-4	0.009485426201115477
2021-01-21	0	0	0	2.5118504819743315e-4	8.69296296516886e-4	0.0012067796047359192	6.474604676065532e-4	0.007958901034822885
2021-01-22	0	0	0	1.1893010488250866e-4	4.213642069350598e-4	4.633303014041079e-4	2.0425007884106172e-4	0.002528315605911713
2021-01-23	0	0	0	1.5016828905523028e-4	4.1375871370807893e-4	4.188014557322539e-4	1.2501191055558358e-4	8.269806844136696e-4
2021-01-24	0	0	0	1.0706558518269738e-4	3.756475939704629e-4	3.990828593547491e-4	4.421616368155412e-5	3.955325148654598e-4
2021-01-25	0	0	0	2.45393390694959e-4	7.250305674402213e-4	8.956076493635834e-4	1.616295925075395e-4	0.0010370744645971097
2021-01-26	0	0	0	3.719111878492942e-4	0.0013363455109993705	0.0016362518382488922	4.1636624819063606e-4	0.0027926530703406005
2021-01-27	0	0	1.3130963303353838e-6	5.045159090215634e-4	0.0016830581285707247	0.00198647530972873	8.835334749000001e-4	0.005325078830481722
2021-01-28	0	0	0	7.222036529554998e-4	0.0020973213441257688	0.0028021684144994286	9.53060309214715e-4	0.017820255799243068
2021-01-29	0	0	0	8.166246028196156e-4	0.0022677151252776806	0.0029612187068879248	0.001331708216148142	0.018160415568443167
2021-01-30	0	0	0	7.770161606135417e-4	0.00212549963370523	0.0025837375577082433	0.0010792726488817461	0.011533634075602928
2021-01-31	0	0	0	6.253561156621679e-4	0.001776286665753135	0.0017436017568877027	4.8574206051199553e-4	0.004340948719652404
2021-02-01	0	0	0	7.930448341031404e-4	0.0021443379117060957	0.002188127133397444	5.994411227829843e-4	0.0046993033268301065
2021-02-02	0	0	0	8.385240104589187e-4	0.002370360079952505	0.0024980758500932065	9.128115876326781e-4	0.014995009672935211
2021-02-03	0	0	0	9.723996179558103e-4	0.002615134062977642	0.003139794556874742	0.0012100942616353194	0.023245024421202132
2021-02-04	0	0	0	0.0014182481778151068	0.0032010004187879026	0.004041585503177458	0.0018699238588502087	0.03492278825819395
2021-02-05	0	0	0	0.0015612939520277536	0.0034785101293608456	0.004724772674887356	0.002534783980637778	0.05749049868777556
2021-02-06	0	0	0	0.0015682436132957722	0.0032364961231445832	0.004731125745599307	0.0037442205503441794	0.0813123355402503
2021-02-07	0	0	0	0.0012065059140398127	0.002930497570372559	0.003683291310711878	0.0026578373327432736	0.03713933363823374
2021-02-08	0	0	0	0.0014475340536075354	0.0027545765641718845	0.0033806323011214	0.002825177507671084	0.022539866566311906
2021-02-09	0	0	1.313098054511741e-6	0.001592993496107642	0.0032150691161814127	0.004235008124137574	0.0054141401883003315	0.09438484353022991
2021-02-10	0	0	0	0.0018268121300686335	0.00354550095835493	0.004743054337846386	0.009478637028611514	0.10147173850265179
2021-02-11	0	0	1.3130997789101428e-6	0.0018271265443132734	0.0035140665871904453	0.00487990592261367	0.013589281951684962	0.10702341050549857
2021-02-12	0	0	0	0.0020838663036428784	0.003749534861130943	0.0053532372735316525	0.021869926953657526	0.14750798299889833
2021-02-13	0	3.313422425765822e-6	0	0.001972655349751884	0.003969153138656978	0.006046367557923205	0.02914301449314327	0.16919205390182213
2021-02-14	0	0	0	0.0012773799639236305	0.00269047273856704	0.004108077861642467	0.012077051408462047	0.07731978696093544
2021-02-15	0	3.3134334045392677e-6	0	0.0011661715240631754	0.002488921458465354	0.0032342506267604154	0.008645827712882692	0.06081695255511543
2021-02-16	0	0	0	0.0012255459541958835	0.0025577908738989574	0.0035013811515975934	0.009242256686855743	0.07496935117185544
2021-02-17	0	0	1.3131015030865e-6	0.0012622067409979731	0.002522239614436872	0.0032986166014035145	0.009639534566878716	0.05913650879525245
2021-02-18	0	0	0	0.0013740016968362134	0.0026954138876258416	0.00402054478414815	0.02147517723502035	0.10932167901168599
2021-02-19	0	0	1.3131032272628573e-6	0.0013038565121390455	0.0027714062033299403	0.004662567163594478	0.03657912240945116	0.18695761323735804
2021-02-20	0	0	0	0.0012058091637623392	0.002639225906145848	0.004659829202832588	0.04280060549604947	0.1913671466218818
2021-02-21	0	0	0	0.0011673182627600642	0.002051814954481035	0.0032457697219852033	0.027853235577952162	0.13199553442427026
2021-02-22	0	0	0	0.0011656061103346715	0.0021042636015562444	0.003438586978938618	0.03080487704288526	0.11829500656954361
2021-02-23	0	0	0	0.0012054662750593526	0.0023552812942961854	0.003888735201856619	0.037903226665506384	0.10051678484534676
2021-02-24	0	0	0	0.0011961281050167916	0.0026255927191598527	0.005076789221126976	0.04930089268595661	0.10504041655173224
2021-02-25	0	0	1.3131049514392146e-6	0.0012670287174902928	0.0027163006684642887	0.005761405620112736	0.055286165554034206	0.11649094434433627
2021-02-26	0	0	0	0.001134162723020804	0.0025669504205438898	0.005282273435500251	0.059045196848219295	0.11183254200324888
2021-02-27	0	0	0	0.001478997207151611	0.003299958663500968	0.008427786798346215	0.10258620356571346	0.13197500263484674
2021-02-28	0	0	0	7.172165105220341e-4	0.0016100345566691932	0.004470024651184845	0.05246933933057929	0.052761161427334224
2021-03-01	0	0	0	0.001016991260101463	0.0019731455214522242	0.004223929764994416	0.045325286698844724	0.05773758700304921
2021-03-02	0	0	0	0.0011158216686892874	0.0022528204343987834	0.0046216618120897834	0.06736719005840675	0.07620248393645679
2021-03-03	0	0	0	0.0010875409020361104	0.002096492378789616	0.004364488062897465	0.07205225391118808	0.0813780699651585
2021-03-04	0	0	0	0.0012256351744899252	0.002267661208229299	0.005691396085143685	0.10598529331514683	0.10160591416999054
2021-03-05	0	0	0	0.0014545852891545419	0.00311233115580567	0.008529093293231371	0.13569877827102172	0.11114647713263559
2021-03-06	0	0	2.626214213652389e-6	0.0016657831133564116	0.0031638042842132563	0.008664207463495721	0.14332346407439212	0.12145423443675663
2021-03-07	0	0	0	9.262864729102649e-4	0.0017616629704746423	0.00366577091714837	0.07225404025882454	0.05841967682785687
2021-03-08	0	0	0	8.473907547323911e-4	0.0016469273673735962	0.003575336173946342	0.06097642204413245	0.06059013571722405
2021-03-09	0	0	0	0.001421021593322136	0.0031296192705467796	0.010494595907541981	0.0859527936285176	0.06277113912740928
2021-03-10	0	0	0	0.002007913816397533	0.0043327391565195494	0.016855247446932342	0.10324343693095872	0.06545019792005835
2021-03-11	0	0	1.313110124190331e-6	0.002110954459802361	0.00430995193026007	0.01587185388783041	0.098403830632535	0.05605634609748922
2021-03-12	0	0	0	0.0015422726576277412	0.0035554254905991733	0.011862514702853488	0.09411437135347134	0.05888422942303384
2021-03-13	0	0	0	0.0018836930387129414	0.003995064588054209	0.013314625875046726	0.08789104254760782	0.046625759016500457
2021-03-14	0	0	1.3131118485887328e-6	6.457278914739906e-4	0.001749800013925329	0.0044794460845563044	0.04348909456307415	0.015075787091565651
2021-03-15	0	0	0	9.321586534714044e-4	0.0022003866210116296	0.006816628923855594	0.06180211815019043	0.031051390688372038
2021-03-16	0	0	1.31311357276509e-6	0.0018190176483112719	0.0038288599307727544	0.013830843789691905	0.06758919031019572	0.05751334638279104
2021-03-17	0	0	6.56558510692129e-6	0.0026342015278448816	0.005600763966963518	0.020406406012182243	0.09058409455296235	0.05792266525241008
2021-03-18	0	0	0	0.002983080198987187	0.006968036016746559	0.02434855872576991	0.10581413597577538	0.06845828632025097
2021-03-19	0	0	5.25250084693063e-6	0.0028308938513836868	0.007040351398023947	0.026255264588797678	0.11135873530273255	0.06862606453530717
2021-03-20	0	0	0	0.0028149362147673607	0.005885388406184244	0.019623788112372642	0.0761585017928248	0.04077198277482674
2021-03-21	0	0	1.3131308156388855e-6	9.693653109676958e-4	0.0026329507892475235	0.009131765535019376	0.050579432746446384	0.013370745547188534
2021-03-22	0	0	0	5.195763295577915e-4	0.0017052072155392395	0.007840290087043122	0.022157822266022142	0.02495363398675199
2021-03-23	0	0	0	9.387099193560733e-4	0.0024848814733557933	0.010253609597196345	0.02874149769185208	0.034697621026427816
2021-03-24	0	0	0	0.0015951585547719915	0.0048120525397796765	0.016929213542217214	0.034675476468772004	0.030923285294837788
2021-03-25	0	0	0	0.002489631861591679	0.006480406323938315	0.026566935804035463	0.04608923199946835	0.05559377052963721
2021-03-26	0	0	0	0.0027864503691301667	0.006492288597365725	0.03092403924394982	0.05912557175274169	0.06987187345402623
2021-03-27	0	0	0	0.002810427470473442	0.007291667488382725	0.026154904195443196	0.05104751049781253	0.04106641841190184
2021-03-28	0	0	0	6.778578266326551e-4	0.0020341725682893053	0.01008886280332022	0.014226185960297899	0.009356944832571656
2021-03-29	0	0	0	6.036589659155212e-4	0.0015028812604629405	0.012516348147052714	0.02165067656421904	0.023184540192496383
2021-03-30	0	0	0	9.223459904867948e-4	0.0023586139987012977	0.011979643602635592	0.020705704676292624	0.032464102729375055
2021-03-31	0	0	0	0.0013264174699536557	0.004195327797954729	0.01943695321157035	0.023978062264313316	0.03526958760845145
2021-04-01	0	0	1.3131325400372873e-6	7.030437780590759e-4	0.0017610390121247654	0.010214084635270959	0.011210565003556106	0.023332800156113276
2021-04-02	1.4214085448216451e-5	0	0	0.0023151182404952397	0.005943563775224314	0.028236947743537577	0.03423530441510492	0.05124199170698929
2021-04-03	0	0	0	0.0030951313539324676	0.007512886453131751	0.04347357652853612	0.044296056730770195	0.03386561320655335
2021-04-04	0	0	0	0.0017901668089854716	0.00405683046649119	0.02630344519777017	0.0255026423658693	0.013696963749726843
2021-04-05	0	0	0	0.0017096614566378676	0.005197466084244873	0.04301726560276631	0.03112112656343413	0.02878368880865101
2021-04-06	0	0	0	0.0015794084448819135	0.0044066829396225415	0.048715321719873694	0.023967152837991	0.034525570827776075
2021-04-07	0	0	0	0.0017350611483808454	0.004869346617666137	0.05205645163277128	0.020253993512393542	0.027002203114912193
2021-04-08	0	0	0	0.0028981852916538653	0.007634139504711257	0.06944549516368914	0.026405025845021468	0.03515142536127169
2021-04-09	0	0	0	0.0025358102270147675	0.007032149510165953	0.08007520498483767	0.021711958964776734	0.045176765736085756
2021-04-10	0	0	0	0.004056212101939849	0.00972561610130751	0.10818966352083192	0.0284122449898232	0.03641172673160309
2021-04-11	0	0	0	0.0020694761635899894	0.00449042343460615	0.05351284729154138	0.012475313107729313	0.011996109551458023
2021-04-12	0	0	0	0.002080444680346183	0.005267129352534816	0.05469007864150255	0.017484419768798887	0.025720190387327424
2021-04-13	0	0	1.3131342644356891e-6	0.001959332625627752	0.005198558347333515	0.05319482790720875	0.016378488572918792	0.03434130005138236
2021-04-14	0	0	1.3131359886120464e-6	0.002398958188086331	0.005043820041140679	0.055281662357160144	0.015597643188663524	0.033381704336529205
2021-04-15	0	0	0	0.0024551363483786837	0.005611022558829282	0.056662003096491276	0.01887891224912508	0.04534155025170339
2021-04-16	0	0	2.6262762882200974e-6	0.002951419799824384	0.007324539979369327	0.061025694724076596	0.016622141079495334	0.05464014606030587
2021-04-17	0	0	0	0.005098993314482492	0.01356735070861026	0.09402687304230595	0.023051804990857017	0.056115669453971284
2021-04-18	0	0	0	0.002630546178868931	0.007014474593855624	0.053383496517954265	0.01015903474877411	0.02117382536294099
2021-04-19	0	0	0	0.0021863127236143587	0.005646006977126916	0.04380522025022748	0.011025651913536771	0.032087642934056415
2021-04-20	0	0	0	0.002387311272850079	0.00601362846533271	0.04166437059326422	0.012305442715779602	0.04494956018464258
2021-04-21	0	0	0	0.002340004741169688	0.005560786116112659	0.040287580194894757	0.013200950320468197	0.04478299756757731
2021-04-22	0	0	0	0.0015193737303846877	0.0033387447380932578	0.016326475046530398	0.006697282776950919	0.031244047628046
2021-04-23	0	0	0	0.0011613172580078324	0.0027833366848384333	0.011900254096298468	0.0040030558447812226	0.024574784619334933
2021-04-24	0	0	0	0.0012519993069208812	0.0025850334513293216	0.012240713425874405	0.0041386490290109545	0.0177088664318632
2021-04-25	0	0	0	3.8166200395117755e-4	0.0010583951262379543	0.00467911877260474	0.0016373314246778126	0.005751269994512587
2021-04-26	0	0	0	2.596901185527578e-4	5.648837142353536e-4	0.0018679202828604247	0.0013199077502328294	0.003975069427812894
2021-04-27	0	0	0	4.920197398450288e-4	0.0013803643692831269	0.005145350403285676	0.0038071227652189954	0.0196690264579904
2021-04-28	0	0	0	5.352975924439729e-4	0.0010066101212087286	0.0040355912942116046	0.003580087143215893	0.029796824048684334
2021-04-29	0	0	0	4.873586054339185e-4	0.001542357514360937	0.00543750541534993	0.005007680905796619	0.031485936284015636
2021-04-30	0	0	5.2525698197580795e-6	8.460466867332705e-4	0.0018801118537250527	0.00791025828623848	0.006781125816709865	0.04735576601311786
2021-05-01	0	0	2.6262969803347858e-6	7.294710413727756e-4	0.0026617419689363153	0.011934140555624806	0.005803866486321807	0.0324413277584652
2021-05-02	0	0	0	6.402487987897665e-4	0.0014973262650932462	0.007032222423307255	0.0026700910493444585	0.016693710916759308
2021-05-03	0	0	0	1.5539706996370306e-4	8.508203387420643e-4	0.003512265936374881	0.0032955738145752367	0.025300909602693045
2021-05-04	0	0	0	1.3124379412321474e-4	5.806014524587511e-4	0.004967839675857899	0.0032651058650470244	0.024606685718162602
2021-05-05	0	0	0	2.884401577238904e-4	9.380963359981731e-4	0.026802011813289894	0.004189007429735936	0.031237565332782102
2021-05-06	0	0	0	3.1098502967852326e-4	8.185708503860578e-4	0.026895789365567024	0.0037063675124182627	0.03320126299815307
2021-05-07	0	0	0	5.167679620998733e-4	0.0013643527401174804	0.038298970479942795	0.004557100251378676	0.041778779046005576
2021-05-08	0	0	0	5.775663997547031e-4	0.0020162399660361707	0.03404876943006707	0.004283649375488308	0.02913149123458081
2021-05-09	0	0	0	3.8755532543044424e-4	0.0011819889552533436	0.023167194550092862	0.0017703221661362623	0.011002048099451489
2021-05-10	0	0	1.3131515077535738e-6	1.3499609305522853e-4	6.721453215288165e-4	0.04078796046900446	0.0025339988214618803	0.02231145501052989
2021-05-11	0	0	0	1.869453310159308e-4	9.679782841769402e-4	0.03667971212598231	0.0044054783027343	0.03433029875509841
2021-05-12	0	0	0	1.7659203379283284e-4	0.0013933728818795732	0.037755641723868694	0.0033603817987366558	0.04068221707231867
2021-05-13	0	0	0	4.069494892267045e-4	0.0018840017024803757	0.048529065776679925	0.004140747000802136	0.03468301221638481
2021-05-14	0	0	0	5.6651899906357e-4	0.0031744023483208927	0.05722872741564	0.00394342432508199	0.031019060924415864
2021-05-15	0	0	0	6.049819272222479e-4	0.004388829569168973	0.07059305179727127	0.008616644267180895	0.03581253985768362
2021-05-16	0	0	0	3.1045653340311397e-4	0.0029568953411889254	0.03268751970073325	0.0025600704749453307	0.012953504159984641
2021-05-17	0	0	0	1.2490935409759096e-4	0.0027072354304165103	0.036478538327507914	0.0032632482332548562	0.028323511506525234
2021-05-18	0	0	0	2.2729983915148466e-4	0.0044826595493430155	0.02792163331374864	0.0029681378205863584	0.029832180187835178
2021-05-19	0	0	0	2.0652434764523164e-4	0.006389353954365573	0.03225981877766326	0.004861764650623268	0.043468210442103805
2021-05-20	0	0	1.3131532321519757e-6	4.0273862671713623e-4	0.008558967124403294	0.042438822715413105	0.005546639782205487	0.058836446347452886
2021-05-21	0	0	1.3131549565503775e-6	2.014402986425523e-4	0.009517331198644507	0.036703532650606	0.003185278963607985	0.04197902109140972
2021-05-22	0	0	1.3131566809487794e-6	1.8063709350069068e-4	0.009253889150026895	0.021515708717325	0.0038173903456442115	0.01854504872895668
2021-05-23	0	0	0	7.122361742673e-5	0.005862454322061339	0.013777481659038138	0.0014695569934564112	0.00655202416030054
2021-05-24	0	0	0	2.7796260361867553e-5	0.003990294004742045	0.012422755355914639	0.0010256296590904768	0.00494438333658298
2021-05-25	0	0	0	7.644277045293357e-5	0.00891357010306204	0.01593138578322928	0.0016072148673780262	0.01828040016407395
2021-05-26	0	0	0	1.668007446384845e-4	0.009083455947219932	0.013833640457538099	0.003579100935360513	0.040855369495389704
2021-05-27	0	0	0	3.4583720450176436e-4	0.010376736931553276	0.01600660442173707	0.004670804903103454	0.05158717031715909
2021-05-28	0	0	0	2.3816487960859334e-4	0.010662485328515547	0.0201931583121282	0.002931660105372602	0.024198192009422526
2021-05-29	0	0	0	3.1821479961080534e-4	0.00941975962179531	0.024342976776198677	0.004978396986053069	0.039247653824385775
2021-05-30	0	0	0	9.392406939912057e-5	0.006252471146531047	0.010906481661333567	0.0021817196621742863	0.01186954102767901
2021-05-31	0	0	0	1.252448363824321e-4	0.004998997920570902	0.010065472524365626	0.0017763408612825327	0.01804548170881315
2021-06-01	0	0	0	5.672144924278033e-4	0.008287252465898787	0.015405516757426518	0.0027840228915232412	0.035891149341316986
2021-06-02	0	0	0	0.0020672344167462775	0.018371293856155768	0.022904553827923335	0.004807974443838292	0.040451225032855254
2021-06-03	0	0	1.3131584053471812e-6	0.0025098295507006707	0.02397614283570282	0.029483758328704868	0.0058910289968368	0.06698338387902614
2021-06-04	0	0	1.313160129745583e-6	0.0013784129598937156	0.02190773833383597	0.026852397022930852	0.005091540116787918	0.04396141231269701
2021-06-05	0	0	0	0.0015800848740272766	0.02275686856936887	0.027361221481444042	0.006468969465130758	0.04598315816321108
2021-06-06	0	0	0	0.0011403179606919167	0.012283878335597631	0.012949338161714286	0.0021055838888131007	0.014207477259534196
2021-06-07	0	0	0	5.127700907519017e-4	0.007960764304643098	0.009972692389300208	0.0015002346227424024	0.019679061799132924
2021-06-08	0	0	0	0.0014603820643814824	0.016417726507807373	0.01399835459590748	0.004040503081546687	0.053991075982214864
2021-06-09	0	3.3134443835347582e-6	1.313161854143985e-6	0.0029525352737087562	0.029888023763719573	0.019123037790719888	0.004481930502070686	0.06142134512804054
2021-06-10	0	0	0	0.0021838934269768906	0.03201188580681169	0.02069305976353597	0.0050240617784784725	0.057719101205914836
2021-06-11	0	0	0	0.0018169429666627934	0.025983843529656214	0.018418978469022074	0.004381792270988116	0.06946014623263297
2021-06-12	0	0	0	0.001041965770912201	0.019299952778934815	0.018858723716741466	0.0036828480029591493	0.05002948521833095
2021-06-13	0	0	0	3.2279147437730416e-4	0.009226521127818188	0.009375266560373241	0.001631360778142188	0.023434788365864767
2021-06-14	0	0	0	8.765525292315779e-4	0.009090471373128128	0.00922845220785784	0.0022110607831500317	0.03517164650048987
2021-06-15	0	0	1.3131635785423867e-6	0.0018065655544532433	0.021031720726484737	0.013002600756201854	0.004289626704817362	0.06375377865887244
2021-06-16	0	0	0	0.001975418100438775	0.03261297880516412	0.015874091705092352	0.00479274516429129	0.09559068268657578
2021-06-17	0	0	0	0.0012622639638404376	0.03290788139526146	0.03150365595711979	0.006959928633815782	0.11280068546101352
2021-06-18	0	0	0	0.0010085238753305692	0.0231737145899249	0.018082360100720063	0.004702431194382184	0.08470845338295452
2021-06-19	0	0	0	0.0011757632979061405	0.01846287105302724	0.013780864148534855	0.002803912096304373	0.08395384275004258
2021-06-20	0	0	0	7.459232736619636e-4	0.012031219591545739	0.0075192680760149955	0.0014793995662987225	0.021005833649891503
2021-06-21	0	0	0	9.416491375358049e-4	0.00795205418177325	0.005751021755207253	0.0023710737441204888	0.012232530652762197
2021-06-22	0	0	0	5.751453995983535e-4	0.011590164657297786	0.007524048429075059	0.0021290033142133957	0.0819248331519924
2021-06-23	0	0	0	0.0014990946571711294	0.025089376470470937	0.00974722943834161	0.00297766914512132	0.07873084452353885
2021-06-24	0	0	0	0.002085306836298484	0.03058948031182962	0.010846073561144864	0.00263789978798723	0.1394038101140318
2021-06-25	0	0	0	0.0033830750856378433	0.02518284095328993	0.009506102980776365	0.002445141197919831	0.07275177668113697
2021-06-26	0	0	0	0.004496003922834335	0.02243950030419306	0.008836329238806728	0.0022008810188074435	0.07846215433895432
2021-06-27	0	0	0	0.0013494666246611775	0.011426254263995128	0.0049800155688699554	0.0011025635438381975	0.03960788236078616
2021-06-28	0	0	0	0.0017092444439714694	0.012655796392048169	0.005042808796542175	0.0012543432865883553	0.05693278446636518
2021-06-29	0	0	0	0.0014427843791917638	0.018709677363154098	0.005994734834686488	0.002160668930511811	0.07155012538077132
2021-06-30	0	0	0	0.0022451891340995456	0.02751945180320159	0.008445800498676492	0.002669253169335528	0.17638233301252604
2021-07-01	0	0	1.3131653029407886e-6	0.003928612746019855	0.030775811752890236	0.009033574466053462	0.0031312359800379497	0.16026757798440028
2021-07-02	0	0	0	0.0057591785836828	0.03773333809900836	0.010274629982099936	0.002836880860568325	0.23720732457588034
2021-07-03	0	0	0	0.006504382471895331	0.03350499456163014	0.008500517279237618	0.0021841553710049144	0.15493758394222978
2021-07-04	0	0	0	0.0019973089580225256	0.014741784331929741	0.003263604094179362	7.12413833253045e-4	0.06350832689629149
2021-07-05	0	0	0	0.0016775390371142063	0.01742039085276259	0.004535063021571473	0.0014770486512125647	0.27180248042457067
2021-07-06	0	0	0	0.004504006373179825	0.02415603974129077	0.005969844349777542	0.0019385287044675348	0.39643254852545384
2021-07-07	0	0	0	0.008824180344401356	0.030025051022523508	0.007563694669955767	0.0028118263926717457	0.6666666666666667
2021-07-08	0	0	0	0.015344971971822163	0.030888744290250125	0.0065249943409595446	0.002511951982581362	1.5
2021-07-09	0	0	3.159269050811986e-7	0.005934961000197747	0.0522994322903052	0	0	0
2021-07-10	0	0	3.713663612181506e-7	0.007019933838160242	0.06503265153759874	0	0	0
2021-07-11	0	0	3.5764809824812005e-7	0.006807963898482816	0.06694348459950072	0	0	0
2021-07-12	0	0	3.5196611447574355e-7	0.006745543375558771	0.07058729252123142	0	0	0
2021-07-13	0	0	2.967269601139577e-7	0.005723956956567022	0.0638331683453317	0	0	0
2021-07-14	0	0	2.390630096105184e-7	0.004636848160678664	0.0547488415978139	0	0	0
2021-07-15	0	0	1.9948197582664307e-7	0.0038864097263655584	0.048212068510743666	0	0	0
2021-07-16	0	0	1.8345999719393546e-7	0.0035879242991796456	0.04653761863190464	0	0	0
2021-07-17	0	0	2.2526831178204532e-7	0.004422340824979276	0.06010430316458004	0	0	0
2021-07-18	0	0	2.1425179830281138e-7	0.004224523292263305	0.060772447804281926	0	0	0
2021-07-19	0	0	2.752092385094329e-7	0.005451124579498368	0.08351455274797459	0	0	0
2021-07-20	0	0	2.866184622973833e-7	0.005708549272370744	0.09500089802967238	0	0	0
2021-07-21	0	0	2.4566722189867107e-7	0.004920006703242663	0.0896280512733969	0	0	0
2021-07-22	0	0	2.389665052504597e-7	0.004809309610030121	0.09570468560784384	0	0	0
2021-07-23	0	0	1.814000920585812e-7	0.007354761848553215	0.06815913636470916	0	0	0
2021-07-24	0	0	1.709736960897601e-7	0.003481943785668573	0	0	0	0
2021-07-25	0	0	1.5179381462893105e-7	0.0031018347760527476	0	0	0	0
2021-07-26	0	0	2.0220942809068276e-7	0.004145983219748128	0	0	0	0
2021-07-27	0	0	2.1786900594733538e-7	0.00448601691581163	0	0	0	0
2021-07-28	0	0	2.0172584536126692e-7	0.004171989576776003	0	0	0	0
2021-07-29	0	0	1.4752303090226349e-7	0.003062912954003849	0	0	0	0
2021-07-30	0	0	1.2866770782160586e-7	0.0026793773662630027	0	0	0	0
2021-07-31	0	0	1.1737529992394968e-7	0.00245064581601917	0	0	0	0
2021-08-01	0	0	1.01926166395927e-7	0.00213314283817323	0	0	0	0
2021-08-02	0	0	1.5769680872246283e-7	0.0033083518517345034	0	0	0	0
2021-08-03	0	0	1.4376155021977866e-7	0.003025789786760713	0	0	0	0
2021-08-04	0	0	1.432509610932442e-7	0.0030241852573378303	0	0	0	0
2021-08-05	0	0	1.2999052034778913e-7	0.0027523731788907657	0	0	0	0
2021-08-06	0	0	1.0195867594653407e-7	0.0021644724485752054	0	0	0	0
2021-08-07	0	0	9.458948113660881e-8	0.0020123090133528088	0	0	0	0
2021-08-08	0	0	7.189813477914697e-8	0.0015324688946412035	0	0	0	0
2021-08-09	0	0	1.5284651300184748e-7	0.0032642504789415216	0	0	0	0
2021-08-10	0	0	1.5300305489240884e-7	0.0032782970872962114	0	0	0	0
2021-08-11	0	0	1.256815824746127e-7	0.0027013571687031224	0	0	0	0
2021-08-12	0	0	1.0337126465920221e-7	0.0022275766249042483	0	0	0	0
2021-08-13	0	0	7.56614098040842e-8	0.001633844343019275	0	0	0	0
2021-08-14	0	0	7.05104090670261e-8	0.0015250619823088396	0	0	0	0
2021-08-15	0	0	6.002493968537692e-8	0.0013001819049445196	0	0	0	0
2021-08-16	0	0	1.262734399265497e-7	0.0027397162384448226	0	0	0	0
2021-08-17	0	0	1.4267072456775054e-7	0.0031042640180998227	0	0	0	0
