2020-02-17	0	0	0	0	0	0	0	0
2020-02-18	0	0	0	0	0	0	0	0
2020-02-19	0	0	0	0	0	0	0	0
2020-02-20	0	0	0	0	0	0	0	0
2020-02-21	0	0	0	0	0	0	0	0
2020-02-22	0	0	0	0	0	0	0	0
2020-02-23	0	0	0	0	0	0	0	0
2020-02-24	0	0	0	0	0	0	0	0
2020-02-25	0	0	0	0	0	0	0	0
2020-02-26	0	0	0	0	0	0	0	0
2020-02-27	0	0	0	0	0	0	0	0
2020-02-28	0	0	0	0	0	0	0	0
2020-02-29	0	0	0	0	0	0	0	0
2020-03-01	0	0	0	0	0	0	0	0
2020-03-02	0	0	0	0	0	0	0	0
2020-03-03	0	0	0	0	0	0	0	0
2020-03-04	0	0	0	0	0	0	0	0
2020-03-05	0	0	0	0	0	0	0	0
2020-03-06	0	0	0	0	0	0	0	0
2020-03-07	0	0	0	0	0	0	0	0
2020-03-08	0	0	0	0	0	0	0	0
2020-03-09	0	0	0	0	0	0	0	0
2020-03-10	0	0	0	0	0	0	0	0
2020-03-11	0	0	0	0	0	0	0	0
2020-03-12	0	0	0	0	0	0	0	0
2020-03-13	0	0	0	0	0	0	0	0
2020-03-14	0	0	0	0	0	0	0	0
2020-03-15	0	0	0	0	0	0	0	0
2020-03-16	0	0	0	0	0	0	0	0
2020-03-17	0	0	0	0	0	0	0	0
2020-03-18	0	0	0	0	0	0	0	0
2020-03-19	0	0	0	0	0	0	0	0
2020-03-20	0	0	0	0	0	0	0	0
2020-03-21	0	0	0	0	0	0	0	0
2020-03-22	0	0	0	0	0	0	0	0
2020-03-23	0	0	0	0	0	0	0	0
2020-03-24	0	0	0	0	0	0	0	0
2020-03-25	0	0	0	0	0	0	0	0
2020-03-26	0	0	0	0	0	0	0	0
2020-03-27	0	0	0	0	0	0	0	0
2020-03-28	0	0	0	0	0	0	0	0
2020-03-29	0	0	0	0	0	0	0	0
2020-03-30	0	0	0	0	0	0	0	0
2020-03-31	0	0	0	0	0	0	0	0
2020-04-01	0	0	0	0	0	0	0	0
2020-04-02	0	0	0	0	0	0	0	0
2020-04-03	0	0	0	0	0	0	0	0
2020-04-04	0	0	0	0	0	0	0	0
2020-04-05	0	0	0	0	0	0	0	0
2020-04-06	0	0	0	0	0	0	0	0
2020-04-07	0	0	0	0	0	0	0	0
2020-04-08	0	0	0	0	0	0	0	0
2020-04-09	0	0	0	0	0	0	0	0
2020-04-10	0	0	0	0	0	0	0	0
2020-04-11	0	0	0	0	0	0	0	0
2020-04-12	0	0	0	0	0	0	0	0
2020-04-13	0	0	0	0	0	0	0	0
2020-04-14	0	0	0	0	0	0	0	0
2020-04-15	0	0	0	0	0	0	0	0
2020-04-16	0	0	0	0	0	0	0	0
2020-04-17	0	0	0	0	0	0	0	0
2020-04-18	0	0	0	0	0	0	0	0
2020-04-19	0	0	0	0	0	0	0	0
2020-04-20	0	0	0	0	0	0	0	0
2020-04-21	0	0	0	0	0	0	0	0
2020-04-22	0	0	0	0	0	0	0	0
2020-04-23	0	0	0	0	0	0	0	0
2020-04-24	0	0	0	0	0	0	0	0
2020-04-25	0	0	0	0	0	0	0	0
2020-04-26	0	0	0	0	0	0	0	0
2020-04-27	0	0	0	0	0	0	0	0
2020-04-28	0	0	0	0	0	0	0	0
2020-04-29	0	0	0	0	0	0	0	0
2020-04-30	0	0	0	0	0	0	0	0
2020-05-01	0	0	0	0	0	0	0	0
2020-05-02	0	0	0	0	0	0	0	0
2020-05-03	0	0	0	0	0	0	0	0
2020-05-04	0	0	0	0	0	0	0	0
2020-05-05	0	0	0	0	0	0	0	0
2020-05-06	0	0	0	0	0	0	0	0
2020-05-07	0	0	0	0	0	0	0	0
2020-05-08	0	0	0	0	0	0	0	0
2020-05-09	0	0	0	0	0	0	0	0
2020-05-10	0	0	0	0	0	0	0	0
2020-05-11	0	0	0	0	0	0	0	0
2020-05-12	0	0	0	0	0	0	0	0
2020-05-13	0	0	0	0	0	0	0	0
2020-05-14	0	0	0	0	0	0	0	0
2020-05-15	0	0	0	0	0	0	0	0
2020-05-16	0	0	0	0	0	0	0	0
2020-05-17	0	0	0	0	0	0	0	0
2020-05-18	0	0	0	0	0	0	0	0
2020-05-19	0	0	0	0	0	0	0	0
2020-05-20	0	0	0	0	0	0	0	0
2020-05-21	0	0	0	0	0	0	0	0
2020-05-22	0	0	0	0	0	0	0	0
2020-05-23	0	0	0	0	0	0	0	0
2020-05-24	0	0	0	0	0	0	0	0
2020-05-25	0	0	0	0	0	0	0	0
2020-05-26	0	0	0	0	0	0	0	0
2020-05-27	0	0	0	0	0	0	0	0
2020-05-28	0	0	0	0	0	0	0	0
2020-05-29	0	0	0	0	0	0	0	0
2020-05-30	0	0	0	0	0	0	0	0
2020-05-31	0	0	0	0	0	0	0	0
2020-06-01	0	0	0	0	0	0	0	0
2020-06-02	0	0	0	0	0	0	0	0
2020-06-03	0	0	0	0	0	0	0	0
2020-06-04	0	0	0	0	0	0	0	0
2020-06-05	0	0	0	0	0	0	0	0
2020-06-06	0	0	0	0	0	0	0	0
2020-06-07	0	0	0	0	0	0	0	0
2020-06-08	0	0	0	0	0	0	0	0
2020-06-09	0	0	0	0	0	0	0	0
2020-06-10	0	0	0	0	0	0	0	0
2020-06-11	0	0	0	0	0	0	0	0
2020-06-12	0	0	0	0	0	0	0	0
2020-06-13	0	0	0	0	0	0	0	0
2020-06-14	0	0	0	0	0	0	0	0
2020-06-15	0	0	0	0	0	0	0	0
2020-06-16	0	0	0	0	0	0	0	0
2020-06-17	0	0	0	0	0	0	0	0
2020-06-18	0	0	0	0	0	0	0	0
2020-06-19	0	0	0	0	0	0	0	0
2020-06-20	0	0	0	0	0	0	0	0
2020-06-21	0	0	0	0	0	0	0	0
2020-06-22	0	0	0	0	0	0	0	0
2020-06-23	0	0	0	0	0	0	0	0
2020-06-24	0	0	0	0	0	0	0	0
2020-06-25	0	0	0	0	0	0	0	0
2020-06-26	0	0	0	0	0	0	0	0
2020-06-27	0	0	0	0	0	0	0	0
2020-06-28	0	0	0	0	0	0	0	0
2020-06-29	0	0	0	0	0	0	0	0
2020-06-30	0	0	0	0	0	0	0	0
2020-07-01	0	0	0	0	0	0	0	0
2020-07-02	0	0	0	0	0	0	0	0
2020-07-03	0	0	0	0	0	0	0	0
2020-07-04	0	0	0	0	0	0	0	0
2020-07-05	0	0	0	0	0	0	0	0
2020-07-06	0	0	0	0	0	0	0	0
2020-07-07	0	0	0	0	0	0	0	0
2020-07-08	0	0	0	0	0	0	0	0
2020-07-09	0	0	0	0	0	0	0	0
2020-07-10	0	0	0	0	0	0	0	0
2020-07-11	0	0	0	0	0	0	0	0
2020-07-12	0	0	0	0	0	0	0	0
2020-07-13	0	0	0	0	0	0	0	0
2020-07-14	0	0	0	0	0	0	0	0
2020-07-15	0	0	0	0	0	0	0	0
2020-07-16	0	0	0	0	0	0	0	0
2020-07-17	0	0	0	0	0	0	0	0
2020-07-18	0	0	0	0	0	0	0	0
2020-07-19	0	0	0	0	0	0	0	0
2020-07-20	0	0	0	0	0	0	0	0
2020-07-21	0	0	0	0	0	0	0	0
2020-07-22	0	0	0	0	0	0	0	0
2020-07-23	0	0	0	0	0	0	0	0
2020-07-24	0	0	0	0	0	0	0	0
2020-07-25	0	0	0	0	0	0	0	0
2020-07-26	0	0	0	0	0	0	0	0
2020-07-27	0	0	0	0	0	0	0	0
2020-07-28	0	0	0	0	0	0	0	0
2020-07-29	0	0	0	0	0	0	0	0
2020-07-30	0	0	0	0	0	0	0	0
2020-07-31	0	0	0	0	0	0	0	0
2020-08-01	0	0	0	0	0	0	0	0
2020-08-02	0	0	0	0	0	0	0	0
2020-08-03	0	0	0	0	0	0	0	0
2020-08-04	0	0	0	0	0	0	0	0
2020-08-05	0	0	0	0	0	0	0	0
2020-08-06	0	0	0	0	0	0	0	0
2020-08-07	0	0	0	0	0	0	0	0
2020-08-08	0	0	0	0	0	0	0	0
2020-08-09	0	0	0	0	0	0	0	0
2020-08-10	0	0	0	0	0	0	0	0
2020-08-11	0	0	0	0	0	0	0	0
2020-08-12	0	0	0	0	0	0	0	0
2020-08-13	0	0	0	0	0	0	0	0
2020-08-14	0	0	0	0	0	0	0	0
2020-08-15	0	0	0	0	0	0	0	0
2020-08-16	0	0	0	0	0	0	0	0
2020-08-17	0	0	0	0	0	0	0	0
2020-08-18	0	0	0	0	0	0	0	0
2020-08-19	0	0	0	0	0	0	0	0
2020-08-20	0	0	0	0	0	0	0	0
2020-08-21	0	0	0	0	0	0	0	0
2020-08-22	0	0	0	0	0	0	0	0
2020-08-23	0	0	0	0	0	0	0	0
2020-08-24	0	0	0	0	0	0	0	0
2020-08-25	0	0	0	0	0	0	0	0
2020-08-26	0	0	0	0	0	0	0	0
2020-08-27	0	0	0	0	0	0	0	0
2020-08-28	0	0	0	0	0	0	0	0
2020-08-29	0	0	0	0	0	0	0	0
2020-08-30	0	0	0	0	0	0	0	0
2020-08-31	0	0	0	0	0	0	0	0
2020-09-01	0	0	0	0	0	0	0	0
2020-09-02	0	0	0	0	0	0	0	0
2020-09-03	0	0	0	0	0	0	0	0
2020-09-04	0	0	0	0	0	0	0	0
2020-09-05	0	0	0	0	0	0	0	0
2020-09-06	0	0	0	0	0	0	0	0
2020-09-07	0	0	0	0	0	0	0	0
2020-09-08	0	0	0	0	0	0	0	0
2020-09-09	0	0	0	0	0	0	0	0
2020-09-10	0	0	0	0	0	0	0	0
2020-09-11	0	0	0	0	0	0	0	0
2020-09-12	0	0	0	0	0	0	0	0
2020-09-13	0	0	0	0	0	0	0	0
2020-09-14	0	0	0	0	0	0	0	0
2020-09-15	0	0	0	0	0	0	0	0
2020-09-16	0	0	0	0	0	0	0	0
2020-09-17	0	0	0	0	0	0	0	0
2020-09-18	0	0	0	0	0	0	0	0
2020-09-19	0	0	0	0	0	0	0	0
2020-09-20	0	0	0	0	0	0	0	0
2020-09-21	0	0	0	0	0	0	0	0
2020-09-22	0	0	0	0	0	0	0	0
2020-09-23	0	0	0	0	0	0	0	0
2020-09-24	0	0	0	0	0	0	0	0
2020-09-25	0	0	0	0	0	0	0	0
2020-09-26	0	0	0	0	0	0	0	0
2020-09-27	0	0	0	0	0	0	0	0
2020-09-28	0	0	0	0	0	0	0	0
2020-09-29	0	0	0	0	0	0	0	0
2020-09-30	0	0	0	0	0	0	0	0
2020-10-01	0	0	0	0	0	0	0	0
2020-10-02	0	0	0	0	0	0	0	0
2020-10-03	0	0	0	0	0	0	0	0
2020-10-04	0	0	0	0	0	0	0	0
2020-10-05	0	0	0	0	0	0	0	0
2020-10-06	0	0	0	0	0	0	0	0
2020-10-07	0	0	0	0	0	0	0	0
2020-10-08	0	0	0	0	0	0	0	0
2020-10-09	0	0	0	0	0	0	0	0
2020-10-10	0	0	0	0	0	0	0	0
2020-10-11	0	0	0	0	0	0	0	0
2020-10-12	0	0	0	0	0	0	0	0
2020-10-13	0	0	0	0	0	0	0	0
2020-10-14	0	0	0	0	0	0	0	0
2020-10-15	0	0	0	0	0	0	0	0
2020-10-16	0	0	0	0	0	0	0	0
2020-10-17	0	0	0	0	0	0	0	0
2020-10-18	0	0	0	0	0	0	0	0
2020-10-19	0	0	0	0	0	0	0	0
2020-10-20	0	0	0	0	0	0	0	0
2020-10-21	0	0	0	0	0	0	0	0
2020-10-22	0	0	0	0	0	0	0	0
2020-10-23	0	0	0	0	0	0	0	0
2020-10-24	0	0	0	0	0	0	0	0
2020-10-25	0	0	0	0	0	0	0	0
2020-10-26	0	0	0	0	0	0	0	0
2020-10-27	0	0	0	0	0	0	0	0
2020-10-28	0	0	0	0	0	0	0	0
2020-10-29	0	0	0	0	0	0	0	0
2020-10-30	0	0	0	0	0	0	0	0
2020-10-31	0	0	0	0	0	0	0	0
2020-11-01	0	0	0	0	0	0	0	0
2020-11-02	0	0	0	0	0	0	0	0
2020-11-03	0	0	0	0	0	0	0	0
2020-11-04	0	0	0	0	0	0	0	0
2020-11-05	0	0	0	0	0	0	0	0
2020-11-06	0	0	0	0	0	0	0	0
2020-11-07	0	0	0	0	0	0	0	0
2020-11-08	0	0	0	0	0	0	0	0
2020-11-09	0	0	0	0	0	0	0	0
2020-11-10	0	0	0	0	0	0	0	0
2020-11-11	0	0	0	0	0	0	0	0
2020-11-12	0	0	0	0	0	0	0	0
2020-11-13	0	0	0	0	0	0	0	0
2020-11-14	0	0	0	0	0	0	0	0
2020-11-15	0	0	0	0	0	0	0	0
2020-11-16	0	0	0	0	0	0	0	0
2020-11-17	0	0	0	0	0	0	0	0
2020-11-18	0	0	0	0	0	0	0	0
2020-11-19	0	0	0	0	0	0	0	0
2020-11-20	0	0	0	0	0	0	0	0
2020-11-21	0	0	0	0	0	0	0	0
2020-11-22	0	0	0	0	0	0	0	0
2020-11-23	0	0	0	0	0	0	0	0
2020-11-24	0	0	0	0	0	0	0	0
2020-11-25	0	0	0	0	0	0	0	0
2020-11-26	0	0	0	0	0	0	0	0
2020-11-27	0	0	0	0	0	0	0	0
2020-11-28	0	0	0	0	0	0	0	0
2020-11-29	0	0	0	0	0	0	0	0
2020-11-30	0	0	0	0	0	0	0	0
2020-12-01	0	0	0	0	0	0	0	0
2020-12-02	0	0	0	0	0	0	0	0
2020-12-03	0	0	0	0	0	0	0	0
2020-12-04	0	0	0	0	0	0	0	0
2020-12-05	0	0	0	0	0	0	0	0
2020-12-06	0	0	0	0	0	0	0	0
2020-12-07	0	0	0	0	0	0	0	0
2020-12-08	0	0	0	0	0	0	0	0
2020-12-09	0	0	0	0	0	0	0	0
2020-12-10	0	0	0	0	0	0	0	0
2020-12-11	0	0	0	0	0	0	0	0
2020-12-12	0	0	0	0	0	0	0	0
2020-12-13	0	0	0	0	0	0	0	0
2020-12-14	0	0	0	0	0	0	0	0
2020-12-15	0	0	0	0	0	0	0	0
2020-12-16	0	0	0	0	0	0	0	0
2020-12-17	0	0	0	0	0	0	0	0
2020-12-18	0	0	0	0	0	0	0	0
2020-12-19	0	0	0	0	0	0	0	0
2020-12-20	0	0	0	0	0	0	0	0
2020-12-21	0	0	0	0	0	0	0	0
2020-12-22	0	0	0	0	0	0	0	0
2020-12-23	0	0	0	0	0	0	0	0
2020-12-24	0	0	0	0	0	0	0	0
2020-12-25	0	0	0	0	0	0	0	0
2020-12-26	0	0	0	0	0	0	0	0
2020-12-27	0	0	0	0	0	0	0	0
2020-12-28	0	0	0	0	0	0	0	0
2020-12-29	0	0	0	9.320021715719662e-6	4.222044564139438e-5	8.898197944828823e-5	1.0520027667659804e-5	1.0120256048962162e-4
2020-12-30	0	0	0	4.040040804831335e-5	1.4663537548331718e-4	2.4223466940864746e-4	6.0090902729070805e-5	1.4840550604855451e-4
2020-12-31	0	0	0	8.0801632226013e-5	1.981098118744029e-4	2.7642910326219905e-4	5.4080731181294084e-5	1.653068315872197e-4
2021-01-01	0	0	1.581500625347232e-6	9.945247269849133e-5	3.4638999650749014e-4	4.044008850190295e-4	8.113164558598562e-5	2.2441259025263172e-4
2021-01-02	0	0	0	1.849385505667822e-4	7.799220696085296e-4	8.494003702472774e-4	1.2922417472194248e-4	1.4180502716643062e-4
2021-01-03	0	0	0	6.373101541057302e-5	1.5761621071752607e-4	1.8567861913743045e-4	3.156024901240784e-5	6.08009241880314e-5
2021-01-04	0	0	0	8.550182764066605e-5	2.599268904970309e-4	3.1445472044278056e-4	7.514141155784415e-5	3.5623172526055846e-4
2021-01-05	0	0	0	1.5235580307271235e-4	5.031032782272238e-4	6.741036039172865e-4	2.2094220386437158e-4	0.008325327770622115
2021-01-06	0	0	0	2.658976753935338e-4	7.366056469697568e-4	9.001325596562637e-4	2.5406613740064365e-4	0.019534297191693417
2021-01-07	0	0	0	2.5818666508836685e-4	8.003201280768479e-4	0.0010239321092411213	2.451050191174531e-4	0.02008485030292273
2021-01-08	0	0	0	2.878107087509463e-4	7.855342660207931e-4	0.0010929286232439495	2.4215465971977324e-4	0.010334098397421831
2021-01-09	0	0	0	2.723385420704272e-4	0.00083554453366696535	0.0010200401204618625	2.5575635282804043e-4	0.018219689269267203
2021-01-10	0	0	0	3.237862093774524e-4	0.001034737670511765	0.0012462582899313013	3.039730999114809e-4	0.01567573214456708
2021-01-11	0	0	0	3.0831376434425906e-4	0.0011270475590501317	0.001498951714060226	3.146047440361066e-4	0.00891878618676123
2021-01-12	0	0	0	1.9469947697170475e-4	7.978091248499464e-4	0.0010658039845334866	2.650175585765524e-4	0.010736417666075138
2021-01-13	1.8063012568125814e-5	0	0	2.9756213580611757e-4	7.51971365233528e-4	9.634020358706419e-4	2.153815973082729e-4	0.007341875785010554
2021-01-14	0	0	0	9.194211333807267e-5	3.130645023456946e-4	4.28605925759884e-4	1.446152283910429e-4	0.0016221578490218658
2021-01-15	0	0	0	0	0	0	0	5.700008122611067e-6
2021-01-16	0	0	0	0	0	6.800001155493618e-7	0	0
2021-01-17	0	0	0	6.857117550151948e-5	2.6510757050601796e-4	3.380085624469231e-4	4.821058106507792e-5	7.630145547810052e-5
2021-01-18	0	0	0	1.714473485483481e-4	6.761843063041173e-4	6.32259938157409e-4	1.325943953183195e-4	1.9640964418710105e-4
2021-01-19	0	0	0	2.4006440773005622e-4	9.529570317761138e-4	8.842854902071373e-4	1.8987901350997483e-4	0.0011463285172672588
2021-01-20	0	0	0	4.989922483160658e-4	0.0014869227348048852	0.0017148351649107774	7.220603427846584e-4	0.013165834801505127
2021-01-21	0	0	0	5.226482903089025e-4	0.001473562846866061	0.0018137023790800733	7.934974095347158e-4	0.013731035332827712
2021-01-22	0	0	0	9.365219268331337e-5	2.9755213431825744e-4	3.173651801644528e-4	1.554760432000979e-4	0.0033624264779550384
2021-01-23	0	0	0	2.638073985858913e-4	7.395167212451703e-4	8.721201483883334e-4	2.626972524615301e-4	0.006020862696903828
2021-01-24	0	0	0	2.763690949691977e-4	6.332102388015848e-4	7.289728503541149e-4	2.15951658779856e-4	0.0019292304825637707
2021-01-25	0	0	0	2.1865195216919098e-4	5.922476893314155e-4	6.380417743263589e-4	1.601064085154924e-4	0.0010793912713791265
2021-01-26	0	0	0	5.030532656469244e-4	0.001294729080848267	0.001486162169498595	3.38408630100151e-4	0.0027063310569475085
2021-01-27	0	0	0	5.845954379566365e-4	0.001749325034519078	0.0020029929952347647	5.818746445254153e-4	0.006483609297380344
2021-01-28	0	0	0	0.001173184090227375	0.0029432056148226415	0.0035582152238948783	0.0010980414237420355	0.02357656358765059
2021-01-29	0	0	0	0.0012685523062383464	0.003213812147129236	0.003983547161998002	0.00159606685735314	0.03348857109855574
2021-01-30	0	0	0	9.235332284058817e-4	0.002626094092545772	0.0031564908586352303	0.001119203153924886	0.024572147609536188
2021-01-31	0	0	0	8.113645781195888e-4	0.001695919035343607	0.0018345513947048975	4.660242946608051e-4	0.010025025282980993
2021-02-01	0	0	0	8.795734123470123e-4	0.0024346618946353704	0.002700553246959947	7.518113050595243e-4	0.009293994583831067
2021-02-02	0	0	0	0.0011492501940020272	0.0029886630266717784	0.0030951950581119547	0.001476134743445101	0.023939373399692432
2021-02-03	0	0	0	0.0014985514140850587	0.0033490340071953284	0.0036304350145988096	0.0011980988602195985	0.039526077704679086
2021-02-04	0	0	0	0.0014251077330127426	0.0034274568651406767	0.003917306322205549	0.0013321836783382057	0.04475403081862872
2021-02-05	0	0	0	0.001970470688683612	0.00425462545944999	0.004982656716989942	0.0019035358621946052	0.05816179870721472
2021-02-06	0	0	0	0.0016230085391795157	0.0037948201650213065	0.004284489211951792	0.0020663074065745413	0.05739587151679304
2021-02-07	0	0	0	9.806204040943012e-4	0.002238773026165708	0.0025449692170789184	0.001748594395590164	0.023779971764277485
2021-02-08	0	0	0	0.0011957274410283603	0.002635977093809805	0.0030765462842599067	0.0011251164717687168	0.015881656755323492
2021-02-09	0	0	3.1630025012496787e-6	0.0013607529121220097	0.0030354134336783023	0.003468457549443027	0.001991971988100305	0.06240127993436162
2021-02-10	0	0	0	0.001698230997129846	0.0035126045977651454	0.004005000006262582	0.0025661362638311758	0.07237545149476787
2021-02-11	0	0	0	0.001543365494262261	0.002967050847683117	0.003649389510950618	0.0038588126086871455	0.06365364668404427
2021-02-12	0	0	0	0.001995825830186204	0.00398524053553162	0.00500790979011656	0.006567171936811889	0.13989623945329344
2021-02-13	0	0	0	0.001643185014247761	0.003733364502627401	0.00496258681697892	0.013543033438680352	0.1728893848483064
2021-02-14	0	0	0	9.428622473044435e-4	0.0021145077857940286	0.0025935516275112924	0.00654416652888945	0.04911579021203827
2021-02-15	0	0	0	0.0011040247176443696	0.002653229907235044	0.003197475963133689	0.007861651390647095	0.05291376667595937
2021-02-16	0	0	0	0.0011790575441732454	0.0025265658837911875	0.002972769339386172	0.006967737340912938	0.0907485236355059
2021-02-17	0	0	0	0.0012896958288326488	0.002912690942131091	0.003539161415881953	0.007697442655860032	0.08167062265105263
2021-02-18	0	0	0	0.0014409690979853007	0.002893633278387542	0.004010841712811297	0.012689334804444785	0.1273238400620358
2021-02-19	0	0	0	0.0016363994507906376	0.00338374242820505	0.004577157592907444	0.02563990113252146	0.2233336835522548
2021-02-20	1.806333957099504e-5	0	0	0.0015745197781329434	0.0031085758108930772	0.004490781780249531	0.040903381657760196	0.26418595465988925
2021-02-21	0	0	0	9.757880405751873e-4	0.0021622988841161206	0.0030009914874769006	0.02034249426826351	0.10597370662390238
2021-02-22	0	0	1.581500625347232e-6	8.554329413792416e-4	0.0020039839879559818	0.002801251752845735	0.020303164623431513	0.15347569742502443
2021-02-23	0	0	0	9.532971938850388e-4	0.0021950345441623664	0.003495254200481357	0.032534594967423613	0.13282812788966858
2021-02-24	0	0	0	0.001174594918305516	0.002329646813568953	0.0038499855972748964	0.04958338809371288	0.16730919138006262
2021-02-25	0	0	0	0.0012132980230232793	0.0027874624867787468	0.004614142577932245	0.0589616696211277	0.17277926894422513
2021-02-26	0	0	1.581500625347232e-6	0.0013739719497296576	0.003260938429860749	0.005899902211526475	0.06570558600816923	0.12843723054769018
2021-02-27	0	0	0	0.0016817470683003766	0.004409290460591464	0.009512361254157442	0.09834844411495824	0.10847585265215276
2021-02-28	0	0	0	7.736896489181078e-4	0.0019378488145069817	0.003828664668285464	0.05700720536590764	0.05745146778774157
2021-03-01	0	0	0	7.710286212836426e-4	0.0019286999708945096	0.0036288421237897772	0.05301603499155649	0.11513501809811322
2021-03-02	0	0	0	0.0012024214543384648	0.0025266660102818417	0.005316065137135562	0.08078100259506593	0.1274831909966736
2021-03-03	0	0	0	0.0012806700289307305	0.0024215159348557336	0.004788041334956361	0.08316856244478288	0.12366570142738165
2021-03-04	0	0	1.581500625347232e-6	0.0014933775441223762	0.003217237654531413	0.007429780409232256	0.12728738990735677	0.13203822308913415
2021-03-05	0	0	0	0.0017463524367082872	0.0035886896733929863	0.007712119195621758	0.1330388863181966	0.13362265337365398
2021-03-06	0	0	0	0.0016426946113965446	0.0037046611285191933	0.00797250018981921	0.1803013875918904	0.11008857350403867
2021-03-07	0	0	0	6.836368398321913e-4	0.0016840890389728802	0.003967855970250067	0.06288967789648092	0.018253800306406553
2021-03-08	0	0	0	8.518814254907525e-4	0.002121164835064304	0.0044299360834259005	0.0767556577491253	0.06299788332588552
2021-03-09	0	0	0	0.0010402905511077698	0.0024334203836908763	0.008438783265751537	0.09379824782369894	0.0502086265448809
2021-03-10	0	0	1.581500625347232e-6	0.0018821255991927632	0.004195179883563771	0.016730749494663355	0.13243139885036626	0.06474570146453362
2021-03-11	0	0	0	0.0018460219492593133	0.004244744463890893	0.01722621562619997	0.12176470057662891	0.060122993589541984
2021-03-12	0	0	0	0.0017220013221384	0.003943437675174577	0.013693004593700708	0.1069693187906331	0.0486323770237449
2021-03-13	0	0	0	0.0018526280576800502	0.004876545173206459	0.01772063522822287	0.09538671641721441	0.03350108060034773
2021-03-14	0	0	0	4.5472169295446285e-4	0.0010536875643709642	0.0021150683785615687	0.03021321966056445	0.0019707709845684374
2021-03-15	0	0	0	6.774547362298211e-4	0.0018067761099778146	0.005662415737997417	0.06192754521405974	0.03027301384176595
2021-03-16	0	0	0	0.0021940835006017956	0.0049676293353031475	0.016329825802686493	0.06736940932831148	0.043544327105773606
2021-03-17	0	0	0	0.003164203045227909	0.007188428375627831	0.025816421910059617	0.10698569471860564	0.05497897183603695
2021-03-18	0	0	1.581500625347232e-6	0.003288002740505336	0.009014515371847276	0.027748373051754704	0.10514740414986368	0.07653302601786272
2021-03-19	0	0	0	0.0033072444664903333	0.008226549027224195	0.029457353925066654	0.10103634579279008	0.05379569417802399
2021-03-20	0	0	1.581500625347232e-6	0.0036163194415759214	0.008161934292850281	0.02717714936185911	0.06254015783552314	0.02742706091764502
2021-03-21	0	0	0	9.198215179062608e-4	0.0024584509953240463	0.008213153974552467	0.050339506478114915	0.0063140668600785155
2021-03-22	0	0	1.581500625347232e-6	0.001047404263923024	0.003007591401509746	0.01084326409405345	0.051777250928426444	0.02135925443753184
2021-03-23	0	0	0	0.0011618374665747222	0.003061753583751825	0.013224038800549565	0.04484579636285457	0.026555599972474475
2021-03-24	0	0	0	0.0022830030257039446	0.006840758995910079	0.02383638329211224	0.07063490235777303	0.04525582236447123
2021-03-25	0	0	0	0.002745163981321186	0.0077634979752028155	0.02767748073495846	0.09527612499869154	0.05855569227443458
2021-03-26	0	0	0	0.0029094562338942698	0.007002117412063136	0.02549338821061431	0.06468444950183905	0.056880446292611575
2021-03-27	0	0	1.89785900466255e-5	0.0030563453116660977	0.009272635442010069	0.032430301107480464	0.09410923712821351	0.037895415631470586
2021-03-28	0	0	0	8.164966667016937e-4	0.0019717219218342574	0.008070924957417125	0.008067852561237432	0.005118249118509777
2021-03-29	0	0	0	8.479997759049951e-4	0.0024944055147180233	0.014053223271076831	0.027869618914611483	0.020274059370843034
2021-03-30	0	0	0	8.607252119725572e-4	0.0022196016578799327	0.012608151370243625	0.020715361551047584	0.020104952276510213
2021-03-31	0	0	4.744705628167978e-6	0.0011721734976770648	0.0030383478894744353	0.018894419774655224	0.026979483127456128	0.027939858929246553
2021-04-01	0	0	0	9.24343602773936e-4	0.0016654134004485677	0.013067399230663357	0.018605057036835904	0.022136405107773927
2021-04-02	0	0	0	0.003341691725897711	0.006167158460870459	0.029408139669708344	0.03156389994493347	0.04809815820569496
2021-04-03	0	0	4.744705628167978e-6	0.0037054325576098	0.008428610368184541	0.06012938575790572	0.039550765768213036	0.026876385017907678
2021-04-04	0	0	0	0.0013371469905185673	0.001290126106342493	0.02225698332670123	0.014379865130291325	0.0058538669395364895
2021-04-05	0	0	0	0.0011394245720888208	0.0025894062561899744	0.0347610221654977	0.019875508964146027	0.020228902120247527
2021-04-06	0	0	1.581600625355506e-6	0.001979759862277941	0.005052301437453721	0.04963331652737679	0.02112955451853793	0.02812292472375444
2021-04-07	0	0	0	0.0021421171664888217	0.004877487471007358	0.06320733169500037	0.021585665235919205	0.028695863140342226
2021-04-08	0	0	6.326410005863536e-6	0.001625090229563586	0.004764745700397421	0.0768237938243932	0.024498332068535023	0.04348350377514065
2021-04-09	0	0	0	0.002284785060693295	0.006571225250322499	0.10106966952444507	0.023210097152456477	0.030881923296624647
2021-04-10	0	0	0	0.0031030171789030447	0.009674730100629914	0.14471961148725554	0.024735896139455482	0.027320401078776202
2021-04-11	0	0	0	0.0011148707341883668	0.0036157584272509258	0.057350572027984326	0.007496680052954119	0.005694506852071957
2021-04-12	0	0	0	0.0015697760492110469	0.004413950740284278	0.06239900908365548	0.01146569554357435	0.016681770365632786
2021-04-13	0	0	0	0.001517645812202817	0.005572633561201856	0.06134918048659421	0.01526884440234566	0.03830644595033639
2021-04-14	0	0	0	0.002088029967286076	0.006439556973503624	0.06598827304486088	0.016148937041895683	0.04895843201637562
2021-04-15	0	0	0	0.0018519374180501202	0.005518834383237525	0.05621722407054963	0.0159344365671783	0.040642860527974056
2021-04-16	0	0	0	0.0022645720716669704	0.006722146814448715	0.06368104900044935	0.018364402822759196	0.0588552861777667
2021-04-17	0	0	0	0.003052910064966108	0.011946077190057691	0.08625018354017855	0.0190242808151333	0.04260847043827232
2021-04-18	0	0	0	0.0013151223867229334	0.00443865541547428	0.0329377437406817	0.0060773034041665674	0.010857270078388881
2021-04-19	0	0	0	0.001343601316124099	0.003559016649878455	0.033925393073803045	0.0072658983195976745	0.02809280137223502
2021-04-20	1.806366557399741e-5	0	0	0.001522119211723627	0.004477642320186881	0.026996239233183728	0.009454999252717311	0.03481074702714704
2021-04-21	0	0	0	0.001983974038246128	0.005355650748735563	0.028180241502788972	0.011938723278379415	0.040669297948914274
2021-04-22	0	0	3.1632025014882714e-6	0.0012265461038363235	0.0035400429760681362	0.017261792368947093	0.006814328769143563	0.049615832713975294
2021-04-23	0	0	0	5.449142328803891e-4	0.0013330042250661034	0.006606100139764148	0.0015702464184537135	0.014894662744568743
2021-04-24	0	0	0	6.474447961910546e-4	0.0019307619604369552	0.011780263652933165	0.003480708833495827	0.016807018971678467
2021-04-25	0	0	0	7.177128777935415e-5	1.1822349419854383e-4	3.866473740479215e-4	9.561228542720457e-5	0.0021288329824666885
2021-04-26	0	0	0	2.5124578111057616e-4	1.668669611456508e-4	4.575123293828476e-4	1.9124914405876936e-4	0
2021-04-27	0	0	0	2.800296041447492e-4	0.0011221047797842498	0.010102525254127581	0.0032064703630472202	0.022299112605751015
2021-04-28	1.8063991576999783e-5	0	0	6.608291737992822e-4	0.0023182435633046783	0.009512933978218507	0.004562654453916348	0.03875315169150628
2021-04-29	0	0	0	3.018527787750358e-4	0.001071597080075648	0.003690785474354419	0.004776784417342528	0.04866466234017075
2021-04-30	0	0	0	4.5114088202380387e-4	0.0016793350415453823	0.004182393103016935	0.004508491624181321	0.03314748900686504
2021-05-01	0	0	1.581600625355506e-6	6.455841947381469e-4	0.0015686451619110198	0.006477027972840332	0.0038464888691551735	0.03177958551385829
2021-05-02	0	0	0	1.2234374199771025e-4	4.533813886709037e-4	0.0019681884414353146	8.79143223201817e-4	0.005092984623092711
2021-05-03	0	0	0	1.4575531115257334e-4	7.712587099995005e-4	0.0031856270549333043	0.004011643320532832	0.02003909129498216
2021-05-04	0	0	0	1.7636777639817858e-4	0.001574149486651688	0.013837720628044892	0.004126146270761799	0.035792373500194374
2021-05-05	0	0	0	2.1780185941255858e-4	0.0010177989786901431	0.01641042551640748	0.0036495498034418983	0.031618228086837785
2021-05-06	0	0	0	3.673037280071956e-4	0.0017360134356623202	0.035062016245805294	0.006141670027682178	0.041183418489622925
2021-05-07	0	0	3.1632025014882714e-6	5.385725150885978e-4	0.001206633991397199	0.02844991947959885	0.005630656071950124	0.04533337880854993
2021-05-08	0	0	0	5.424635666801958e-4	0.0010139870424306086	0.028916328513677758	0.005060442018355316	0.03628281058600491
2021-05-09	0	0	0	2.3980437653481346e-4	5.60218461181039e-4	0.02787989209581876	0.0018114103018203043	0.00950428284811422
2021-05-10	0	0	0	3.6612351160636436e-4	6.661309326048137e-4	0.02858757232282816	0.003126343505929219	0.02504511443931956
2021-05-11	0	0	0	9.561228542720457e-5	5.440339932465399e-4	0.02427068655648079	0.0026299791976449605	0.04233281684551904
2021-05-12	0	0	0	2.1832191611492746e-4	0.0012890954417645872	0.0235896883491018	0.003499742048601817	0.039320933961909166
2021-05-13	0	0	0	2.490555071614775e-4	0.0021336981669668464	0.03070415630357859	0.004225373445187808	0.03441113149265118
2021-05-14	0	0	0	3.7007423873558487e-4	0.00203095119068486	0.030343705109949992	0.006393960683304778	0.03938713663303739
2021-05-15	0	0	0	7.206098196279598e-4	0.002769767903559872	0.03837348101122995	0.006331983503772953	0.0363174390956158
2021-05-16	0	0	1.581600625355506e-6	0.00038673739145234087	0.0015289444177581935	0.02593901816585209	0.002536137998987442	0.007958634967637046
2021-05-17	0	0	0	1.4643536082870057e-4	0.0017028849542919389	0.019849965280408277	0.003009934927066249	0.035544044779827644
2021-05-18	0	0	0	1.4283510046642078e-4	0.004084270316003558	0.029826525404425208	0.003592115824023301	0.02337307516061604
2021-05-19	0	0	0	4.394482786973519e-4	0.0049148990581879826	0.03375659695957278	0.004808199696079374	0.052516187487043675
2021-05-20	0	0	0	2.623272038904112e-4	0.0044916437158175615	0.02485919489267796	0.004831435692713271	0.04806864874811745
2021-05-21	0	0	0	4.687149234199328e-4	0.007509327499874985	0.03742724975607592	0.005277613300537443	0.041829731611676246
2021-05-22	0	0	1.581600625355506e-6	1.9190920728595628e-4	0.006388774108652795	0.03490740167288808	0.0033939697576790273	0.028664716492904585
2021-05-23	0	0	0	1.4848551198687332e-4	0.0034752393220864874	0.026573953754537083	0.0017552502258388891	0.003032599164423111
2021-05-24	0	0	0	1.140932543175488e-4	0.005763885594286089	0.01933726242956757	0.0016517220464296045	0.0030418131568201723
2021-05-25	0	0	1.581600625355506e-6	1.2497390461918556e-4	0.0067099057086548175	0.022429480397728074	0.001707849187211563	0.021456596382075865
2021-05-26	0	0	0	3.695641444141362e-4	0.009755241182632712	0.029556699623153326	0.0036906852894764697	0.05048129016415959
2021-05-27	0	0	1.581600625355506e-6	5.165066947914188e-4	0.007923425166592724	0.024261849333267582	0.005532221368316881	0.03639678142451608
2021-05-28	0	0	0	5.548569665632108e-4	0.011086045098984254	0.026128504689324927	0.0037789901917173463	0.034307857267573016
2021-05-29	0	0	0	3.2836695621463186e-4	0.020344838109424668	0.03636469781173468	0.004335809811680802	0.023613600532527368
2021-05-30	0	0	0	1.1977358642800695e-4	0.008922653436085115	0.01614805996011892	0.0016318957709517967	0.0036090563218835747
2021-05-31	0	0	0	2.795095313945506e-4	0.00955579832038489	0.02493687189497673	0.0038160705987035914	0.020612822108822426
2021-06-01	0	0	0	4.7204570678727187e-4	0.007656214404752948	0.018969450008405442	0.003337755152364341	0.027279644754482746
2021-06-02	0	0	1.581600625355506e-6	0.0014862021992443353	0.01234128684021818	0.018609659860026495	0.0035687339655292583	0.04999189745273114
2021-06-03	1.8064317580002154e-5	0	0	0.0013883118524498084	0.01452215323363526	0.023848801331234126	0.005291891027662254	0.03221688186934579
2021-06-04	0	0	0	0.001220732546987957	0.01562200173454853	0.020503377118313848	0.003157061759738733	0.03049376746352994
2021-06-05	0	0	1.581600625355506e-6	0.0015361099084127972	0.01866535890577037	0.0283073870402617	0.003945712161114612	0.031453023166579275
2021-06-06	0	0	0	7.544723071155612e-4	0.011749090280605445	0.013916688555084766	0.0015612793983399431	0.017647357304962252
2021-06-07	0	0	0	2.6870805100420725e-4	0.010700857085591542	0.01467504926775276	0.002346045982938527	0.02851923671571166
2021-06-08	0	0	0	8.448684506747739e-4	0.014087242601025007	0.015442588383999478	0.0037526105214313876	0.03871837820266122
2021-06-09	0	0	0	0.002885972208897636	0.024044180655852898	0.020129509286024083	0.005343016957552127	0.07476256009810567
2021-06-10	0	0	0	0.0011381338371578842	0.018861509131681053	0.016196400850124526	0.003956703876391465	0.04526257517793453
2021-06-11	0	0	1.581600625355506e-6	0.001428059838725737	0.017761850836282678	0.014761848039384518	0.003972425040174921	0.041879881110456374
2021-06-12	0	0	1.581600625355506e-6	0.002490921172071392	0.02362563262928341	0.02636149206598626	0.007755948685001179	0.04179000104687436
2021-06-13	0	0	0	3.8553715972544644e-4	0.013848253531467902	0.007661243663618311	0.001262368393490254	0.017725649664002807
2021-06-14	0	0	0	6.809959388671682e-4	0.015426836823595469	0.011282785311094168	0.002701264207079168	0.02814209436886661
2021-06-15	0	0	0	3.6932410007262106e-4	0.01786155882087792	0.010534182248913337	0.003112301605320722	0.047799088208388296
2021-06-16	0	0	3.16330250171859e-6	8.664877002335647e-4	0.022366495024924937	0.01334418683054217	0.004395359796936171	0.08364575299867893
2021-06-17	0	0	0	0.001368528217370546	0.028801136363963975	0.04760197705488345	0.011989054356088324	0.07170800966243718
2021-06-18	0	0	0	8.184274558751259e-4	0.02364156084985436	0.017846615420491707	0.0041739554760791275	0.04598311163900126
2021-06-19	0	0	0	4.5954279489501815e-4	0.017248275754122577	0.014136117454169428	0.0037778179771670306	0.026632320118726627
2021-06-20	0	0	0	2.910411762415688e-4	0.014891892112673943	0.006497604716763972	0.0017766691383067634	0.02185854904155038
2021-06-21	0	0	0	4.524711825426575e-4	0.008534850920056902	0.004250626957382764	0.001483089888904665	0.0027797317271187616
2021-06-22	0	0	0	2.9682202582881345e-4	0.010444411432543044	0.008183130907863712	0.0017230322099992534	0.03371029601434361
2021-06-23	0	0	0	0.0015332877428255731	0.020020969808013378	0.011919518731698941	0.0031555593887639954	0.0525639419996351
2021-06-24	0	0	0	0.001954144670348157	0.02331291297787841	0.00738851754788894	0.0029862394064481546	0.09975201618315088
2021-06-25	0	0	0	0.0011212643084124174	0.02459698289184553	0.007789438839358009	0.0017965669131683182	0.058082494028131926
2021-06-26	0	0	6.326610006546218e-6	0.00521519957665606	0.027953864637036308	0.009343475131885048	0.003180749291513907	0.08017854996877372
2021-06-27	0	0	0	4.0855172862874767e-4	0.016676940082629876	0.003396423923867742	0.001203512110349969	0.019474615158896702
2021-06-28	0	0	0	0.0015828463506424306	0.01747867602893116	0.00507186094335732	0.001868002358202503	0.06019433963089993
2021-06-29	0	0	1.581600625355506e-6	6.986020111925395e-4	0.017269872120766916	0.005310400087271683	0.0021735210484370437	0.09909358462863826
2021-06-30	0	0	0	0.00213750222894471	0.0250492158030875	0.0069217677170823055	0.002662632402828047	0.075857177858150715
2021-07-01	0	0	1.58170062536378e-6	0.0029075334376729156	0.038963977893317736	0.00731483670901989	0.002730463858220178	0.10846897990014459
2021-07-02	0	0	3.16330250171859e-6	0.004666153246529969	0.03929882950001784	0.0067608773656884225	0.003103277582939157	0.02828998075274769
2021-07-03	0	0	0	0.009167892563513913	0.05266698276848403	0.011299358877762122	0.0035405839336477563	0.137687459098232
2021-07-04	0	0	0	0.004769747623097009	0.02765103493321952	0.004572376657073551	0.001163268298283393	0.047224232022529344
2021-07-05	0	0	0	0.0016321960159586535	0.02570513853679901	0.004963078035897572	0.0020232033379365966	0.04240760115901554
2021-07-06	0	0	0	0.005695048394052771	0.03901686901697188	0.006727605167823558	0.0017814634029640342	0.16760691989955379
2021-07-07	0	0	1.58170062536378e-6	0.011226237099855485	0.039974949139679916	0.006638377012339491	0.0024619953552822427	0.22089426958373282
2021-07-08	0	0	1.58170062536378e-6	0.01696003065999685	0.048422514989476584	0.00859837300458155	0.00271504286443891	0.1602676281589217
2021-07-09	0	0	0	0.016558939620337387	0.046714593306958596	0.007136100984314497	0.0014845009357571382	0.2345303174509057
2021-07-10	0	0	1.58170062536378e-6	0.02775834137902855	0.052160396747206406	0.01201901417543727	0.00378089378946167	0.2111456180001683
2021-07-11	0	0	0	0.019282190719738024	0.02296420872054017	0.003556662461967175	7.460391436009406e-4	0.10703058661794529
2021-07-12	0	0	0	0.014175909099700679	0.027227960457671063	0.0038955638544360127	9.33287756509138e-4	0.1956125693188837
2021-07-13	0	0	0	0.023752383935656596	0.02254411932908096	0.005205704840722136	0.0015571761994290778	0.08763424000532782
2021-07-14	0	0	0	0.030038355703340125	0.0353545968801392	0.00692797922403221	0.0020589297979782817	0.5857864376269049
2021-07-15	0	0	3.16330250171859e-6	0.02645220985150698	0.028640093742393402	0.0052220474448791965	0.0021882871501628376	1.5
2021-07-16	0	0	9.512002261402586e-7	0.023217492995246225	0.07336019972595809	0	0	0
2021-07-17	0	0	1.2640003994590643e-6	0.03164878134007809	0.10592887145176078	0	0	0
2021-07-18	0	0	1.2649003999776198e-6	0.03270542114303576	0.11857321162900414	0	0	0
2021-07-19	0	0	1.2931004180760652e-6	0.03457289120150797	0.13765845237775998	0	0	0
2021-07-20	0	0	1.298100421376347e-6	0.035949552582724476	0.16030964561967642	0	0	0
2021-07-21	0	0	1.2655004004713533e-6	0.05569918993999279	0.13347296831789768	0	0	0
2021-07-22	0	0	1.2409003848912192e-6	0.03772257822702341	0	0	0	0
2021-07-23	0	0	1.139500324542908e-6	0.03596907356324963	0	0	0	0
2021-07-24	0	0	1.1219003146489825e-6	0.03672951430527527	0	0	0	0
2021-07-25	0	0	1.0953003000135908e-6	0.03721821895555588	0	0	0	0
2021-07-26	0	0	1.1416003258268859e-6	0.04030667705377944	0	0	0	0
2021-07-27	0	0	1.1629003380253522e-6	0.042792131632411357	0	0	0	0
2021-07-28	0	0	1.1323003206165083e-6	0.04351740104850399	0	0	0	0
2021-07-29	0	0	9.933002467210628e-7	0.03985681135280328	0	0	0	0
2021-07-30	0	0	7.964001584870317e-7	0.03321197888537064	0	0	0	0
2021-07-31	0	0	7.53100141803742e-7	0.03246890748837217	0	0	0	0
2021-08-01	0	0	7.094001257534899e-7	0.031597266817585457	0	0	0	0
2021-08-02	0	0	8.612001853869344e-7	0.03967934255642769	0	0	0	0
2021-08-03	0	0	8.176001671245103e-7	0.03920674215765407	0	0	0	0
2021-08-04	0	0	8.226001690925244e-7	0.04105689720196315	0	0	0	0
2021-08-05	0	0	7.889001556460329e-7	0.04104212398530627	0	0	0	0
2021-08-06	0	0	6.6080010929781e-7	0.03579016395905388	0	0	0	0
2021-08-07	0	0	6.355001009872296e-7	0.03568057587366913	0	0	0	0
2021-08-08	0	0	5.578000776829128e-7	0.032441218158908436	0	0	0	0
2021-08-09	0	0	7.89300155679129e-7	0.047612138943698534	0	0	0	0
2021-08-10	0	0	7.898001559425438e-7	0.05002667710555575	0	0	0	0
2021-08-11	0	0	7.069001248805051e-7	0.047068736488659724	0	0	0	0
2021-08-12	0	0	6.393001021898215e-7	0.04461541378684286	0	0	0	0
2021-08-13	0	0	6.953001208120924e-7	0.050840222044380434	0	0	0	0
2021-08-14	0	0	6.792001152611249e-7	0.052304982806599565	0	0	0	0
2021-08-15	0	0	6.478001048915161e-7	0.052612632268556725	0	0	0	0
2021-08-16	0	0	8.488001801421063e-7	0.07308452702252666	0	0	0	0
2021-08-17	0	0	8.984002017875525e-7	0.08356509111318888	0	0	0	0
2021-08-18	0	0	7.507001409390313e-7	0.0758988280238484	0	0	0	0
2021-08-19	0	0	7.120001266347487e-7	0.07781270423509468	0	0	0	0
2021-08-20	0	0	7.346001349439746e-7	0.08712737486261268	0	0	0	0
2021-08-21	0	0	7.079001251852901e-7	0.09188777059628905	0	0	0	0
2021-08-22	0	0	5.857000857645289e-7	0.0833446632218926	0	0	0	0
2021-08-23	0	0	0.0027708232653920195	0.10442301132346521	0	0	0	0
2021-08-24	0	0	8.400001763053666e-7	0	0	0	0	0
