2020-02-17	0	0	0	0	0	0	0	0
2020-02-18	0	0	0	0	0	0	0	0
2020-02-19	0	0	0	0	0	0	0	0
2020-02-20	0	0	0	0	0	0	0	0
2020-02-21	0	0	0	0	0	0	0	0
2020-02-22	0	0	0	0	0	0	0	0
2020-02-23	0	0	0	0	0	0	0	0
2020-02-24	0	0	0	0	0	0	0	0
2020-02-25	0	0	0	0	0	0	0	0
2020-02-26	0	0	0	0	0	0	0	0
2020-02-27	0	0	0	0	0	0	0	0
2020-02-28	0	0	0	0	0	0	0	0
2020-02-29	0	0	0	0	0	0	0	0
2020-03-01	0	0	0	0	0	0	0	0
2020-03-02	0	0	0	0	0	0	0	0
2020-03-03	0	0	0	0	0	0	0	0
2020-03-04	0	0	0	0	0	0	0	0
2020-03-05	0	0	0	0	0	0	0	0
2020-03-06	0	0	0	0	0	0	0	0
2020-03-07	0	0	0	0	0	0	0	0
2020-03-08	0	0	0	0	0	0	0	0
2020-03-09	0	0	0	0	0	0	0	0
2020-03-10	0	0	0	0	0	0	0	0
2020-03-11	0	0	0	0	0	0	0	0
2020-03-12	0	0	0	0	0	0	0	0
2020-03-13	0	0	0	0	0	0	0	0
2020-03-14	0	0	0	0	0	0	0	0
2020-03-15	0	0	0	0	0	0	0	0
2020-03-16	0	0	0	0	0	0	0	0
2020-03-17	0	0	0	0	0	0	0	0
2020-03-18	0	0	0	0	0	0	0	0
2020-03-19	0	0	0	0	0	0	0	0
2020-03-20	0	0	0	0	0	0	0	0
2020-03-21	0	0	0	0	0	0	0	0
2020-03-22	0	0	0	0	0	0	0	0
2020-03-23	0	0	0	0	0	0	0	0
2020-03-24	0	0	0	0	0	0	0	0
2020-03-25	0	0	0	0	0	0	0	0
2020-03-26	0	0	0	0	0	0	0	0
2020-03-27	0	0	0	0	0	0	0	0
2020-03-28	0	0	0	0	0	0	0	0
2020-03-29	0	0	0	0	0	0	0	0
2020-03-30	0	0	0	0	0	0	0	0
2020-03-31	0	0	0	0	0	0	0	0
2020-04-01	0	0	0	0	0	0	0	0
2020-04-02	0	0	0	0	0	0	0	0
2020-04-03	0	0	0	0	0	0	0	0
2020-04-04	0	0	0	0	0	0	0	0
2020-04-05	0	0	0	0	0	0	0	0
2020-04-06	0	0	0	0	0	0	0	0
2020-04-07	0	0	0	0	0	0	0	0
2020-04-08	0	0	0	0	0	0	0	0
2020-04-09	0	0	0	0	0	0	0	0
2020-04-10	0	0	0	0	0	0	0	0
2020-04-11	0	0	0	0	0	0	0	0
2020-04-12	0	0	0	0	0	0	0	0
2020-04-13	0	0	0	0	0	0	0	0
2020-04-14	0	0	0	0	0	0	0	0
2020-04-15	0	0	0	0	0	0	0	0
2020-04-16	0	0	0	0	0	0	0	0
2020-04-17	0	0	0	0	0	0	0	0
2020-04-18	0	0	0	0	0	0	0	0
2020-04-19	0	0	0	0	0	0	0	0
2020-04-20	0	0	0	0	0	0	0	0
2020-04-21	0	0	0	0	0	0	0	0
2020-04-22	0	0	0	0	0	0	0	0
2020-04-23	0	0	0	0	0	0	0	0
2020-04-24	0	0	0	0	0	0	0	0
2020-04-25	0	0	0	0	0	0	0	0
2020-04-26	0	0	0	0	0	0	0	0
2020-04-27	0	0	0	0	0	0	0	0
2020-04-28	0	0	0	0	0	0	0	0
2020-04-29	0	0	0	0	0	0	0	0
2020-04-30	0	0	0	0	0	0	0	0
2020-05-01	0	0	0	0	0	0	0	0
2020-05-02	0	0	0	0	0	0	0	0
2020-05-03	0	0	0	0	0	0	0	0
2020-05-04	0	0	0	0	0	0	0	0
2020-05-05	0	0	0	0	0	0	0	0
2020-05-06	0	0	0	0	0	0	0	0
2020-05-07	0	0	0	0	0	0	0	0
2020-05-08	0	0	0	0	0	0	0	0
2020-05-09	0	0	0	0	0	0	0	0
2020-05-10	0	0	0	0	0	0	0	0
2020-05-11	0	0	0	0	0	0	0	0
2020-05-12	0	0	0	0	0	0	0	0
2020-05-13	0	0	0	0	0	0	0	0
2020-05-14	0	0	0	0	0	0	0	0
2020-05-15	0	0	0	0	0	0	0	0
2020-05-16	0	0	0	0	0	0	0	0
2020-05-17	0	0	0	0	0	0	0	0
2020-05-18	0	0	0	0	0	0	0	0
2020-05-19	0	0	0	0	0	0	0	0
2020-05-20	0	0	0	0	0	0	0	0
2020-05-21	0	0	0	0	0	0	0	0
2020-05-22	0	0	0	0	0	0	0	0
2020-05-23	0	0	0	0	0	0	0	0
2020-05-24	0	0	0	0	0	0	0	0
2020-05-25	0	0	0	0	0	0	0	0
2020-05-26	0	0	0	0	0	0	0	0
2020-05-27	0	0	0	0	0	0	0	0
2020-05-28	0	0	0	0	0	0	0	0
2020-05-29	0	0	0	0	0	0	0	0
2020-05-30	0	0	0	0	0	0	0	0
2020-05-31	0	0	0	0	0	0	0	0
2020-06-01	0	0	0	0	0	0	0	0
2020-06-02	0	0	0	0	0	0	0	0
2020-06-03	0	0	0	0	0	0	0	0
2020-06-04	0	0	0	0	0	0	0	0
2020-06-05	0	0	0	0	0	0	0	0
2020-06-06	0	0	0	0	0	0	0	0
2020-06-07	0	0	0	0	0	0	0	0
2020-06-08	0	0	0	0	0	0	0	0
2020-06-09	0	0	0	0	0	0	0	0
2020-06-10	0	0	0	0	0	0	0	0
2020-06-11	0	0	0	0	0	0	0	0
2020-06-12	0	0	0	0	0	0	0	0
2020-06-13	0	0	0	0	0	0	0	0
2020-06-14	0	0	0	0	0	0	0	0
2020-06-15	0	0	0	0	0	0	0	0
2020-06-16	0	0	0	0	0	0	0	0
2020-06-17	0	0	0	0	0	0	0	0
2020-06-18	0	0	0	0	0	0	0	0
2020-06-19	0	0	0	0	0	0	0	0
2020-06-20	0	0	0	0	0	0	0	0
2020-06-21	0	0	0	0	0	0	0	0
2020-06-22	0	0	0	0	0	0	0	0
2020-06-23	0	0	0	0	0	0	0	0
2020-06-24	0	0	0	0	0	0	0	0
2020-06-25	0	0	0	0	0	0	0	0
2020-06-26	0	0	0	0	0	0	0	0
2020-06-27	0	0	0	0	0	0	0	0
2020-06-28	0	0	0	0	0	0	0	0
2020-06-29	0	0	0	0	0	0	0	0
2020-06-30	0	0	0	0	0	0	0	0
2020-07-01	0	0	0	0	0	0	0	0
2020-07-02	0	0	0	0	0	0	0	0
2020-07-03	0	0	0	0	0	0	0	0
2020-07-04	0	0	0	0	0	0	0	0
2020-07-05	0	0	0	0	0	0	0	0
2020-07-06	0	0	0	0	0	0	0	0
2020-07-07	0	0	0	0	0	0	0	0
2020-07-08	0	0	0	0	0	0	0	0
2020-07-09	0	0	0	0	0	0	0	0
2020-07-10	0	0	0	0	0	0	0	0
2020-07-11	0	0	0	0	0	0	0	0
2020-07-12	0	0	0	0	0	0	0	0
2020-07-13	0	0	0	0	0	0	0	0
2020-07-14	0	0	0	0	0	0	0	0
2020-07-15	0	0	0	0	0	0	0	0
2020-07-16	0	0	0	0	0	0	0	0
2020-07-17	0	0	0	0	0	0	0	0
2020-07-18	0	0	0	0	0	0	0	0
2020-07-19	0	0	0	0	0	0	0	0
2020-07-20	0	0	0	0	0	0	0	0
2020-07-21	0	0	0	0	0	0	0	0
2020-07-22	0	0	0	0	0	0	0	0
2020-07-23	0	0	0	0	0	0	0	0
2020-07-24	0	0	0	0	0	0	0	0
2020-07-25	0	0	0	0	0	0	0	0
2020-07-26	0	0	0	0	0	0	0	0
2020-07-27	0	0	0	0	0	0	0	0
2020-07-28	0	0	0	0	0	0	0	0
2020-07-29	0	0	0	0	0	0	0	0
2020-07-30	0	0	0	0	0	0	0	0
2020-07-31	0	0	0	0	0	0	0	0
2020-08-01	0	0	0	0	0	0	0	0
2020-08-02	0	0	0	0	0	0	0	0
2020-08-03	0	0	0	0	0	0	0	0
2020-08-04	0	0	0	0	0	0	0	0
2020-08-05	0	0	0	0	0	0	0	0
2020-08-06	0	0	0	0	0	0	0	0
2020-08-07	0	0	0	0	0	0	0	0
2020-08-08	0	0	0	0	0	0	0	0
2020-08-09	0	0	0	0	0	0	0	0
2020-08-10	0	0	0	0	0	0	0	0
2020-08-11	0	0	0	0	0	0	0	0
2020-08-12	0	0	0	0	0	0	0	0
2020-08-13	0	0	0	0	0	0	0	0
2020-08-14	0	0	0	0	0	0	0	0
2020-08-15	0	0	0	0	0	0	0	0
2020-08-16	0	0	0	0	0	0	0	0
2020-08-17	0	0	0	0	0	0	0	0
2020-08-18	0	0	0	0	0	0	0	0
2020-08-19	0	0	0	0	0	0	0	0
2020-08-20	0	0	0	0	0	0	0	0
2020-08-21	0	0	0	0	0	0	0	0
2020-08-22	0	0	0	0	0	0	0	0
2020-08-23	0	0	0	0	0	0	0	0
2020-08-24	0	0	0	0	0	0	0	0
2020-08-25	0	0	0	0	0	0	0	0
2020-08-26	0	0	0	0	0	0	0	0
2020-08-27	0	0	0	0	0	0	0	0
2020-08-28	0	0	0	0	0	0	0	0
2020-08-29	0	0	0	0	0	0	0	0
2020-08-30	0	0	0	0	0	0	0	0
2020-08-31	0	0	0	0	0	0	0	0
2020-09-01	0	0	0	0	0	0	0	0
2020-09-02	0	0	0	0	0	0	0	0
2020-09-03	0	0	0	0	0	0	0	0
2020-09-04	0	0	0	0	0	0	0	0
2020-09-05	0	0	0	0	0	0	0	0
2020-09-06	0	0	0	0	0	0	0	0
2020-09-07	0	0	0	0	0	0	0	0
2020-09-08	0	0	0	0	0	0	0	0
2020-09-09	0	0	0	0	0	0	0	0
2020-09-10	0	0	0	0	0	0	0	0
2020-09-11	0	0	0	0	0	0	0	0
2020-09-12	0	0	0	0	0	0	0	0
2020-09-13	0	0	0	0	0	0	0	0
2020-09-14	0	0	0	0	0	0	0	0
2020-09-15	0	0	0	0	0	0	0	0
2020-09-16	0	0	0	0	0	0	0	0
2020-09-17	0	0	0	0	0	0	0	0
2020-09-18	0	0	0	0	0	0	0	0
2020-09-19	0	0	0	0	0	0	0	0
2020-09-20	0	0	0	0	0	0	0	0
2020-09-21	0	0	0	0	0	0	0	0
2020-09-22	0	0	0	0	0	0	0	0
2020-09-23	0	0	0	0	0	0	0	0
2020-09-24	0	0	0	0	0	0	0	0
2020-09-25	0	0	0	0	0	0	0	0
2020-09-26	0	0	0	0	0	0	0	0
2020-09-27	0	0	0	0	0	0	0	0
2020-09-28	0	0	0	0	0	0	0	0
2020-09-29	0	0	0	0	0	0	0	0
2020-09-30	0	0	0	0	0	0	0	0
2020-10-01	0	0	0	0	0	0	0	0
2020-10-02	0	0	0	0	0	0	0	0
2020-10-03	0	0	0	0	0	0	0	0
2020-10-04	0	0	0	0	0	0	0	0
2020-10-05	0	0	0	0	0	0	0	0
2020-10-06	0	0	0	0	0	0	0	0
2020-10-07	0	0	0	0	0	0	0	0
2020-10-08	0	0	0	0	0	0	0	0
2020-10-09	0	0	0	0	0	0	0	0
2020-10-10	0	0	0	0	0	0	0	0
2020-10-11	0	0	0	0	0	0	0	0
2020-10-12	0	0	0	0	0	0	0	0
2020-10-13	0	0	0	0	0	0	0	0
2020-10-14	0	0	0	0	0	0	0	0
2020-10-15	0	0	0	0	0	0	0	0
2020-10-16	0	0	0	0	0	0	0	0
2020-10-17	0	0	0	0	0	0	0	0
2020-10-18	0	0	0	0	0	0	0	0
2020-10-19	0	0	0	0	0	0	0	0
2020-10-20	0	0	0	0	0	0	0	0
2020-10-21	0	0	0	0	0	0	0	0
2020-10-22	0	0	0	0	0	0	0	0
2020-10-23	0	0	0	0	0	0	0	0
2020-10-24	0	0	0	0	0	0	0	0
2020-10-25	0	0	0	0	0	0	0	0
2020-10-26	0	0	0	0	0	0	0	0
2020-10-27	0	0	0	0	0	0	0	0
2020-10-28	0	0	0	0	0	0	0	0
2020-10-29	0	0	0	0	0	0	0	0
2020-10-30	0	0	0	0	0	0	0	0
2020-10-31	0	0	0	0	0	0	0	0
2020-11-01	0	0	0	0	0	0	0	0
2020-11-02	0	0	0	0	0	0	0	0
2020-11-03	0	0	0	0	0	0	0	0
2020-11-04	0	0	0	0	0	0	0	0
2020-11-05	0	0	0	0	0	0	0	0
2020-11-06	0	0	0	0	0	0	0	0
2020-11-07	0	0	0	0	0	0	0	0
2020-11-08	0	0	0	0	0	0	0	0
2020-11-09	0	0	0	0	0	0	0	0
2020-11-10	0	0	0	0	0	0	0	0
2020-11-11	0	0	0	0	0	0	0	0
2020-11-12	0	0	0	0	0	0	0	0
2020-11-13	0	0	0	0	0	0	0	0
2020-11-14	0	0	0	0	0	0	0	0
2020-11-15	0	0	0	0	0	0	0	0
2020-11-16	0	0	0	0	0	0	0	0
2020-11-17	0	0	0	0	0	0	0	0
2020-11-18	0	0	0	0	0	0	0	0
2020-11-19	0	0	0	0	0	0	0	0
2020-11-20	0	0	0	0	0	0	0	0
2020-11-21	0	0	0	0	0	0	0	0
2020-11-22	0	0	0	0	0	0	0	0
2020-11-23	0	0	0	0	0	0	0	0
2020-11-24	0	0	0	0	0	0	0	0
2020-11-25	0	0	0	0	0	0	0	0
2020-11-26	0	0	0	0	0	0	0	0
2020-11-27	0	0	0	0	0	0	0	0
2020-11-28	0	0	0	0	0	0	0	0
2020-11-29	0	0	0	0	0	0	0	0
2020-11-30	0	0	0	0	0	0	0	0
2020-12-01	0	0	0	0	0	0	0	0
2020-12-02	0	0	0	0	0	0	0	0
2020-12-03	0	0	0	0	0	0	0	0
2020-12-04	0	0	0	0	0	0	0	0
2020-12-05	0	0	0	0	0	0	0	0
2020-12-06	0	0	0	0	0	0	0	0
2020-12-07	0	0	0	0	0	0	0	0
2020-12-08	0	0	0	0	0	0	0	0
2020-12-09	0	0	0	0	0	0	0	0
2020-12-10	0	0	0	0	0	0	0	0
2020-12-11	0	0	0	0	0	0	0	0
2020-12-12	0	0	0	0	0	0	0	0
2020-12-13	0	0	0	0	0	0	0	0
2020-12-14	0	0	0	0	0	0	0	0
2020-12-15	0	0	0	0	0	0	0	0
2020-12-16	0	0	0	0	0	0	0	0
2020-12-17	0	0	0	0	0	0	0	0
2020-12-18	0	0	0	0	0	0	0	0
2020-12-19	0	0	0	0	0	0	0	0
2020-12-20	0	0	0	0	0	0	0	0
2020-12-21	0	0	0	0	0	0	0	0
2020-12-22	0	0	0	0	0	0	0	0
2020-12-23	0	0	0	0	0	0	0	0
2020-12-24	0	0	0	0	0	0	0	0
2020-12-25	0	0	0	0	0	0	0	0
2020-12-26	0	0	0	0	0	0	0	0
2020-12-27	0	0	0	0	0	0	0	0
2020-12-28	0	0	0	0	0	0	0	0
2020-12-29	0	0	0	0	0	0	0	0
2020-12-30	0	0	0	0	0	0	0	0
2020-12-31	0	0	0	0	0	0	0	0
2021-01-01	0	0	0	0	0	0	0	0
2021-01-02	0	0	0	0	0	0	0	0
2021-01-03	0	0	0	0	0	0	0	0
2021-01-04	0	0	0	0	0	0	0	0
2021-01-05	0	0	0	0	0	0	0	0
2021-01-06	0	0	0	0	0	0	0	0
2021-01-07	0	0	0	0	0	0	0	0
2021-01-08	0	0	0	0	0	0	0	0
2021-01-09	0	0	0	0	0	0	0	0
2021-01-10	0	0	0	0	0	0	0	0
2021-01-11	0	0	0	0	0	0	0	0
2021-01-12	0	0	0	0	0	0	0	0
2021-01-13	0	0	0	0	0	0	0	0
2021-01-14	0	0	0	0	0	0	0	0
2021-01-15	0	0	0	0	0	0	0	0
2021-01-16	0	0	0	0	0	0	0	0
2021-01-17	0	0	0	0	0	0	0	0
2021-01-18	0	0	0	0	0	0	0	0
2021-01-19	0	0	0	0.003629401115551989	0.006449512392316059	0.006139692154170762	0.0025686774780788735	7.65363836754851e-4
2021-01-20	0	0	0	0.005761625222978184	0.007476281427352127	0.006957994928530997	0.004731245948901508	6.948165429223607e-4
2021-01-21	0	0	0	0.004910995748166336	0.0067066902587695765	0.0054238826009249674	0.0048071740004371755	7.500299597988924e-4
2021-01-22	0	0	0	2.7557699062952246e-4	0.0012699925874821716	7.681545371267529e-4	1.936202144039445e-4	8.499588832311389e-6
2021-01-23	0	0	0	0.0037071394243815003	0.007131643056370152	0.006888608766753013	0.004021574309539755	0.0012041287859707595
2021-01-24	0	0	0	0.006609907490833011	0.005087064607569136	0.005661488337023846	0.003912158098150931	6.788908101604818e-4
2021-01-25	0	0	0	0.011387640522269038	0.0097735793590501	0.011731626871891887	0.006295923282189975	0.002293059355525928
2021-01-26	0	0	0	0.016572614538556074	0.015426275070535178	0.017699042061695813	0.015694544850189063	0.04541239697627475
2021-01-27	0	0	0	0.015040265753533122	0.01522938683432562	0.020065685937772804	0.025828627806334437	0.09238104141829484
2021-01-28	0	0	0	0.01895028917041164	0.01965327729911781	0.02522709985555882	0.02145342790242477	0.09176093434242394
2021-01-29	0	0	0	0.01951606189381483	0.02520546485519004	0.029818035161543577	0.028756794408899333	0.08246820900400587
2021-01-30	0	0	0	0.01718728397046987	0.01758148704493845	0.020801902858482046	0.022326471380315294	0.097502444660438
2021-01-31	0	0	0	0.013952704386324344	0.01336313336470396	0.018557489892678802	0.025070930998734253	0.03519934338133779
2021-02-01	0	0	0	0.005559696568750105	0.00811165083801546	0.008242022122734394	0.0071348798366805966	0.008909042732605288
2021-02-02	0	0	0	0.0029635792589044474	0.005062017734906332	0.006915603141574467	0.0033772530918803056	0.009148075725281313
2021-02-03	0	0	0	0.0038363206677154427	0.007873491614985406	0.008514268111395218	0.005713669514485709	0.008272461621892324
2021-02-04	0	0	0	0.002287675898835495	0.0029253188224502846	0.0038287889643109363	0.00391333312649178	0.0023869777546936533
2021-02-05	0	0	0	8.589958734930292e-4	0.0020321106484044726	0.0016665526882464476	8.070916781215409e-4	2.873343497551417e-4
2021-02-06	0	0	0	1.5213174631223403e-4	2.5341476496132387e-4	4.122238802894973e-4	3.170110407686444e-4	8.90924516863123e-5
2021-02-07	0	0	0	2.1071485071377793e-4	1.1906817258777735e-4	2.7031045278813615e-4	8.313415778293809e-5	0
2021-02-08	0	0	0	6.714338659019603e-4	6.789628175827289e-4	7.750672487700783e-4	2.7840474218376876e-4	2.2376840040672086e-4
2021-02-09	0	0	0	1.8880689816591634e-4	2.075023008305532e-4	4.955728898596856e-4	2.6384975755822104e-4	3.6672326284503676e-4
2021-02-10	0	0	0	2.362948968548384e-4	2.3708834974445203e-4	4.3655527231778457e-4	4.038092715383801e-4	1.1892485680853326e-4
2021-02-11	0	0	0	2.75031286109062e-4	4.969876292706399e-4	3.9837257821329075e-4	2.0529514897660306e-4	5.7992026108566463e-5
2021-02-12	0	0	0	5.089641308364534e-5	2.2822348630890943e-4	3.9977805824631396e-4	2.2241580703763475e-4	3.701573830205973e-5
2021-02-13	0	0	0	0	1.8830054520502237e-4	2.825130836914269e-4	5.933280264747154e-5	4.291932478861504e-5
2021-02-14	0	0	0	1.3284181875117262e-4	4.5573659017073e-4	6.197876464735241e-4	7.6813470038406e-5	1.307370409642239e-5
2021-02-15	0	0	0	5.15176241749904e-4	6.74486764524751e-4	4.6167095905724764e-4	1.2707242788234652e-4	3.610585600122285e-5
2021-02-16	0	0	0	1.64717509750556e-4	2.4631489913673477e-4	2.8103138657087356e-4	6.661803551932799e-5	2.4831199575414686e-5
2021-02-17	0	0	0	2.3676578028219986e-4	2.3773615828059924e-4	3.037377711290201e-4	7.314530927682306e-5	2.2146108954457233e-5
2021-02-18	0	0	0	7.566729094898861e-5	5.878368091303265e-4	9.356974381726779e-4	2.2188446544202378e-4	3.728061462315857e-5
2021-02-19	0	0	0	2.538692402309639e-4	7.32983231695572e-4	9.835259999730894e-4	4.228236307326494e-4	6.93524496384601e-5
2021-02-20	0	0	0	6.198240537274025e-4	8.460628712450013e-4	0.001104116050074655	3.074628310149041e-4	8.942485357854579e-5
2021-02-21	0	0	0	1.975146083328383e-4	4.7373795913752126e-4	4.854958197515469e-4	1.8364889196020862e-4	1.3235172471093293e-5
2021-02-22	0	0	0	2.578150187957373e-4	3.3291300679905156e-4	5.636502098802509e-4	1.1278301496764342e-4	3.844595060376044e-5
2021-02-23	0	0	0	1.5694768173202256e-4	5.590015481731214e-4	6.090314241491424e-4	5.02479597312977e-5	2.3579261097639304e-5
2021-02-24	0	0	0	3.9658631099381836e-4	9.001737791296538e-4	9.768840108368426e-4	1.8547306653693418e-4	2.590705546341443e-4
2021-02-25	0	0	0	1.1826621735844256e-4	6.198341215499781e-4	7.186910199576957e-4	1.2690704283402354e-4	1.611036514628239e-4
2021-02-26	0	0	0	4.009680554679651e-4	7.514987541066276e-4	8.966794673637146e-4	1.2385547535043173e-4	7.505608568658673e-5
2021-02-27	0	0	0	1.3865490889708454e-4	1.7141158856759375e-4	1.7077361426998117e-4	3.4981797542466e-5	2.520472351452696e-5
2021-02-28	0	0	0	2.6610075906319253e-5	3.7288338741170435e-5	5.7377284344850565e-5	1.8886441895960004e-5	1.4665751035813912e-6
2021-03-01	0	0	0	5.504479046345434e-4	8.975848335066594e-4	8.048763882979593e-4	6.305508178239272e-5	2.3347711633148194e-5
2021-03-02	0	0	0	5.147475248685751e-4	0.0010696224145594346	0.0011038297023071575	8.238545923666685e-5	3.338785473472328e-5
2021-03-03	0	0	0	9.299812621470505e-4	0.0015201420995418768	0.0012521574995056906	1.0717205223031989e-4	2.1659046894217937e-5
2021-03-04	0	0	0	7.841407834054959e-4	0.0012105998043017152	0.001192975205635216	1.3017363956913108e-4	4.970860919251141e-4
2021-03-05	0	0	0	6.915340936295422e-4	0.0012406347815534513	0.0011721018786987614	1.7313833973964243e-4	5.492517264114039e-4
2021-03-06	0	0	0	3.4709969543067487e-4	6.289791658415922e-4	6.931858377550171e-4	8.671605439092289e-5	1.850861829297834e-4
2021-03-07	0	0	0	6.707320483245738e-5	1.288161794457121e-4	3.065014468384142e-4	2.726146916187666e-5	1.4180223551374382e-5
2021-03-08	0	0	0	1.5439842536602022e-4	1.7738460086391683e-4	1.9825226516512195e-4	2.6465250543283858e-5	3.1158141022169517e-5
2021-03-09	0	0	0	8.455055796403599e-4	8.198952625968481e-4	8.885229437298747e-4	9.791313228091347e-5	6.504741038781958e-5
2021-03-10	0	0	0	5.725767661781678e-4	6.709974697525212e-4	6.522032997879901e-4	6.396789976115258e-5	2.7961145442101376e-4
2021-03-11	0	0	0	3.694770904416611e-4	6.421044180469071e-4	6.327252573696818e-4	9.4235163903722e-5	7.333528896569241e-5
2021-03-12	0	0	0	3.35843933717328e-4	5.669248753588096e-4	5.091623619737362e-4	5.0438147332965144e-5	7.744643613771807e-5
2021-03-13	0	0	0	1.5371313309264778e-4	1.7187470365875868e-4	1.9923338507976673e-4	1.87514105418618e-5	1.6881911032662344e-5
2021-03-14	0	0	0	2.423124068184901e-4	2.870236246856894e-4	2.314669017764448e-4	9.223168731642417e-6	5.622470766741827e-6
2021-03-15	0	0	0	0.0013835534070185673	0.002146663707487839	0.0012841818804656402	9.173404209250613e-5	3.7944837344872084e-5
2021-03-16	0	0	0	0.0011841920522241978	0.00204046726434437	0.0011220783587049254	1.169597484025342e-4	4.958312676737187e-4
2021-03-17	0	0	0	0.0017776833192855168	0.002603420075835805	0.0019070861247654225	2.0692471690786363e-4	5.939049061760571e-4
2021-03-18	0	0	0	0.0021492163719751822	0.0031091685733755092	0.0018962186715210105	1.8048947001436666e-4	7.354850730487694e-4
2021-03-19	0	0	0	0.002127072538885999	0.002716541872741729	0.0017097187772048272	1.7570435517133554e-4	3.7171970831750833e-4
2021-03-20	0	0	0	0.0010617856971484319	0.0017464796232486979	0.0011471445626887178	1.4152498150887816e-4	8.73534846527857e-4
2021-03-21	0	0	0	6.092267530961593e-4	9.308600309385628e-4	5.422549307647628e-4	5.175093753240212e-5	9.003974406516235e-4
2021-03-22	0	0	0	8.104518601710353e-4	0.0014180819595042138	9.219560438731289e-4	9.08261312158043e-5	4.911877484843341e-4
2021-03-23	0	0	0	0.0022776422634278592	0.0029881296066405216	0.0019412655902006914	2.888988195925979e-4	0.005556553904259021
2021-03-24	0	0	0	0.002810839388541986	0.003421237078857775	0.002322440115143598	3.6013325222183923e-4	0.007499483241062643
2021-03-25	0	0	0	0.0029159554083351136	0.0036639528148156852	0.002502178645748643	3.5929372886944755e-4	0.0062991386340867095
2021-03-26	0	0	0	0.002811774790261179	0.003585243151555506	0.0020471578974170512	3.6933005786821127e-4	0.001526266144124655
2021-03-27	0	0	0	0.001982470186961738	0.002090260243488684	0.0013404096370912555	2.6840947557937866e-4	0.001436975416996944
2021-03-28	0	0	0	0.0010705922480076513	0.0015188351992765359	8.24376425720974e-4	1.1206766967997162e-4	5.7222887450025794e-5
2021-03-29	0	0	0	0.0025210149803873705	0.0037476197776409315	0.0021355802219253928	3.322775118008714e-4	0.0011103528372109484
2021-03-30	0	0	0	0.00381293246367842	0.005105105191219428	0.0031042722557315106	5.039454255395537e-4	0.005159190277900683
2021-03-31	0	0	0	0.004790111702150934	0.0058492274366384045	0.0035380699147942174	5.983689174338114e-4	0.01007646636727677
2021-04-01	0	0	0	0.002997857566486184	0.00489467141261124	0.0026765572704354756	4.598406406819411e-4	0.00781346233807323
2021-04-02	0	0	0	0.00443879897443078	0.005847792043542688	0.0033387861774449856	5.939708491309315e-4	0.010682412637303962
2021-04-03	0	0	0	0.0030737625880572494	0.003925998780146545	0.0022755564016121443	5.437090035806946e-4	0.0060515138246437505
2021-04-04	0	0	0	0.0017177457155954645	0.0022809754687729278	0.0010856362688307364	1.553105765856877e-4	2.736686183324455e-4
2021-04-05	0	0	0	0.0028297592460619914	0.004435277595806308	0.0022345518928372776	4.307466016053585e-4	2.528796682210732e-4
2021-04-06	0	0	0	0.004438863732111331	0.006145605356501216	0.0032046401555914095	8.331384440998235e-4	0.0043554269436612
2021-04-07	0	0	0	0.006785430924643565	0.008420950124840454	0.004148343961901002	0.0011639922342021602	0.008808251727417282
2021-04-08	0	0	0	0.007133617322278685	0.007938555771779265	0.0038818280837886743	0.0011195141709672285	0.011642618588323161
2021-04-09	0	0	0	0.00537958259175797	0.0068836537986374235	0.003301533873608653	0.0010907762350531591	0.008874801174779456
2021-04-10	0	0	0	0.004503301584694697	0.004780625167865038	0.002233681852868541	0.0010285066027231338	0.00563479549175816
2021-04-11	0	0	0	0.0031371557162040986	0.004514350681455337	0.0018672536093173875	8.518789909301994e-4	0.0017302457870116417
2021-04-12	0	0	0	0.0058129000079192306	0.007997868813941045	0.0032098267836317973	0.0012734753656789	0.003833319311071337
2021-04-13	0	0	0	0.008867912437888537	0.011026600738154091	0.004624465539829092	0.0028642794905646696	0.017797936249374535
2021-04-14	0	0	0	0.008998200333419692	0.011357294870801837	0.004662108703771262	0.003929588974128206	0.033351441033676155
2021-04-15	0	0	0	0.010714743242026703	0.012631144140649697	0.005425727943992431	0.005168803600680505	0.03705346288423583
2021-04-16	0	0	0	0.01060239999261614	0.011706717879533368	0.005316857207049219	0.004757457408786969	0.033792925056304934
2021-04-17	0	0	0	0.008587869517782787	0.009479086059094533	0.004319495949513419	0.0064920416060427755	0.04061572180759998
2021-04-18	0	0	0.03361583949964997	0.004507756834055687	0.005640627375540941	0.0022217079516417826	0.002514585890471155	0.012288497845547308
2021-04-19	0	0	0	0.008279090708236403	0.009341392623390066	0.003659949150103259	0.0024259836182802808	0.01450149684228208
2021-04-20	0	0	0	0.00976974847279255	0.011676284195983211	0.004702207869006214	0.004700777758209318	0.034129805797870505
2021-04-21	0	0	0	0.011327469798623424	0.011882872791082688	0.005168663082538272	0.0069768438654209675	0.05850967435146126
2021-04-22	0	0.2111456180001683	0	0.011923527132089218	0.01248201539556315	0.005746542974607749	0.00805663261699685	0.07622025531468135
2021-04-23	0	0	0	0.00549054779090441	0.006344521006314441	0.0030031638995267063	0.004930743218424238	0.04416903295239738
2021-04-24	0	0	0	0.005096690440282936	0.005528662957438035	0.0026684325965884437	0.004356709225640909	0.02951331371842425
2021-04-25	0	0	0	0.001501865661770685	0.0016360280862706134	5.353205031262132e-4	2.9062156841042075e-4	0.0016252449377538447
2021-04-26	0	0	0	0.0038729021466636926	0.0037068797226469385	0.001240087636004139	7.005036886367222e-4	0.002870616941141657
2021-04-27	0	0	0	0.007804264781554604	0.008300862940867848	0.003523048734858536	0.0057542730826753985	0.018099373567017407
2021-04-28	0	0	0	0.012062107533001853	0.011775641714915075	0.005394051328785343	0.009787191135524731	0.07989004967105351
2021-04-29	0	0	0	0.01222934522241137	0.012189770994929683	0.005733674430538294	0.012657017572920148	0.08631887001081107
2021-04-30	0	0.2679491924311228	0	0.01225670554059799	0.012445488690427275	0.005712424963992824	0.016287665313349242	0.09230804605446452
2021-05-01	0	0	0	0.013999247976175688	0.013223332984629632	0.006397399224376432	0.0286729031694255	0.11241816612428113
2021-05-02	0	0	0	0.005387481932950244	0.005099447360261911	0.0022513255832812273	0.006960430745479584	0.03442951546314177
2021-05-03	0	0	0	0.007532011642953584	0.006858481990087428	0.0028864254344671547	0.00488543212882564	0.02572578819265159
2021-05-04	0	0	0	0.010048859172831826	0.00957695789129609	0.0047039657998873	0.012735310974604008	0.03960507410192293
2021-05-05	0	0	0	0.00962181003984064	0.0087278434544511	0.004066045038836119	0.016307710983040735	0.05149692525775884
2021-05-06	0	0	0.026491235868139507	0.009800520564531068	0.00908516779304458	0.004579580821087115	0.02178005814104389	0.09101817179584493
2021-05-07	0	0	0	0.012139670981445638	0.010351053553038891	0.0054514620940173675	0.02994744271063965	0.14567869463377514
2021-05-08	0	0	0.054804949681450665	0.013276620271883255	0.0119892169041671	0.0076193282365890624	0.04368659576097289	0.17123686092711754
2021-05-09	0	0	0	0.0059922816766389	0.004905094375206254	0.0029101699663192093	0.017110267376830857	0.060234674300244206
2021-05-10	0	0	0	0.0069836618863114985	0.006294245404201426	0.0028441486571983976	0.01570101063812257	0.0676639576742073
2021-05-11	0	0	0	0.008841502710597027	0.00856338320287886	0.0046252972880649335	0.025623466043870557	0.09238439541394139
2021-05-12	0	0	0	0.009698999048263213	0.009317402559739785	0.005129939260988037	0.036183520337283115	0.10892279246938474
2021-05-13	0	0	0	0.010627554388162652	0.009945758393922866	0.005921055874633874	0.04748348611930897	0.09343965008665478
2021-05-14	0	0	0	0.011610551810929515	0.010650363033889887	0.006386926010718108	0.0613502184805208	0.11435896462675355
2021-05-15	0	0	0	0.014823366602200405	0.013435541747827129	0.009776015605550192	0.08790213865016949	0.14680660903719178
2021-05-16	0.36700683814454793	0	0.02797340563346129	0.006635182475246859	0.0060251455376492125	0.004550462467978855	0.039881262901249714	0.08156754302100233
2021-05-17	0	0	0	0.007932511914487073	0.0069348381017670935	0.00411315849621352	0.04703511366741653	0.08368062315789238
2021-05-18	0	0	0.028778478781675387	0.0077026500471839565	0.007485194023637343	0.005486302328760351	0.05927182061482905	0.08598337091516695
2021-05-19	0	0	0	0.010141833507096853	0.008696919852994034	0.006496824132108614	0.0816602824924364	0.11612991663576677
2021-05-20	0	0	0	0.013825978412823181	0.013059956359097402	0.010058224996889242	0.11045146278395723	0.12980848042411286
2021-05-21	0	0	0	0.013786721322202933	0.01337676419367484	0.00979233679354019	0.09595527162501027	0.11054832630672862
2021-05-22	0	0	0	0.016277904925661613	0.012551714557476279	0.01090184169129671	0.0980332913517099	0.0839946440589443
2021-05-23	0	0	0	0.007576659791912466	0.005887131950019997	0.004445278502166694	0.04738845802793734	0.04689359539508442
2021-05-24	0	0	0	0.004403573273093375	0.00327165416499553	0.002565779346229702	0.045062671283244926	0.02360987031530204
2021-05-25	0	0	0	0.008211869829119145	0.0076197851557622265	0.005522472558892044	0.06470170477274428	0.05661870460280838
2021-05-26	0	0	0.027212152335712503	0.013469901962929631	0.010671363872986728	0.011777117511002189	0.09659585724863962	0.06652138562672327
2021-05-27	0	0	0.02797340563346129	0.018650941080762706	0.014114372512838091	0.015084639079065987	0.12009509410198804	0.08383452611653963
2021-05-28	0	0	0	0.02048026609607634	0.014984021723695173	0.016075846431495178	0.13242323044355508	0.07823981971280447
2021-05-29	0	0	0.028778478781675387	0.027942563080156413	0.0219476963812395	0.02329740302013872	0.13231762977385353	0.06901725064179054
2021-05-30	0	0	0	0.009931819584634072	0.007701614845702531	0.005852567538977338	0.06230104430837802	0.02053114748035889
2021-05-31	0	0	0	0.00884085205366758	0.007338115460972405	0.007023950770866927	0.0657643761116411	0.026537108980437596
2021-06-01	0	0	0	0.016812898831739975	0.012157388493079235	0.015275510997621478	0.09528073809039017	0.05121973658630763
2021-06-02	0	0	0.31966389916638827	0.026844083103841454	0.018246418230077444	0.02389645492139225	0.11486179076021497	0.07685147256481839
2021-06-03	0	0	0.03603898787606852	0.032479775537270994	0.020776659763892313	0.02452629126262651	0.12476870454145939	0.05936268925243082
2021-06-04	0	0	0	0.023169508764691038	0.015368510963727156	0.020087645931829545	0.11112520373312118	0.051494532788684655
2021-06-05	0	0	0.07275177668113697	0.03148448630826084	0.02140803229546795	0.027099630688481202	0.104063715789662	0.04632218368185259
2021-06-06	0	0	0	0.011458388876921077	0.008161266543012413	0.011660750366201844	0.04854862028085094	0.014645059127931015
2021-06-07	0	0	0	0.010068365129458634	0.008125196579444438	0.015784474237105606	0.06897736040722813	0.02719563924772328
2021-06-08	0	0	0	0.012461864604921047	0.008754509426209145	0.01846306435325218	0.06824769367734218	0.03602263100765346
2021-06-09	0	0	0.037386474149367244	0.01713140990199813	0.010509933115720793	0.023821754045923127	0.06986475552694582	0.04537763697054298
2021-06-10	0	0	0.034785262237930104	0.02268692902101277	0.013431045939527042	0.029494882347288698	0.08547445722169056	0.04269036194867004
2021-06-11	0	0	0	0.02568133632970948	0.01545917884634962	0.03519914907270416	0.08760337805095464	0.04329241367700698
2021-06-12	0	0	0.03603898787606852	0.03826622175505845	0.021362333372565434	0.05457579588782946	0.10124000873680039	0.0393941368220696
2021-06-13	0	0	0	0.01548340157173822	0.008503112497178389	0.02422763335289768	0.038868517692782545	0.015356754595138966
2021-06-14	0	0	0	0.014667714908181306	0.008490294209614113	0.02921451660441754	0.05189572690047006	0.020176273817548385
2021-06-15	0	0	0	0.019341126612309578	0.010458248384225044	0.038163428803003496	0.06170860852012394	0.03167436646054256
2021-06-16	0	0	0	0.02050422544779429	0.009364474160611369	0.037392537669222126	0.06135066956335189	0.040044971408861985
2021-06-17	0	0	0.03603898787606852	0.024606032363856833	0.012001265379534498	0.04178779745912231	0.06818702964639667	0.03866197537322824
2021-06-18	0	0	0	0.025852646080164243	0.012763719155052033	0.0476884443119483	0.0680544669409735	0.03567444911942963
2021-06-19	0	0	0	0.03008790502361247	0.012468972012589896	0.054821899318025835	0.06562292731025265	0.02623461386140291
2021-06-20	0	0	0	0.012184687136053807	0.005334189255417732	0.030888122571440357	0.03541577871993962	0.01029427683543549
2021-06-21	0	0	0	0.010165519967462622	0.004396613769197533	0.026091366019417528	0.0293530118945593	0.006056722957339611
2021-06-22	0	0	0	0.014662077968444098	0.006659136225737106	0.046932929573461735	0.039394158844980653	0.020760649206826853
2021-06-23	0	0	0	0.018507931584347048	0.007872092399890063	0.04571194100716691	0.043138899779272766	0.02683767621883848
2021-06-24	0	0	0.034785262237930104	0.026597010099886242	0.010431429543190651	0.05733005321637186	0.05503047412223783	0.024433344918688427
2021-06-25	0	0	0	0.023068322762259008	0.009886087330318372	0.05602700199062771	0.04787018597358372	0.021092733677106512
2021-06-26	0	0	0	0.03584434087234922	0.013839080133582593	0.0745454874966529	0.05478554355366616	0.025066502678994018
2021-06-27	0	0	0.03149803149704722	0.01667337714612782	0.006093809761773317	0.04006092021369434	0.024154693134434524	0.008446885263142079
2021-06-28	0	0	0	0.016581294430313864	0.006802986799478106	0.05375654526231388	0.03292054539473499	0.019869283698244145
2021-06-29	0	0	0	0.019514744185844313	0.008057762600893081	0.04962848004988718	0.034402224073266874	0.023479697086805196
2021-06-30	0	0	0.03252249264814111	0.020676571156161616	0.009169412881909755	0.052697428657809464	0.03810065267123108	0.027798772166344632
2021-07-01	0	0	0	0.022837891891502426	0.010346718407292066	0.05598864630183664	0.043043974950114805	0.028099289045824483
2021-07-02	0	0	0.03149803149704722	0.022851196789207773	0.009861064419578458	0.05644945263182022	0.03570160695611757	0.019357772161829878
2021-07-03	0	0	0.06350832689629149	0.027402509165665556	0.011553105892497584	0.06731878227100374	0.043463229968375705	0.02125946158199654
2021-07-04	0	0	0	0.011503617991435178	0.005366787440238774	0.03543840141164978	0.01560431409070473	0.008571694781415173
2021-07-05	0	0	0	0.012588656712862578	0.006405585419253734	0.04227875457825192	0.021640155529468297	0.013761998373066797
2021-07-06	0	0	0	0.01676041268799633	0.008192242888727108	0.043995702073393206	0.03130197115639177	0.02162927215427679
2021-07-07	0	0	0	0.01579192392575557	0.008025158803593557	0.043886346369188756	0.03088724749772287	0.021716409546319593
2021-07-08	0	0	0	0.014435352089619435	0.009703149656345555	0.04773945045413841	0.03742001486692503	0.02057101194173261
2021-07-09	0.5857864376269049	2	0	0	0	0	0.2933656048534523	0.4350012871484168
2021-07-10	0	0	0	0	0	0	0.05656864846976206	0.04584490388477458
2021-07-11	0	0	0	0.023947385150506095	0	0	0.06925276040400918	0.05383745845001542
2021-07-12	0	0	0	0.012120323908303643	0	0	0.0376975081262112	0.02335393945850739
2021-07-13	0	0	0	0.010373856525327074	0	0.006653216289221442	0.03862051979025338	0.039515312391045665
2021-07-14	0	0	0	0.01212135803102865	0.0017140047908130729	0.03966860167509356	0.04556537985538278	0.038684097333491874
2021-07-15	0	0	0	0.014435929718628504	0.007953488240498574	0.04057549135679417	0.05360677115850243	0.0537615002918026
2021-07-16	0	0	0	0.011108984620264106	0.005548563907417536	0.021988804699952125	0.033311821357822735	0.04694519356903948
2021-07-17	0	0	0	0.006677649033643318	0.0033509971041680853	0.016163143556880977	0.016149594331997363	0.01746979477723465
2021-07-18	0	0	0	0.004414432165417148	0.0019253798427789626	0.011278314844455073	0.015321460316211066	0.014418313655869097
2021-07-19	0	0	0	6.830913701387775e-4	5.677995861290697e-4	0.0033439681396152388	0.002623637003832169	0.002343903403117631
2021-07-20	0	0	0	6.580819685304551e-4	3.758828610962439e-4	0.0015604021774699994	0.002484989367450563	0.002610626357495871
2021-07-21	0	0	0	0.003171484069896424	0.0024868475888961683	0.010693586304299396	0.019210722173829575	0.023417238243559346
2021-07-22	0	0	0.06622477874518107	0.003757148850947356	0.0021610306912318578	0.00938134139064517	0.03020215578450025	0.03267178914293378
2021-07-23	0	0	0.017005671889348983	0.001683182229005542	0.0021299608692888494	0.007352328816689013	0.02165825136850552	0.036592714056649545
2021-07-24	0	0	0.016935614214151906	0.001654501975046685	0.002532330935945293	0.010482712589642729	0.025958159503349343	0.03768999902676273
2021-07-25	0	0	0	0.002470970508574366	0.0034209638463826852	0.013268213919395366	0.026594925182707785	0.038557834161710325
2021-07-26	0	0	0.01659494430998487	0.0020876170116335135	0.0011822995039101336	0.003828753759889336	0.009223682700244096	0.012757812030037785
2021-07-27	0	0	0	8.421262628512949e-4	0.0012071862206695094	0.004338222619776566	0.010518837534959413	0.01703769802696886
2021-07-28	0	0	0	6.903132626028263e-4	0.0017091037213636806	0.010926734801322668	0.016342327757431496	0.028648780355952308
2021-07-29	0	0	0	8.16241181357924e-4	0.0015340225593611923	0.029797155003585152	0.01856154742104632	0.028826157897413163
2021-07-30	0	0	0	8.137812188926397e-4	0.001112260613855165	0.04273204067686964	0.020514038432481563	0.03381102493285648
2021-07-31	0	0	0	0.0018107785694538858	0.0018706903340199865	0.04461622220237804	0.017878920278248778	0.03856380293656603
2021-08-01	0	0	0.015101546817126055	0.0028597415605635668	0.0025794407042665224	0.052225923746122005	0.02368807703812048	0.04048256935029104
2021-08-02	0	0	0	0.0011514540909214332	0.0011865581065459985	0.0369749870351872	0.007697641442011793	0.011417790727259458
2021-08-03	0	0	0	5.534313782362688e-4	0.0014829168875880594	0.05851684934903023	0.010324689681655341	0.0235552188010415
2021-08-04	0	0	0	7.443515048448646e-4	0.0015922168791453473	0.05705804464710007	0.015500930673223445	0.03129835588984875
2021-08-05	0	0	0	8.724644822903915e-4	0.0022975434522087834	0.07242472857912752	0.01817110954352197	0.03685064876521693
2021-08-06	0	0	0	9.546350008482474e-4	0.002718666155135052	0.07602151964691406	0.018399546766048713	0.0356868081210997
2021-08-07	0	0	0	0.001460901038450979	0.003686299146456795	0.0683590996735075	0.020677314147887538	0.03345306364107792
2021-08-08	0	0	0	0.002263958779179287	0.0045005320324862375	0.0903137847626132	0.02219595706472277	0.03598972937636491
2021-08-09	0	0	0	6.374770310841882e-4	0.0017378134532317624	0.06407725046040302	0.012321361630895478	0.01126769529549776
2021-08-10	0	0	0	8.114813144273203e-4	0.00293319809807846	0.057825766695038805	0.018381224424333542	0.032941744172740206
2021-08-11	0	0	0	6.581194271264579e-4	0.004615485515183204	0.039963788172197034	0.014947616120102314	0.03954913433884766
2021-08-12	0	0	0.04046050300291748	0.0015262353979077492	0.006370657826236803	0.037710581924826014	0.01676529904621593	0.03961807291259123
2021-08-13	0	0	0	0.0013413716741066395	0.00862192176346066	0.03643842891334459	0.02472460940938559	0.05156614541730287
2021-08-14	0	0	0	0.0010679604973820034	0.010787899104046428	0.04718527714855103	0.023191466203840605	0.048063559968770875
2021-08-15	0	0	0	0.0013514345238629932	0.010563963255335374	0.057097034595912755	0.01832146881238006	0.017673395141848625
2021-08-16	0	0	0	0.0021329567190362386	0.005681288397808348	0.029831466900697823	0.0037397768483005134	0.005979086622942553
2021-08-17	0	0	0	1.4860465006849566e-4	0.0046119949488090395	0.023967563389427626	0.00486590546698995	0.009632807353989525
