2020-02-17	0	0	0	0	0	0	0	0
2020-02-18	0	0	0	0	0	0	0	0
2020-02-19	0	0	0	0	0	0	0	0
2020-02-20	0	0	0	0	0	0	0	0
2020-02-21	0	0	0	0	0	0	0	0
2020-02-22	0	0	0	0	0	0	0	0
2020-02-23	0	0	0	0	0	0	0	0
2020-02-24	0	0	0	0	0	0	0	0
2020-02-25	0	0	0	0	0	0	0	0
2020-02-26	0	0	0	0	0	0	0	0
2020-02-27	0	0	0	0	0	0	0	0
2020-02-28	0	0	0	0	0	0	0	0
2020-02-29	0	0	0	0	0	0	0	0
2020-03-01	0	0	0	0	0	0	0	0
2020-03-02	0	0	0	0	0	0	0	0
2020-03-03	0	0	0	0	0	0	0	0
2020-03-04	0	0	0	0	0	0	0	0
2020-03-05	0	0	0	0	0	0	0	0
2020-03-06	0	0	0	0	0	0	0	0
2020-03-07	0	0	0	0	0	0	0	0
2020-03-08	0	0	0	0	0	0	0	0
2020-03-09	0	0	0	0	0	0	0	0
2020-03-10	0	0	0	0	0	0	0	0
2020-03-11	0	0	0	0	0	0	0	0
2020-03-12	0	0	0	0	0	0	0	0
2020-03-13	0	0	0	0	0	0	0	0
2020-03-14	0	0	0	0	0	0	0	0
2020-03-15	0	0	0	0	0	0	0	0
2020-03-16	0	0	0	0	0	0	0	0
2020-03-17	0	0	0	0	0	0	0	0
2020-03-18	0	0	0	0	0	0	0	0
2020-03-19	0	0	0	0	0	0	0	0
2020-03-20	0	0	0	0	0	0	0	0
2020-03-21	0	0	0	0	0	0	0	0
2020-03-22	0	0	0	0	0	0	0	0
2020-03-23	0	0	0	0	0	0	0	0
2020-03-24	0	0	0	0	0	0	0	0
2020-03-25	0	0	0	0	0	0	0	0
2020-03-26	0	0	0	0	0	0	0	0
2020-03-27	0	0	0	0	0	0	0	0
2020-03-28	0	0	0	0	0	0	0	0
2020-03-29	0	0	0	0	0	0	0	0
2020-03-30	0	0	0	0	0	0	0	0
2020-03-31	0	0	0	0	0	0	0	0
2020-04-01	0	0	0	0	0	0	0	0
2020-04-02	0	0	0	0	0	0	0	0
2020-04-03	0	0	0	0	0	0	0	0
2020-04-04	0	0	0	0	0	0	0	0
2020-04-05	0	0	0	0	0	0	0	0
2020-04-06	0	0	0	0	0	0	0	0
2020-04-07	0	0	0	0	0	0	0	0
2020-04-08	0	0	0	0	0	0	0	0
2020-04-09	0	0	0	0	0	0	0	0
2020-04-10	0	0	0	0	0	0	0	0
2020-04-11	0	0	0	0	0	0	0	0
2020-04-12	0	0	0	0	0	0	0	0
2020-04-13	0	0	0	0	0	0	0	0
2020-04-14	0	0	0	0	0	0	0	0
2020-04-15	0	0	0	0	0	0	0	0
2020-04-16	0	0	0	0	0	0	0	0
2020-04-17	0	0	0	0	0	0	0	0
2020-04-18	0	0	0	0	0	0	0	0
2020-04-19	0	0	0	0	0	0	0	0
2020-04-20	0	0	0	0	0	0	0	0
2020-04-21	0	0	0	0	0	0	0	0
2020-04-22	0	0	0	0	0	0	0	0
2020-04-23	0	0	0	0	0	0	0	0
2020-04-24	0	0	0	0	0	0	0	0
2020-04-25	0	0	0	0	0	0	0	0
2020-04-26	0	0	0	0	0	0	0	0
2020-04-27	0	0	0	0	0	0	0	0
2020-04-28	0	0	0	0	0	0	0	0
2020-04-29	0	0	0	0	0	0	0	0
2020-04-30	0	0	0	0	0	0	0	0
2020-05-01	0	0	0	0	0	0	0	0
2020-05-02	0	0	0	0	0	0	0	0
2020-05-03	0	0	0	0	0	0	0	0
2020-05-04	0	0	0	0	0	0	0	0
2020-05-05	0	0	0	0	0	0	0	0
2020-05-06	0	0	0	0	0	0	0	0
2020-05-07	0	0	0	0	0	0	0	0
2020-05-08	0	0	0	0	0	0	0	0
2020-05-09	0	0	0	0	0	0	0	0
2020-05-10	0	0	0	0	0	0	0	0
2020-05-11	0	0	0	0	0	0	0	0
2020-05-12	0	0	0	0	0	0	0	0
2020-05-13	0	0	0	0	0	0	0	0
2020-05-14	0	0	0	0	0	0	0	0
2020-05-15	0	0	0	0	0	0	0	0
2020-05-16	0	0	0	0	0	0	0	0
2020-05-17	0	0	0	0	0	0	0	0
2020-05-18	0	0	0	0	0	0	0	0
2020-05-19	0	0	0	0	0	0	0	0
2020-05-20	0	0	0	0	0	0	0	0
2020-05-21	0	0	0	0	0	0	0	0
2020-05-22	0	0	0	0	0	0	0	0
2020-05-23	0	0	0	0	0	0	0	0
2020-05-24	0	0	0	0	0	0	0	0
2020-05-25	0	0	0	0	0	0	0	0
2020-05-26	0	0	0	0	0	0	0	0
2020-05-27	0	0	0	0	0	0	0	0
2020-05-28	0	0	0	0	0	0	0	0
2020-05-29	0	0	0	0	0	0	0	0
2020-05-30	0	0	0	0	0	0	0	0
2020-05-31	0	0	0	0	0	0	0	0
2020-06-01	0	0	0	0	0	0	0	0
2020-06-02	0	0	0	0	0	0	0	0
2020-06-03	0	0	0	0	0	0	0	0
2020-06-04	0	0	0	0	0	0	0	0
2020-06-05	0	0	0	0	0	0	0	0
2020-06-06	0	0	0	0	0	0	0	0
2020-06-07	0	0	0	0	0	0	0	0
2020-06-08	0	0	0	0	0	0	0	0
2020-06-09	0	0	0	0	0	0	0	0
2020-06-10	0	0	0	0	0	0	0	0
2020-06-11	0	0	0	0	0	0	0	0
2020-06-12	0	0	0	0	0	0	0	0
2020-06-13	0	0	0	0	0	0	0	0
2020-06-14	0	0	0	0	0	0	0	0
2020-06-15	0	0	0	0	0	0	0	0
2020-06-16	0	0	0	0	0	0	0	0
2020-06-17	0	0	0	0	0	0	0	0
2020-06-18	0	0	0	0	0	0	0	0
2020-06-19	0	0	0	0	0	0	0	0
2020-06-20	0	0	0	0	0	0	0	0
2020-06-21	0	0	0	0	0	0	0	0
2020-06-22	0	0	0	0	0	0	0	0
2020-06-23	0	0	0	0	0	0	0	0
2020-06-24	0	0	0	0	0	0	0	0
2020-06-25	0	0	0	0	0	0	0	0
2020-06-26	0	0	0	0	0	0	0	0
2020-06-27	0	0	0	0	0	0	0	0
2020-06-28	0	0	0	0	0	0	0	0
2020-06-29	0	0	0	0	0	0	0	0
2020-06-30	0	0	0	0	0	0	0	0
2020-07-01	0	0	0	0	0	0	0	0
2020-07-02	0	0	0	0	0	0	0	0
2020-07-03	0	0	0	0	0	0	0	0
2020-07-04	0	0	0	0	0	0	0	0
2020-07-05	0	0	0	0	0	0	0	0
2020-07-06	0	0	0	0	0	0	0	0
2020-07-07	0	0	0	0	0	0	0	0
2020-07-08	0	0	0	0	0	0	0	0
2020-07-09	0	0	0	0	0	0	0	0
2020-07-10	0	0	0	0	0	0	0	0
2020-07-11	0	0	0	0	0	0	0	0
2020-07-12	0	0	0	0	0	0	0	0
2020-07-13	0	0	0	0	0	0	0	0
2020-07-14	0	0	0	0	0	0	0	0
2020-07-15	0	0	0	0	0	0	0	0
2020-07-16	0	0	0	0	0	0	0	0
2020-07-17	0	0	0	0	0	0	0	0
2020-07-18	0	0	0	0	0	0	0	0
2020-07-19	0	0	0	0	0	0	0	0
2020-07-20	0	0	0	0	0	0	0	0
2020-07-21	0	0	0	0	0	0	0	0
2020-07-22	0	0	0	0	0	0	0	0
2020-07-23	0	0	0	0	0	0	0	0
2020-07-24	0	0	0	0	0	0	0	0
2020-07-25	0	0	0	0	0	0	0	0
2020-07-26	0	0	0	0	0	0	0	0
2020-07-27	0	0	0	0	0	0	0	0
2020-07-28	0	0	0	0	0	0	0	0
2020-07-29	0	0	0	0	0	0	0	0
2020-07-30	0	0	0	0	0	0	0	0
2020-07-31	0	0	0	0	0	0	0	0
2020-08-01	0	0	0	0	0	0	0	0
2020-08-02	0	0	0	0	0	0	0	0
2020-08-03	0	0	0	0	0	0	0	0
2020-08-04	0	0	0	0	0	0	0	0
2020-08-05	0	0	0	0	0	0	0	0
2020-08-06	0	0	0	0	0	0	0	0
2020-08-07	0	0	0	0	0	0	0	0
2020-08-08	0	0	0	0	0	0	0	0
2020-08-09	0	0	0	0	0	0	0	0
2020-08-10	0	0	0	0	0	0	0	0
2020-08-11	0	0	0	0	0	0	0	0
2020-08-12	0	0	0	0	0	0	0	0
2020-08-13	0	0	0	0	0	0	0	0
2020-08-14	0	0	0	0	0	0	0	0
2020-08-15	0	0	0	0	0	0	0	0
2020-08-16	0	0	0	0	0	0	0	0
2020-08-17	0	0	0	0	0	0	0	0
2020-08-18	0	0	0	0	0	0	0	0
2020-08-19	0	0	0	0	0	0	0	0
2020-08-20	0	0	0	0	0	0	0	0
2020-08-21	0	0	0	0	0	0	0	0
2020-08-22	0	0	0	0	0	0	0	0
2020-08-23	0	0	0	0	0	0	0	0
2020-08-24	0	0	0	0	0	0	0	0
2020-08-25	0	0	0	0	0	0	0	0
2020-08-26	0	0	0	0	0	0	0	0
2020-08-27	0	0	0	0	0	0	0	0
2020-08-28	0	0	0	0	0	0	0	0
2020-08-29	0	0	0	0	0	0	0	0
2020-08-30	0	0	0	0	0	0	0	0
2020-08-31	0	0	0	0	0	0	0	0
2020-09-01	0	0	0	0	0	0	0	0
2020-09-02	0	0	0	0	0	0	0	0
2020-09-03	0	0	0	0	0	0	0	0
2020-09-04	0	0	0	0	0	0	0	0
2020-09-05	0	0	0	0	0	0	0	0
2020-09-06	0	0	0	0	0	0	0	0
2020-09-07	0	0	0	0	0	0	0	0
2020-09-08	0	0	0	0	0	0	0	0
2020-09-09	0	0	0	0	0	0	0	0
2020-09-10	0	0	0	0	0	0	0	0
2020-09-11	0	0	0	0	0	0	0	0
2020-09-12	0	0	0	0	0	0	0	0
2020-09-13	0	0	0	0	0	0	0	0
2020-09-14	0	0	0	0	0	0	0	0
2020-09-15	0	0	0	0	0	0	0	0
2020-09-16	0	0	0	0	0	0	0	0
2020-09-17	0	0	0	0	0	0	0	0
2020-09-18	0	0	0	0	0	0	0	0
2020-09-19	0	0	0	0	0	0	0	0
2020-09-20	0	0	0	0	0	0	0	0
2020-09-21	0	0	0	0	0	0	0	0
2020-09-22	0	0	0	0	0	0	0	0
2020-09-23	0	0	0	0	0	0	0	0
2020-09-24	0	0	0	0	0	0	0	0
2020-09-25	0	0	0	0	0	0	0	0
2020-09-26	0	0	0	0	0	0	0	0
2020-09-27	0	0	0	0	0	0	0	0
2020-09-28	0	0	0	0	0	0	0	0
2020-09-29	0	0	0	0	0	0	0	0
2020-09-30	0	0	0	0	0	0	0	0
2020-10-01	0	0	0	0	0	0	0	0
2020-10-02	0	0	0	0	0	0	0	0
2020-10-03	0	0	0	0	0	0	0	0
2020-10-04	0	0	0	0	0	0	0	0
2020-10-05	0	0	0	0	0	0	0	0
2020-10-06	0	0	0	0	0	0	0	0
2020-10-07	0	0	0	0	0	0	0	0
2020-10-08	0	0	0	0	0	0	0	0
2020-10-09	0	0	0	0	0	0	0	0
2020-10-10	0	0	0	0	0	0	0	0
2020-10-11	0	0	0	0	0	0	0	0
2020-10-12	0	0	0	0	0	0	0	0
2020-10-13	0	0	0	0	0	0	0	0
2020-10-14	0	0	0	0	0	0	0	0
2020-10-15	0	0	0	0	0	0	0	0
2020-10-16	0	0	0	0	0	0	0	0
2020-10-17	0	0	0	0	0	0	0	0
2020-10-18	0	0	0	0	0	0	0	0
2020-10-19	0	0	0	0	0	0	0	0
2020-10-20	0	0	0	0	0	0	0	0
2020-10-21	0	0	0	0	0	0	0	0
2020-10-22	0	0	0	0	0	0	0	0
2020-10-23	0	0	0	0	0	0	0	0
2020-10-24	0	0	0	0	0	0	0	0
2020-10-25	0	0	0	0	0	0	0	0
2020-10-26	0	0	0	0	0	0	0	0
2020-10-27	0	0	0	0	0	0	0	0
2020-10-28	0	0	0	0	0	0	0	0
2020-10-29	0	0	0	0	0	0	0	0
2020-10-30	0	0	0	0	0	0	0	0
2020-10-31	0	0	0	0	0	0	0	0
2020-11-01	0	0	0	0	0	0	0	0
2020-11-02	0	0	0	0	0	0	0	0
2020-11-03	0	0	0	0	0	0	0	0
2020-11-04	0	0	0	0	0	0	0	0
2020-11-05	0	0	0	0	0	0	0	0
2020-11-06	0	0	0	0	0	0	0	0
2020-11-07	0	0	0	0	0	0	0	0
2020-11-08	0	0	0	0	0	0	0	0
2020-11-09	0	0	0	0	0	0	0	0
2020-11-10	0	0	0	0	0	0	0	0
2020-11-11	0	0	0	0	0	0	0	0
2020-11-12	0	0	0	0	0	0	0	0
2020-11-13	0	0	0	0	0	0	0	0
2020-11-14	0	0	0	0	0	0	0	0
2020-11-15	0	0	0	0	0	0	0	0
2020-11-16	0	0	0	0	0	0	0	0
2020-11-17	0	0	0	0	0	0	0	0
2020-11-18	0	0	0	0	0	0	0	0
2020-11-19	0	0	0	0	0	0	0	0
2020-11-20	0	0	0	0	0	0	0	0
2020-11-21	0	0	0	0	0	0	0	0
2020-11-22	0	0	0	0	0	0	0	0
2020-11-23	0	0	0	0	0	0	0	0
2020-11-24	0	0	0	0	0	0	0	0
2020-11-25	0	0	0	0	0	0	0	0
2020-11-26	0	0	0	0	0	0	0	0
2020-11-27	0	0	0	0	0	0	0	0
2020-11-28	0	0	0	0	0	0	0	0
2020-11-29	0	0	0	0	0	0	0	0
2020-11-30	0	0	0	0	0	0	0	0
2020-12-01	0	0	0	0	0	0	0	0
2020-12-02	0	0	0	0	0	0	0	0
2020-12-03	0	0	0	0	0	0	0	0
2020-12-04	0	0	0	0	0	0	0	0
2020-12-05	0	0	0	0	0	0	0	0
2020-12-06	0	0	0	0	0	0	0	0
2020-12-07	0	0	0	0	0	0	0	0
2020-12-08	0	0	0	0	0	0	0	0
2020-12-09	0	0	0	0	0	0	0	0
2020-12-10	0	0	0	0	0	0	0	0
2020-12-11	0	0	0	0	0	0	0	0
2020-12-12	0	0	0	0	0	0	0	0
2020-12-13	0	0	0	0	0	0	0	0
2020-12-14	0	0	0	0	0	0	0	0
2020-12-15	0	0	0	0	0	0	0	0
2020-12-16	0	0	0	0	0	0	0	0
2020-12-17	0	0	0	0	0	0	0	0
2020-12-18	0	0	0	0	0	0	0	0
2020-12-19	0	0	0	0	0	0	0	0
2020-12-20	0	0	0	0	0	0	0	0
2020-12-21	0	0	0	0	0	0	0	0
2020-12-22	0	0	0	0	0	0	0	0
2020-12-23	0	0	0	0	0	0	0	0
2020-12-24	0	0	0	0	0	0	0	0
2020-12-25	0	0	0	0	0	0	0	0
2020-12-26	0	0	0	0	0	0	0	0
2020-12-27	0	0	0	0	0	0	0	0
2020-12-28	0	0	0	0	0	0	0	0
2020-12-29	0	0	0	8.750019140801868e-6	3.656033416454818e-5	5.798084044439378e-5	3.302027258467177e-5	6.801756597321074e-4
2020-12-30	0	0	0	2.2370125105641847e-5	9.468224118180935e-5	1.3282441058115602e-4	4.866059196340089e-5	5.813244845391807e-4
2020-12-31	0	0	0	2.2370125105641847e-5	1.6195655748152404e-4	1.9777977921031642e-4	9.733236839748471e-5	9.729766709005716e-4
2021-01-01	0	0	0	3.113024227308081e-5	1.4009490664568247e-4	2.0922094335085184e-4	1.0950299772671812e-4	0.0010464737768414167
2021-01-02	0	0	0	1.1670034047339684e-5	4.638053778860396e-5	7.240131048735776e-5	4.172043514860668e-5	0.0011616973852037749
2021-01-03	0	0	0	3.890003783091345e-6	8.170016687181203e-6	3.9700039402568166e-06	0	1.453005278051478e-5
2021-01-04	0	0	0	2.4320147867351594e-5	9.799240062768888e-5	1.4976560743429346e-4	7.997159886419247e-5	0.0015245810868724785
2021-01-05	0	0	0	4.1830437446321866e-5	1.7705783736943204e-4	3.372884408729959e-4	2.1385143310892474e-4	0.007673370152373904
2021-01-06	0	0	0	6.032090965302217e-5	2.5615640402576467e-4	4.912403292653966e-4	4.312965041686212e-4	0.02030800375411923
2021-01-07	0	0	0	7.492140330422892e-5	2.8793072602573133e-4	5.803642056527725e-4	5.237085676659259e-4	0.021152598101612075
2021-01-08	0	0	0	7.979159167459393e-5	3.576519787344967e-4	6.433034598352094e-4	5.030832731949264e-4	0.017442147124074436
2021-01-09	0	0	0	3.6010324185875575e-5	1.667769536379815e-4	2.6839800937272784e-4	2.9258140096910523e-4	0.013547986987855642
2021-01-10	0	0	0	8.077163101405382e-5	3.840068653182538e-4	6.936202772722666e-4	5.923477189551107e-4	0.014437661517523681
2021-01-11	0	0	0	9.051204810783808e-5	4.195039959007385e-4	6.49305399375466e-4	5.19477464208995e-4	0.01117393420138435
2021-01-12	0	0	0	1.1291318734696354e-4	5.008727183699602e-4	6.980318121025952e-4	4.325367720148243e-4	0.009113082066186218
2021-01-13	0	0	8.896951979586731e-7	1.080529188584034e-4	6.858876104536282e-4	8.425374673459718e-4	5.950085087813584e-4	0.0046679975502823545
2021-01-14	0	0	0	5.5490769806487705e-5	3.0545332543363557e-4	3.2409625959628485e-4	1.518757665621706e-4	0.0013673374028932983
2021-01-15	0	0	0	4.870005929191734e-6	3.016022740975899e-5	2.7430188103805264e-5	3.143024696505847e-5	9.391220487553475e-5
2021-01-16	0	0	0	2.9210213309038835e-5	1.4457522549893298e-4	1.4813548603065385e-4	4.714055555798957e-5	2.3480137829157144e-5
2021-01-17	0	0	0	2.9210213309038835e-5	1.708272954912271e-4	1.9005903060875795e-4	5.587078038593596e-5	4.7000055225510096e-6
2021-01-18	0	0	0	3.700034225628812e-5	1.6987721456707128e-4	1.9807980890274024e-4	7.159128132783188e-5	2.536060790108152e-4
2021-01-19	0	0	0	1.5092569464147942e-4	6.698521754842091e-4	8.709596426748067e-4	6.514761052789364e-4	0.006888653386369459
2021-01-20	0	0	0	2.795095313945506e-4	0.0013352557269641352	0.0018372939122299758	0.0013057662563791261	0.01603201638736107
2021-01-21	0	0	0	3.214858382860619e-4	0.0011989193519030827	0.0016448663963655186	0.001058870301578807	0.01187133213164504
2021-01-22	0	0	0	1.0037251866057417e-4	2.958218776458743e-4	4.761866884406274e-4	2.2421256781890442e-4	0.0022338775522294796
2021-01-23	0	0	0	9.063205354231663e-5	2.794595244064446e-4	3.50530717946107e-4	2.1726180067238587e-4	0.0031785858520045895
2021-01-24	0	0	0	8.577183920199793e-5	1.3926484867443634e-4	1.3794475718897914e-4	5.4320737685742415e-5	5.624079075672306e-5
2021-01-25	0	0	0	0.00020957097999896313	7.298031531606242e-4	8.329434486971099e-4	3.242262806701923e-4	6.187857239430272e-4
2021-01-26	0	0	0	4.4362920171714393e-4	0.0013468434968513243	0.0017550700677355646	9.363291780823957e-4	0.0038159303310729698
2021-01-27	0	0	0	5.93087938325576e-4	0.001734351994209904	0.0024363639673454784	0.0016535835846678282	0.008117282569076512
2021-01-28	0	0	8.896961978255291e-7	6.920397297467407e-4	0.001765148937693084	0.0026316313709180417	0.0023864437784768544	0.023359516755765863
2021-01-29	0	0	0	6.534467481631445e-4	0.0016280926714367094	0.0026006107941256573	0.003101364615619717	0.037846295521168916
2021-01-30	0	0	0	4.6814478988621566e-4	9.895648096280851e-4	0.001541904367269531	0.002376592047440118	0.028587825948109824
2021-01-31	0	0	0	2.3954434537332148e-4	5.999799939984118e-4	8.849857999664312e-4	0.0017580626961108958	0.019053509051796702
2021-02-01	0	0	0	5.594482455848482e-4	0.0013128809140736664	0.0017866880635590832	0.0024948360517313972	0.011903805144227952
2021-02-02	0	0	0	7.212600540162928e-4	0.0015795637554143482	0.002346276253063939	0.003473866937875547	0.018779921361586904
2021-02-03	8.169884686770601e-6	0	0	0.0010048824471831086	0.001964855163953727	0.0031247510172298654	0.005588367462724619	0.04460597321153714
2021-02-04	0	0	0	0.0010774802409172501	0.002075977420562758	0.00356516760501302	0.008871937820171372	0.06462229009425657
2021-02-05	0	2.0264256266333547e-6	0	0.0011336212742982799	0.0022567632450860575	0.0038182247099840527	0.007840006425186896	0.07137150285494331
2021-02-06	0	0	8.896961978255291e-7	6.572880068811404e-4	0.001257585380247228	0.0022269798598240076	0.005626935601064753	0.06604061056081112
2021-02-07	0	0	0	2.9000102514875614e-4	7.449987557865967e-4	0.0013511764194291676	0.004131276862127997	0.03692260977820849
2021-02-08	0	0	0	6.008602582625588e-4	0.0012641395121764099	0.0021520978813227565	0.0036220097386368	0.02216959271023433
2021-02-09	0	0	0	8.620357764199671e-4	0.0017080293410574043	0.003084067868654561	0.012291399626192634	0.0660883060491102
2021-02-10	0	0	0	0.0010016908461378815	0.0019362172342944906	0.0035708477383926684	0.019001231701543997	0.07103803044227952
2021-02-11	0	0	0	9.238033531588918e-4	0.0020065465572716157	0.003985831713612331	0.02154127664992722	0.060662907073656847
2021-02-12	0	0	0	8.970111572539352e-4	0.0018805641303620835	0.0043274016011545235	0.029484605490228466	0.09313598806836776
2021-02-13	0	0	0	7.555627187554315e-4	0.0015727383765002934	0.0038562075842332177	0.032508124540281624	0.09193775782863933
2021-02-14	0	0	0	3.3701839534971967e-4	6.738735263822626e-4	0.0019401810756516369	0.01879831415375577	0.05033120761499599
2021-02-15	0	0	0	5.447741947308682e-4	0.0011419059873210013	0.0026536805050556556	0.01912214409873325	0.05057323297334415
2021-02-16	0	0	8.896971979144297e-7	7.528416926536607e-4	0.001424267134217505	0.003400781328410929	0.028110834757693715	0.05854238264133094
2021-02-17	0	0	0	8.970011527671407e-4	0.0017292575829470636	0.00444616208933124	0.03429549524858655	0.05272392301451001
2021-02-18	0	0	0	9.087064368471509e-4	0.0019142360749375698	0.004999629072716338	0.04829840395617846	0.06611832833546916
2021-02-19	0	0	0	0.0010990319678165772	0.002350371061031087	0.006362079012339761	0.06683755467886243	0.0833732236035103
2021-02-20	0	0	8.896981980033303e-7	8.261206188191483e-4	0.0017393263140066395	0.005365086037046218	0.06940467212830947	0.06709372187889051
2021-02-21	0	0	1.7793977915570025e-6	6.59818840225368e-4	0.0012327098934203917	0.005115281526273163	0.06767186016453186	0.03321880220498352
2021-02-22	0	2.02642972646494e-6	8.897001979590868e-7	5.96608985570457e-4	0.0011328108150856497	0.004415263638248845	0.05460712451186356	0.03873744745890795
2021-02-23	8.16995168695378e-6	0	0	6.596587874290183e-4	0.0013915541057072378	0.00553283306041874	0.0543818257427795	0.03663811792120186
2021-02-24	0	0	8.897011978259428e-7	8.034913996073367e-4	0.0016548045945614653	0.006187370889631394	0.06286355668992694	0.03199103660577807
2021-02-25	0	0	8.897021979148434e-7	8.758917966098512e-4	0.0018516271307578158	0.007075706405283544	0.07519929343321374	0.03887317085304254
2021-02-26	0	0	1.7794057916020734e-06	8.9262919672084e-4	0.0020834251651045133	0.008506741161296238	0.0796149448613177	0.038599898032020574
2021-02-27	0	0	1.7794097915135865e-6	6.927399721672334e-4	0.0015995996797839585	0.007148726071109834	0.07113989102371665	0.024897146981960327
2021-02-28	0	0	8.897061978263565e-7	3.595623212657717e-4	7.877351316594172e-4	0.0040431768196989015	0.042371751327642926	0.01525057500953042
2021-03-01	0	0	0	4.926006638534819e-4	9.186209661198319e-4	0.004242078808153638	0.05063612427027864	0.021731716879634266
2021-03-02	0	0	0	6.388220233943809e-4	0.0012898058998147555	0.006534836020453572	0.06493499850780204	0.024335240988492046
2021-03-03	0	2.02643382651857e-6	0	8.423473872802845e-4	0.0015954863942084785	0.008921126625065057	0.06364891613116819	0.027571273784525285
2021-03-04	0	0	1.7794137914250996e-6	9.792597374083112e-4	0.0021565827122487224	0.011909237484364787	0.08574819838141456	0.031086025241326087
2021-03-05	0	0	2.6691267811518316e-6	0.0010985216874745962	0.0030363348323034778	0.014704445176990877	0.0861274964094394	0.029223127799598014
2021-03-06	0	0	2.669133781108002e-6	9.823012289260635e-4	0.002411603958413	0.012609831965549878	0.06376815437820049	0.01708109091672627
2021-03-07	0	0	0	7.532218357835241e-4	0.00194735805084445	0.009964231477233021	0.04628583462165592	0.01005802094633923
2021-03-08	0	0	0	8.392360792992548e-4	0.002060351261830684	0.007961807595045167	0.04448012027491788	0.014495409222129219
2021-03-09	0	0	0	0.0017325804587615679	0.003452670232934274	0.015374765856283945	0.06576450244547516	0.01307509955710695
2021-03-10	0	0	8.897131980045714e-7	0.0022267095588648367	0.004536444832930586	0.020711339900114423	0.06617346176033667	0.014665015671158743
2021-03-11	0	0	0	0.0021265505543150987	0.00442494503463986	0.018923201892465658	0.05803199820388394	0.015453008870790264
2021-03-12	0	0	8.897141978714274e-7	0.002037898257326809	0.0044889877527611866	0.01777345391602614	0.04562374144588022	0.011980291848191937
2021-03-13	0	0	0	0.0017081694607266051	0.004079009579788018	0.016319874576548488	0.03455708808421498	0.0078761383889807135
2021-03-14	0	0	0	6.694220314640287e-4	0.0015310360178220073	0.005667028803865826	0.015693753474529837	0.00338584598826408
2021-03-15	0	0	0	0.0010389598593973925	0.0023712857490258976	0.00924039623062467	0.02622413633158449	0.006579331902069496
2021-03-16	0	0	0	0.0022323758755122824	0.0050542162755400355	0.0186770177479898	0.03088805803225081	0.009429820378090703
2021-03-17	0	0	1.7794297917372859e-6	0.0023639570732609805	0.005368785965686351	0.024091904971286437	0.03409709293668328	0.012432431337238814
2021-03-18	8.170017687270104e-6	0	1.7794327915598984e-6	0.0026151597651493663	0.006237486559645511	0.025006491149907495	0.037479671442866236	0.012817190090453678
2021-03-19	0	0	2.6691547809765126e-6	0.002661010243879547	0.006489056965073958	0.02407412082335436	0.03598870675344634	0.011812383098617207
2021-03-20	0	0	0	0.00235330451052973	0.005911987900233173	0.022705616252349792	0.027504291512906898	0.006208787259809334
2021-03-21	0	0	0	0.00112291523465613	0.002719589041138226	0.010632261244794439	0.013297918660173158	0.003777447276982704
2021-03-22	0	0	0	7.930472309776171e-4	0.0023992791350919696	0.010303249236205847	0.013605688691190387	0.004874209479512448
2021-03-23	0	0	0	0.0010053126633877696	0.002907022695237682	0.015417273077284799	0.019758489476599195	0.007075375233674297
2021-03-24	0	0	0	0.0014032022441345937	0.003372072718604846	0.01655732626324702	0.0209971905022468	0.007443792511739433
2021-03-25	0	0	1.7794407916049693e-6	0.0015594079382794668	0.003813796260479174	0.020080739019896265	0.021324867493402788	0.009695671511514847
2021-03-26	0	0	0	0.0020564572541095227	0.004729351691856287	0.02236191379716801	0.024800394896758782	0.009563866887460248
2021-03-27	0	0	8.897221979164982e-7	0.0019900400648649175	0.004795589419470003	0.026566373044180747	0.02258611312654124	0.00859370293252315
2021-03-28	0	0	0	7.449187259771506e-4	0.0019505311429348637	0.010977787957107799	0.008137123193466378	0.0028906990352279838
2021-03-29	0	0	0	7.662968026975747e-4	0.0020848266255146797	0.013057514672354609	0.01116087126183074	0.004284208610855433
2021-03-30	0	0	0	0.0010441225479738137	0.0028347789929847877	0.017675828730326026	0.0161967537076666	0.006324780712766209
2021-03-31	0	0	0	0.0013165133018184783	0.0030028743135357416	0.02056342359751273	0.0161463864488387	0.00668215279148221
2021-04-01	0	0	0	8.731706067270917e-4	0.002030070296352049	0.01510572573751423	0.01155333991580254	0.005383224777250506
2021-04-02	0	0	0	0.0015358997470080737	0.003456196323256222	0.024865118529876273	0.014322704969410127	0.00596960905807653
2021-04-03	0	0	1.779445791605383e-6	0.0016220677759675173	0.0037336650637020963	0.0299440820118837	0.014247658946362929	0.004392052531359436
2021-04-04	0	0	0	6.784650787157176e-4	0.0017596841220524073	0.016502180490232998	0.0066175178857419414	0.001599929943956413
2021-04-05	0	0	0	0.0010977212479845733	0.003092821386031508	0.030031746448689667	0.012751570638436682	0.004094030270964888
2021-04-06	0	0	0	0.0017579425905378532	0.004064660365972639	0.03227397232236617	0.015356586184812837	0.004711068541701113
2021-04-07	0	0	0	0.0019727229089188114	0.004420585393805965	0.03792106173069576	0.013167133350165283	0.0047850642098732354
2021-04-08	0	0	0	0.002012502541619998	0.004688675920471841	0.03821477220364411	0.012740469893275375	0.0056394207666456975
2021-04-09	8.170084687675327e-6	0	0	0.0025305409093234754	0.006089269801679453	0.055155306971788054	0.015787803686309276	0.006978454707526227
2021-04-10	0	0	0	0.002483942492576663	0.005833677949604876	0.06068921521072346	0.013938409817057185	0.004711469486179842
2021-04-11	0	0	0	0.00116605992393648	0.0034282782729793126	0.03093573492381929	0.005941385013971123	0.0020575483763300983
2021-04-12	0	0	0	0.0013727010770616666	0.0035903226041003045	0.03115801548219732	0.008481323210851821	0.0026437072970681985
2021-04-13	0	0	0	0.0017069284011417274	0.004263133576973832	0.029409702652527514	0.008500846096087367	0.004189748498119483
2021-04-14	0	0	0	0.0018250927408782758	0.004332562775049897	0.035580859388709696	0.012249301345865549	0.005078357428542901
2021-04-15	0	0	0	0.0018605053700579965	0.004745098991108865	0.03655096322822793	0.014916092453520546	0.0063198049837582815
2021-04-16	0	0	0	0.002329977198436417	0.006241198138551063	0.0461874910831388	0.014296688827860171	0.006090102336617553
2021-04-17	0	0	0	0.0024943554522804945	0.005807762526390814	0.04629046171136286	0.012603783841782734	0.005059639989205111
2021-04-18	0	0	0	0.0015845677137098502	0.0034983195599358474	0.024875365957884643	0.006061956830152759	0.0021415465554122104
2021-04-19	0	0	8.897241978722548e-7	0.0014534281133200544	0.0037765155173632436	0.021828783952207997	0.009354275618084884	0.0037117242241790915
2021-04-20	0	0	8.897251979611553e-7	0.0015246211173878255	0.003535184382153833	0.019334637047438985	0.009882445683170094	0.0054811607808764595
2021-04-21	0	0	0	0.002114057309577033	0.005088814006999343	0.025285894110238516	0.012609902409695506	0.005934544705214595
2021-04-22	0	0	0	0.0013341149656853624	0.0029794693093414537	0.011956318387344789	0.007293247866109187	0.0041567596627234416
2021-04-23	0	0	0	0.00076434605622344165	0.001489194425008833	0.007616573046242303	0.0036700372934337366	0.0015202177655135873
2021-04-24	0	0	0	8.452386070756379e-4	0.002023333469582278	0.009001958815629596	0.004393465635071703	0.00287894207687045
2021-04-25	0	0	0	2.508157271321476e-4	6.748738636830343e-4	0.002599849804751919	0.0011072464987023078	4.0955193319658356e-4
2021-04-26	0	0	0	2.89981022248309e-4	0.0010881059936633797	0.00228922013220334	0.0014648964804246933	5.959787976819175e-4
2021-04-27	0	0	0	7.312136683572668e-4	0.0018964591393166863	0.007317797540209892	0.005298338096646482	0.002852844680693023
2021-04-28	0	0	8.897261978280113e-7	7.415374694546006e-4	0.0014352950179470358	0.007166610074991642	0.0069452992955763015	0.003516060670659904
2021-04-29	0	0	0	5.179070569298894e-4	0.0014599228436773526	0.008464240843263138	0.007356288746028783	0.003941774396347908
2021-04-30	0	0	0	5.573676646783987e-4	0.0016842291569634238	0.008977167383558138	0.007329671019312922	0.0038442044770152783
2021-05-01	0	0	0	4.8360846928785506e-4	0.0023309383183609533	0.011187952570681059	0.00603553692649772	0.0030828459848415424
2021-05-02	0	0	0	2.10301056633444e-4	0.0014503959120752974	0.005407730888340234	0.003156871459352839	0.0012894956997899776
2021-05-03	0	2.0264379265722e-6	0	1.3950486540181828e-4	8.592045581181651e-4	0.003266146928940339	0.0032903566116579963	0.001747053048588576
2021-05-04	0	0	0	1.547859896757764e-4	9.744774015516544e-4	0.005450918127107185	0.003404467599909644	0.0017691424662664712
2021-05-05	0	0	0	2.2240236570314487e-4	0.0020218019207518534	0.033755020349702125	0.00548931313968648	0.0023443239637117586
2021-05-06	0	0	8.897261978280113e-7	2.8788071882712707e-4	0.0010445327621728673	0.02859189410208618	0.003914220280100356	0.002101343911558695
2021-05-07	0	0	0	4.941510463141174e-4	0.0014036325460811128	0.03278398745841837	0.005017884791946203	0.0028912097734885567
2021-05-08	0	0	0	3.328576985617282e-4	0.0015035451620135643	0.032382028949725195	0.004496234030113344	0.0017853468658579619
2021-05-09	0	0	1.7794547917393544e-6	2.074207558424579e-4	9.281453634539805e-4	0.02102335536772948	0.002256993504920368	0.0012114168827159766
2021-05-10	0	0	0	1.2665401030953483e-4	0.0010176489023221436	0.02904822991530298	0.003828033460042901	0.0015595580553320332
2021-05-11	0	0	0	3.232461220137317e-4	0.0017473232846652031	0.027718255420894344	0.0040977779460238395	0.0021987185908605156
2021-05-12	0	0	0	3.5067074249228725e-4	0.0024957371760130354	0.03322066311444072	0.0058013138104819895	0.002590397539853573
2021-05-13	0	0	0	3.5188095505156447e-4	0.0028957162932128355	0.027598773068724602	0.005663298236729508	0.002461374591219645
2021-05-14	0	0	0	4.471299813051388e-4	0.0025537504102894903	0.026608371356562133	0.005155504807454969	0.002486886150681711
2021-05-15	0	0	0	2.1435148663995207e-4	0.0032200121195125053	0.02673411826991745	0.004574411309707482	0.0015578166982161967
2021-05-16	0	0	0	1.334544525226633e-4	0.0013301323129926157	0.010535278020743721	0.0014798374797415637	5.65449933406903e-4
2021-05-17	0	0	0	3.2930711079326436e-4	0.001811940782349808	0.01641862279360984	0.0031615388319465865	0.0013854398609021157
2021-05-18	0	0	0	2.9986247937663357e-4	0.003807414100533313	0.0153023101741665	0.0036532064793952657	0.0015242007970173166
2021-05-19	8.170151687858507e-6	0	0	4.127225849830385e-4	0.006288125129410682	0.016525523229502292	0.004523846296328182	0.002094376603339221
2021-05-20	0	0	0	2.6941814653436147e-4	0.006506132439831225	0.0162467996245097	0.004544402899427924	0.002196896588655184
2021-05-21	0	0	0	2.7824935567610787e-4	0.005463261807393982	0.018188202679174648	0.005630375281452382	0.002024714867573829
2021-05-22	0	0	0	2.969620466142242e-4	0.006586535612844946	0.014511747705366007	0.0031412368422247816	0.0011618874956380587
2021-05-23	0	0	0	8.00116004640028e-5	0.0034981692971078893	0.008394055040003678	0.0013626441998038086	3.5481147279536884e-4
2021-05-24	0	0	0	1.1071306434562445e-4	0.003045208323433357	0.0072189181949764425	9.841421339349399e-4	5.127157193522969e-4
2021-05-25	0	0	0	1.392248458893519e-4	0.006773449905906892	0.010778634741723803	0.003180969641965792	0.001203732242828215
2021-05-26	0	0	0	2.3902428315203395e-4	0.008083897349087543	0.011549296562773703	0.003775964476932847	0.0018377042892636641
2021-05-27	8.170218688041686e-6	0	8.897291978726685e-7	3.520609867344593e-4	0.008177156471991909	0.012615698965094513	0.005055299012025172	0.002019339432936418
2021-05-28	0	0	0	6.330902008007122e-4	0.0076943106039173426	0.013063956741435456	0.003923017516608951	0.0021226664281912555
2021-05-29	0	0	8.89730197961569e-7	3.99619924020822e-4	0.007665811165205261	0.013805377109282313	0.003756167198004867	0.0011726537792213776
2021-05-30	0	0	0	1.1201313673581126e-4	0.003988476987169198	0.00761912275790011	0.0018500056302079848	6.366813407823191e-4
2021-05-31	0	0	0	2.3285355519453432e-4	0.005092202631911125	0.009429458672715052	0.002540323310630699	0.0010353579915427513
2021-06-01	0	0	0	7.889155969549311e-4	0.007415537549286144	0.012192222572816158	0.004545194698712285	0.0015548543930459235
2021-06-02	0	0	0	0.0011019235588825005	0.009392122993581609	0.013651732449719622	0.005836125089013544	0.0024562583012104344
2021-06-03	0	0	8.89730197961569e-7	0.0015282638976352736	0.012448601922455893	0.015292767182020883	0.005545097025254853	0.001881484996447913
2021-06-04	0	0	8.89731197828425e-7	0.0013540983956163988	0.014601108089359327	0.017870488590616906	0.005155514833299124	0.0022462013551318716
2021-06-05	0	0	1.7794647917401818e-6	0.0012797294268513948	0.014509773380891211	0.01863590423163264	0.005088322757120123	0.0016077862441516988
2021-06-06	0	0	8.897341978730822e-7	9.330276351420252e-4	0.008559656931697024	0.00899413360984802	0.0028265873990811485	8.25150218220605e-4
2021-06-07	0	0	0	3.949690001276984e-4	0.007464840962649433	0.010983811026164636	0.0033783633347053144	0.0016116993937338453
2021-06-08	0	0	0	0.00145250744446912	0.009994130661922007	0.012713699538991818	0.004695121040396044	0.0014326331094065559
2021-06-09	0	0	0	0.0012328099550962257	0.016133835159236387	0.01601532263981431	0.006650276544529543	0.0024860951672951437
2021-06-10	0	0	1.7794697917405955e-6	0.0011777067482963144	0.01769364627966752	0.015354762180404213	0.006526558993072529	0.0026544915813888625
2021-06-11	0	0	0	0.0010090245326268565	0.016368895182372833	0.015606158042209772	0.00545690445154845	0.0018688131156152643
2021-06-12	0	0	8.897361978288387e-7	0.0010222812647460167	0.017512441400955536	0.01390131161616237	0.004174456521813141	0.0014855016788095643
2021-06-13	0	0	0	5.232884577024421e-4	0.01125984603317276	0.0072872760982329865	0.0018511767138063018	5.093648631409042e-4
2021-06-14	0	0	6.228166697486159e-6	3.118943195166146e-4	0.009616509312841082	0.00869034050452111	0.0029535408508893912	9.785894093079506e-4
2021-06-15	0	0	0	0.001106676183043609	0.014537424175413927	0.012257330537979394	0.006149825087150562	0.0017553703312500613
2021-06-16	0	0	0	0.0015599383519153687	0.018766576094578324	0.012392594097113907	0.005101767006647551	0.0018198279434360476
2021-06-17	8.17028468835801e-6	0	0	0.002819427292564569	0.023051017350220082	0.020482432510385618	0.007883125918562106	0.002253569644035114
2021-06-18	0	0	0	0.0019020544527854621	0.019995909095135156	0.015702733963482096	0.005118640119167406	0.0018067260647682826
2021-06-19	0	0	0	0.0021596059744912743	0.019562492780951235	0.013168985545071621	0.0044665876011997785	0.0014807781760015626
2021-06-20	0	0	0	0.0010734080512111444	0.013730169387854874	0.0067438498777936395	0.0020908228850842203	5.353916610577603e-4
2021-06-21	0	0	0	0.005253259183011005	0.011791680934817084	0.006636701451539162	0.002221493758629789	3.708443813887907e-4
2021-06-22	0	0	0	0.0013554793310541768	0.011616033055989572	0.008420516273578427	0.0030873228906578287	0.0010512762954624222
2021-06-23	0	0	2.669228781115862e-6	0.0022309242557587705	0.01608852011991213	0.00903598224377733	0.004570853174686196	0.0012175205890962992
2021-06-24	0	0	0	0.004580234637333147	0.018641738604550095	0.009427499436405862	0.0047706297269980436	0.0019838439091639515
2021-06-25	0	0	8.897451979628102e-7	0.00375611710392465	0.01921445885729467	0.008781368106455245	0.004254615438131548	0.0013663867531898966
2021-06-26	0	0	0	0.005804001608668452	0.02176447307202567	0.010485275249263237	0.003809037191080833	0.0012023614182450348
2021-06-27	8.170351688763233e-6	0	8.897451979628102e-7	0.004235645172506963	0.01692617384021733	0.005613427642474189	0.0014717415057650118	4.772869507083666e-4
2021-06-28	0	0	0	0.0012038222970307544	0.011840579832693487	0.005993099309834493	0.0026124061664947185	8.097639294053494e-4
2021-06-29	0	0	0	0.002049400010100344	0.013550967177863749	0.006221095507327856	0.0031383122509460737	0.0011637785951545965
2021-06-30	0	0	0	0.0023860032528806308	0.01883542329265331	0.007075917150881628	0.003721131705292091	0.0018104194046051347
2021-07-01	0	0	0	0.0035431785285211514	0.023177428295599434	0.008493354266674746	0.004048768130844316	0.0020222723964113953
2021-07-02	0	0	1.7794927915648628e-6	0.0037991383630755493	0.024675338077307263	0.008865529402898309	0.0038552056526559575	0.0017755781694590578
2021-07-03	0	0	0	0.00864331673102825	0.02870174757851518	0.010173555306895565	0.0033694883629571404	0.0012763472655856756
2021-07-04	0	0	8.897481980074673e-7	0.004197554866714803	0.019754166776255966	0.004872755937606943	0.0016368998602882545	4.6081308717527136e-4
2021-07-05	0	0	0	0.001886609824157226	0.01562587196869547	0.005438644714081509	0.002433410371508904	9.431223699511992e-4
2021-07-06	0	0	0	0.00416719137098065	0.020525625323732477	0.006129633100486753	0.003235437013166642	0.0014266788531374086
2021-07-07	0	0	8.897491978743233e-7	0.0077530875918014885	0.02051280377972642	0.006177600687563789	0.0036986600214885534	0.001302614200939134
2021-07-08	8.170418688946413e-6	0	8.897491978743233e-7	0.011838004588157203	0.02276184540152082	0.007663050586071085	0.004006462936315014	0.0012832716965618385
2021-07-09	0	0	0	0.014345679631018848	0.022654365064114668	0.008160418105915834	0.003700483394337928	0.001032086300532864
2021-07-10	0	0	0	0.02339587170318791	0.027089662452953744	0.010703511288475687	0.004118360222731043	0.00115969622383294
2021-07-11	0	0	1.7795007916099337e-6	0.016195624563752453	0.01747099895108728	0.005664692184385922	0.002323419569624008	5.276596061649652e-4
2021-07-12	0	2.02644202662583e-6	0	0.009358756581186567	0.011901199638207016	0.004678642423732393	0.002084986792481258	5.490653681945457e-4
2021-07-13	0	0	0	0.015241203571577655	0.015359579168054971	0.006232842080098777	0.0032298980603699956	0.0011411555590024047
2021-07-14	0	0	2.669256781162588e-6	0.01623989353551125	0.015690810382615883	0.006432062858152676	0.002886122425663995	9.520065791315258e-4
2021-07-15	0	0	0	0.019642577714820586	0.017890083774363408	0.007387172579680357	0.0035230730108599673	0.001291837210844804
2021-07-16	1.6378806706462967e-6	0	7.134531272434685e-7	0.017795812737749106	0.03414262979228311	0.010570614472582118	0.004836427758365458	0.0015516519059093348
2021-07-17	2.1765101843040924e-6	0	9.480762248603725e-7	0.02411283722981805	0.04711439147091867	0.014209447096698469	0.006460735275073626	0.0020653864553024093
2021-07-18	2.177980185980033e-6	0	9.487152250464703e-7	0.02472539630561732	0.04947798781967094	0.014424013038030425	0.00650712567112488	0.0020710523144222837
2021-07-19	2.226615239520058e-6	0	9.698992351481195e-7	0.02592204814500798	0.053232073409878566	0.014963113692846308	0.006696239907223678	0.002121715419079795
2021-07-20	2.235152248841743e-6	0	9.736162369655688e-7	0.02671457715818515	0.05644423800087495	0.015248841794014867	0.006767258948418675	0.0021343788933150254
2021-07-21	2.1790661870468853e-6	0	9.491842252185023e-7	0.026754389337201756	0.05829777772182587	0.015094904031933254	0.006642099371013677	0.0020852370533921416
2021-07-22	2.1366571414382918e-6	0	9.307102164513026e-7	0.02695118154669074	0.06068387311403001	0.015026811264192474	0.006556145761812626	0.00204890950754244
2021-07-23	1.9620799625030827e-6	0	8.546651826257801e-7	0.025420004152781894	0.05924591975180937	0.014005125887783132	0.00605936898813364	0.00188527856882037
2021-07-24	1.9317759329950945e-6	0	8.414641770038145e-7	0.02567754406733247	0.061989638830586724	0.013983877205424156	0.006002006019063311	0.001859644569481178
2021-07-25	1.8860128891962091e-6	0	8.21529168693047e-7	0.025725854902617584	0.06449566262433803	0.013845041292094962	0.005894977690492853	0.0018189571512794434
2021-07-26	1.965677965953816e-6	0	8.56229183332502e-7	0.027528261292446343	0.07190978426838135	0.014634602900513993	0.006180790542933856	0.0018992718083505888
2021-07-27	2.002367002429395e-6	0	8.722101902947088e-7	0.028839722396983847	0.0789594069879731	0.01513019066740795	0.00633548459125155	0.001938419367411015
2021-07-28	1.94974495038025e-6	0	8.492871803600366e-7	0.02891000712803571	0.08342946907764448	0.014957360659474395	0.006208044955542391	0.0018911140781141533
2021-07-29	1.710455731274152e-6	0	7.45055138695605e-7	0.026092788401643308	0.07962349524891343	0.0133146399089763	0.005479105148306518	0.0016620606113688652
2021-07-30	1.3713504700696433e-6	0	5.973440893036752e-7	0.021451420864274207	0.06905501890913524	0.0108117132860448	0.004415834899464732	0.0013346553262099103
2021-07-31	1.2967564204657833e-6	0	5.648510796874007e-7	0.02072299058469329	0.07007078886296969	0.01033379683927893	0.004193897193417229	0.0012637192465834168
2021-08-01	1.2215733731224532e-6	0	5.321020708493052e-7	0.019928425536086758	0.0709033409390809	0.009834800826825862	0.003967134539113015	0.0011919351773668208
2021-08-02	1.4829195498222703e-6	0	6.459411043824304e-7	0.024711028735289187	0.09304005285900141	0.012063894386944884	0.004836076909969789	0.001448764729810481
2021-08-03	1.4078634955616565e-6	0	6.132470939945733e-7	0.06380232414146314	0.03544118947790209	0.011591339789529087	0.004613330705048435	0.001377404310658914
2021-08-04	1.4164045014641857e-6	0	6.169660951016454e-7	0.025825002690997412	0	0.011798621869504977	0.004662855555482848	0.0013876714079841257
2021-08-05	1.358366461312599e-6	0	5.916850875919977e-7	0.025416357811095303	0	0.011448828920915144	0.004492515674271003	0.0013326339783299446
2021-08-06	1.137934323658385e-6	0	4.956680614842668e-7	0.02182375911548262	0	0.009697430037332255	0.003779771668466436	0.0011178123761270697
2021-08-07	1.0942422994375534e-6	0	4.766360568453365e-7	0.02144938907290017	0	0.009415512971127304	0.0036482975186962197	0.0010760794867654688
2021-08-08	9.605022306402589e-7	0	4.183810438096458e-7	0.019227473938514095	0	0.008340842413039784	0.0032137520505606254	9.455435131338064e-4
2021-08-09	1.3590984617728452e-6	0	5.92003087662718e-7	0.027797211238154595	0	0.011911893300500687	0.004563606626359906	0.0013393284501743707
2021-08-10	1.3600104622479847e-6	0	5.924000878732016e-7	0.028611311790594618	0	0.012063592566401882	0.004587601521931051	0.0013420302613054158
2021-08-11	1.2172963703704909e-6	0	5.302350702951486e-7	0.02634259305217812	0	0.010926004392999067	0.0041246131083234605	0.0012027716649194442
2021-08-12	1.1008613030050185e-6	0	4.795180574834745e-7	0.024451428083834603	0	0.00998741712520812	0.003745166568155822	0.0010889964783324935
2021-08-13	1.1972253584069392e-6	0	5.214920679730284e-7	0.02727345027244077	0	0.010973665332708604	0.0040886492631992954	0.0011856414364039836
2021-08-14	1.1694613419876987e-6	0	5.093980648407381e-7	0.02738341282447898	0	0.010837402322273704	0.004010130286228097	0.0011595161194077885
2021-08-15	1.1155303112353465e-6	0	4.859060589446074e-7	0.030721360497707684	0	5.24018648886182e-4	0.0038404172010695348	0.001107306531938912
2021-08-16	1.461516534018159e-6	0	6.366121012568726e-7	0.036367050592193806	0	0	0.005052441792015472	0.0014524774226658543
2021-08-17	1.5470645984283493e-6	0	6.738741136214088e-7	0.039971153273503424	0	0	0.005375724603753795	0.001539762717306381
2021-08-18	1.2926974177762673e-6	0	5.630760793184919e-7	0.03472919932137608	0	0	0.004515116569408839	0.0012884950548766039
2021-08-19	1.2260183757106802e-6	0	5.340310713641827e-7	0.03410681877168109	0	0	0.0043013854792604	0.0012235842896284321
2021-08-20	1.2650284000326195e-6	0	5.510230758343226e-7	0.03644521339484896	0	0	0.004457577499290544	0.0012640794742293515
2021-08-21	1.2189543714402618e-6	0	5.309530703989651e-7	0.03643339812472868	0	0	0.00431427323839384	0.0012195618327659474
2021-08-22	1.0085652542013435e-6	0	4.393120482948376e-7	0.0312331067391447	0	0	0.0035844320382592	0.0010102451488152031
2021-08-23	1.4445245215544134e-6	0	6.292070988678233e-7	0.04634078713814582	0	0	0.005154291680682377	0.0014485545775910769
2021-08-24	1.442485520142256e-6	0	6.283180986610404e-7	0.04852343083499977	0	0	0.005173671719766126	0.0014486046138317832
