2020-02-17	0	0	0	0	0	0	0	0
2020-02-18	0	0	0	0	0	0	0	0
2020-02-19	0	0	0	0	0	0	0	0
2020-02-20	0	0	0	0	0	0	0	0
2020-02-21	0	0	0	0	0	0	0	0
2020-02-22	0	0	0	0	0	0	0	0
2020-02-23	0	0	0	0	0	0	0	0
2020-02-24	0	0	0	0	0	0	0	0
2020-02-25	0	0	0	0	0	0	0	0
2020-02-26	0	0	0	0	0	0	0	0
2020-02-27	0	0	0	0	0	0	0	0
2020-02-28	0	0	0	0	0	0	0	0
2020-02-29	0	0	0	0	0	0	0	0
2020-03-01	0	0	0	0	0	0	0	0
2020-03-02	0	0	0	0	0	0	0	0
2020-03-03	0	0	0	0	0	0	0	0
2020-03-04	0	0	0	0	0	0	0	0
2020-03-05	0	0	0	0	0	0	0	0
2020-03-06	0	0	0	0	0	0	0	0
2020-03-07	0	0	0	0	0	0	0	0
2020-03-08	0	0	0	0	0	0	0	0
2020-03-09	0	0	0	0	0	0	0	0
2020-03-10	0	0	0	0	0	0	0	0
2020-03-11	0	0	0	0	0	0	0	0
2020-03-12	0	0	0	0	0	0	0	0
2020-03-13	0	0	0	0	0	0	0	0
2020-03-14	0	0	0	0	0	0	0	0
2020-03-15	0	0	0	0	0	0	0	0
2020-03-16	0	0	0	0	0	0	0	0
2020-03-17	0	0	0	0	0	0	0	0
2020-03-18	0	0	0	0	0	0	0	0
2020-03-19	0	0	0	0	0	0	0	0
2020-03-20	0	0	0	0	0	0	0	0
2020-03-21	0	0	0	0	0	0	0	0
2020-03-22	0	0	0	0	0	0	0	0
2020-03-23	0	0	0	0	0	0	0	0
2020-03-24	0	0	0	0	0	0	0	0
2020-03-25	0	0	0	0	0	0	0	0
2020-03-26	0	0	0	0	0	0	0	0
2020-03-27	0	0	0	0	0	0	0	0
2020-03-28	0	0	0	0	0	0	0	0
2020-03-29	0	0	0	0	0	0	0	0
2020-03-30	0	0	0	0	0	0	0	0
2020-03-31	0	0	0	0	0	0	0	0
2020-04-01	0	0	0	0	0	0	0	0
2020-04-02	0	0	0	0	0	0	0	0
2020-04-03	0	0	0	0	0	0	0	0
2020-04-04	0	0	0	0	0	0	0	0
2020-04-05	0	0	0	0	0	0	0	0
2020-04-06	0	0	0	0	0	0	0	0
2020-04-07	0	0	0	0	0	0	0	0
2020-04-08	0	0	0	0	0	0	0	0
2020-04-09	0	0	0	0	0	0	0	0
2020-04-10	0	0	0	0	0	0	0	0
2020-04-11	0	0	0	0	0	0	0	0
2020-04-12	0	0	0	0	0	0	0	0
2020-04-13	0	0	0	0	0	0	0	0
2020-04-14	0	0	0	0	0	0	0	0
2020-04-15	0	0	0	0	0	0	0	0
2020-04-16	0	0	0	0	0	0	0	0
2020-04-17	0	0	0	0	0	0	0	0
2020-04-18	0	0	0	0	0	0	0	0
2020-04-19	0	0	0	0	0	0	0	0
2020-04-20	0	0	0	0	0	0	0	0
2020-04-21	0	0	0	0	0	0	0	0
2020-04-22	0	0	0	0	0	0	0	0
2020-04-23	0	0	0	0	0	0	0	0
2020-04-24	0	0	0	0	0	0	0	0
2020-04-25	0	0	0	0	0	0	0	0
2020-04-26	0	0	0	0	0	0	0	0
2020-04-27	0	0	0	0	0	0	0	0
2020-04-28	0	0	0	0	0	0	0	0
2020-04-29	0	0	0	0	0	0	0	0
2020-04-30	0	0	0	0	0	0	0	0
2020-05-01	0	0	0	0	0	0	0	0
2020-05-02	0	0	0	0	0	0	0	0
2020-05-03	0	0	0	0	0	0	0	0
2020-05-04	0	0	0	0	0	0	0	0
2020-05-05	0	0	0	0	0	0	0	0
2020-05-06	0	0	0	0	0	0	0	0
2020-05-07	0	0	0	0	0	0	0	0
2020-05-08	0	0	0	0	0	0	0	0
2020-05-09	0	0	0	0	0	0	0	0
2020-05-10	0	0	0	0	0	0	0	0
2020-05-11	0	0	0	0	0	0	0	0
2020-05-12	0	0	0	0	0	0	0	0
2020-05-13	0	0	0	0	0	0	0	0
2020-05-14	0	0	0	0	0	0	0	0
2020-05-15	0	0	0	0	0	0	0	0
2020-05-16	0	0	0	0	0	0	0	0
2020-05-17	0	0	0	0	0	0	0	0
2020-05-18	0	0	0	0	0	0	0	0
2020-05-19	0	0	0	0	0	0	0	0
2020-05-20	0	0	0	0	0	0	0	0
2020-05-21	0	0	0	0	0	0	0	0
2020-05-22	0	0	0	0	0	0	0	0
2020-05-23	0	0	0	0	0	0	0	0
2020-05-24	0	0	0	0	0	0	0	0
2020-05-25	0	0	0	0	0	0	0	0
2020-05-26	0	0	0	0	0	0	0	0
2020-05-27	0	0	0	0	0	0	0	0
2020-05-28	0	0	0	0	0	0	0	0
2020-05-29	0	0	0	0	0	0	0	0
2020-05-30	0	0	0	0	0	0	0	0
2020-05-31	0	0	0	0	0	0	0	0
2020-06-01	0	0	0	0	0	0	0	0
2020-06-02	0	0	0	0	0	0	0	0
2020-06-03	0	0	0	0	0	0	0	0
2020-06-04	0	0	0	0	0	0	0	0
2020-06-05	0	0	0	0	0	0	0	0
2020-06-06	0	0	0	0	0	0	0	0
2020-06-07	0	0	0	0	0	0	0	0
2020-06-08	0	0	0	0	0	0	0	0
2020-06-09	0	0	0	0	0	0	0	0
2020-06-10	0	0	0	0	0	0	0	0
2020-06-11	0	0	0	0	0	0	0	0
2020-06-12	0	0	0	0	0	0	0	0
2020-06-13	0	0	0	0	0	0	0	0
2020-06-14	0	0	0	0	0	0	0	0
2020-06-15	0	0	0	0	0	0	0	0
2020-06-16	0	0	0	0	0	0	0	0
2020-06-17	0	0	0	0	0	0	0	0
2020-06-18	0	0	0	0	0	0	0	0
2020-06-19	0	0	0	0	0	0	0	0
2020-06-20	0	0	0	0	0	0	0	0
2020-06-21	0	0	0	0	0	0	0	0
2020-06-22	0	0	0	0	0	0	0	0
2020-06-23	0	0	0	0	0	0	0	0
2020-06-24	0	0	0	0	0	0	0	0
2020-06-25	0	0	0	0	0	0	0	0
2020-06-26	0	0	0	0	0	0	0	0
2020-06-27	0	0	0	0	0	0	0	0
2020-06-28	0	0	0	0	0	0	0	0
2020-06-29	0	0	0	0	0	0	0	0
2020-06-30	0	0	0	0	0	0	0	0
2020-07-01	0	0	0	0	0	0	0	0
2020-07-02	0	0	0	0	0	0	0	0
2020-07-03	0	0	0	0	0	0	0	0
2020-07-04	0	0	0	0	0	0	0	0
2020-07-05	0	0	0	0	0	0	0	0
2020-07-06	0	0	0	0	0	0	0	0
2020-07-07	0	0	0	0	0	0	0	0
2020-07-08	0	0	0	0	0	0	0	0
2020-07-09	0	0	0	0	0	0	0	0
2020-07-10	0	0	0	0	0	0	0	0
2020-07-11	0	0	0	0	0	0	0	0
2020-07-12	0	0	0	0	0	0	0	0
2020-07-13	0	0	0	0	0	0	0	0
2020-07-14	0	0	0	0	0	0	0	0
2020-07-15	0	0	0	0	0	0	0	0
2020-07-16	0	0	0	0	0	0	0	0
2020-07-17	0	0	0	0	0	0	0	0
2020-07-18	0	0	0	0	0	0	0	0
2020-07-19	0	0	0	0	0	0	0	0
2020-07-20	0	0	0	0	0	0	0	0
2020-07-21	0	0	0	0	0	0	0	0
2020-07-22	0	0	0	0	0	0	0	0
2020-07-23	0	0	0	0	0	0	0	0
2020-07-24	0	0	0	0	0	0	0	0
2020-07-25	0	0	0	0	0	0	0	0
2020-07-26	0	0	0	0	0	0	0	0
2020-07-27	0	0	0	0	0	0	0	0
2020-07-28	0	0	0	0	0	0	0	0
2020-07-29	0	0	0	0	0	0	0	0
2020-07-30	0	0	0	0	0	0	0	0
2020-07-31	0	0	0	0	0	0	0	0
2020-08-01	0	0	0	0	0	0	0	0
2020-08-02	0	0	0	0	0	0	0	0
2020-08-03	0	0	0	0	0	0	0	0
2020-08-04	0	0	0	0	0	0	0	0
2020-08-05	0	0	0	0	0	0	0	0
2020-08-06	0	0	0	0	0	0	0	0
2020-08-07	0	0	0	0	0	0	0	0
2020-08-08	0	0	0	0	0	0	0	0
2020-08-09	0	0	0	0	0	0	0	0
2020-08-10	0	0	0	0	0	0	0	0
2020-08-11	0	0	0	0	0	0	0	0
2020-08-12	0	0	0	0	0	0	0	0
2020-08-13	0	0	0	0	0	0	0	0
2020-08-14	0	0	0	0	0	0	0	0
2020-08-15	0	0	0	0	0	0	0	0
2020-08-16	0	0	0	0	0	0	0	0
2020-08-17	0	0	0	0	0	0	0	0
2020-08-18	0	0	0	0	0	0	0	0
2020-08-19	0	0	0	0	0	0	0	0
2020-08-20	0	0	0	0	0	0	0	0
2020-08-21	0	0	0	0	0	0	0	0
2020-08-22	0	0	0	0	0	0	0	0
2020-08-23	0	0	0	0	0	0	0	0
2020-08-24	0	0	0	0	0	0	0	0
2020-08-25	0	0	0	0	0	0	0	0
2020-08-26	0	0	0	0	0	0	0	0
2020-08-27	0	0	0	0	0	0	0	0
2020-08-28	0	0	0	0	0	0	0	0
2020-08-29	0	0	0	0	0	0	0	0
2020-08-30	0	0	0	0	0	0	0	0
2020-08-31	0	0	0	0	0	0	0	0
2020-09-01	0	0	0	0	0	0	0	0
2020-09-02	0	0	0	0	0	0	0	0
2020-09-03	0	0	0	0	0	0	0	0
2020-09-04	0	0	0	0	0	0	0	0
2020-09-05	0	0	0	0	0	0	0	0
2020-09-06	0	0	0	0	0	0	0	0
2020-09-07	0	0	0	0	0	0	0	0
2020-09-08	0	0	0	0	0	0	0	0
2020-09-09	0	0	0	0	0	0	0	0
2020-09-10	0	0	0	0	0	0	0	0
2020-09-11	0	0	0	0	0	0	0	0
2020-09-12	0	0	0	0	0	0	0	0
2020-09-13	0	0	0	0	0	0	0	0
2020-09-14	0	0	0	0	0	0	0	0
2020-09-15	0	0	0	0	0	0	0	0
2020-09-16	0	0	0	0	0	0	0	0
2020-09-17	0	0	0	0	0	0	0	0
2020-09-18	0	0	0	0	0	0	0	0
2020-09-19	0	0	0	0	0	0	0	0
2020-09-20	0	0	0	0	0	0	0	0
2020-09-21	0	0	0	0	0	0	0	0
2020-09-22	0	0	0	0	0	0	0	0
2020-09-23	0	0	0	0	0	0	0	0
2020-09-24	0	0	0	0	0	0	0	0
2020-09-25	0	0	0	0	0	0	0	0
2020-09-26	0	0	0	0	0	0	0	0
2020-09-27	0	0	0	0	0	0	0	0
2020-09-28	0	0	0	0	0	0	0	0
2020-09-29	0	0	0	0	0	0	0	0
2020-09-30	0	0	0	0	0	0	0	0
2020-10-01	0	0	0	0	0	0	0	0
2020-10-02	0	0	0	0	0	0	0	0
2020-10-03	0	0	0	0	0	0	0	0
2020-10-04	0	0	0	0	0	0	0	0
2020-10-05	0	0	0	0	0	0	0	0
2020-10-06	0	0	0	0	0	0	0	0
2020-10-07	0	0	0	0	0	0	0	0
2020-10-08	0	0	0	0	0	0	0	0
2020-10-09	0	0	0	0	0	0	0	0
2020-10-10	0	0	0	0	0	0	0	0
2020-10-11	0	0	0	0	0	0	0	0
2020-10-12	0	0	0	0	0	0	0	0
2020-10-13	0	0	0	0	0	0	0	0
2020-10-14	0	0	0	0	0	0	0	0
2020-10-15	0	0	0	0	0	0	0	0
2020-10-16	0	0	0	0	0	0	0	0
2020-10-17	0	0	0	0	0	0	0	0
2020-10-18	0	0	0	0	0	0	0	0
2020-10-19	0	0	0	0	0	0	0	0
2020-10-20	0	0	0	0	0	0	0	0
2020-10-21	0	0	0	0	0	0	0	0
2020-10-22	0	0	0	0	0	0	0	0
2020-10-23	0	0	0	0	0	0	0	0
2020-10-24	0	0	0	0	0	0	0	0
2020-10-25	0	0	0	0	0	0	0	0
2020-10-26	0	0	0	0	0	0	0	0
2020-10-27	0	0	0	0	0	0	0	0
2020-10-28	0	0	0	0	0	0	0	0
2020-10-29	0	0	0	0	0	0	0	0
2020-10-30	0	0	0	0	0	0	0	0
2020-10-31	0	0	0	0	0	0	0	0
2020-11-01	0	0	0	0	0	0	0	0
2020-11-02	0	0	0	0	0	0	0	0
2020-11-03	0	0	0	0	0	0	0	0
2020-11-04	0	0	0	0	0	0	0	0
2020-11-05	0	0	0	0	0	0	0	0
2020-11-06	0	0	0	0	0	0	0	0
2020-11-07	0	0	0	0	0	0	0	0
2020-11-08	0	0	0	0	0	0	0	0
2020-11-09	0	0	0	0	0	0	0	0
2020-11-10	0	0	0	0	0	0	0	0
2020-11-11	0	0	0	0	0	0	0	0
2020-11-12	0	0	0	0	0	0	0	0
2020-11-13	0	0	0	0	0	0	0	0
2020-11-14	0	0	0	0	0	0	0	0
2020-11-15	0	0	0	0	0	0	0	0
2020-11-16	0	0	0	0	0	0	0	0
2020-11-17	0	0	0	0	0	0	0	0
2020-11-18	0	0	0	0	0	0	0	0
2020-11-19	0	0	0	0	0	0	0	0
2020-11-20	0	0	0	0	0	0	0	0
2020-11-21	0	0	0	0	0	0	0	0
2020-11-22	0	0	0	0	0	0	0	0
2020-11-23	0	0	0	0	0	0	0	0
2020-11-24	0	0	0	0	0	0	0	0
2020-11-25	0	0	0	0	0	0	0	0
2020-11-26	0	0	0	0	0	0	0	0
2020-11-27	0	0	0	0	0	0	0	0
2020-11-28	0	0	0	0	0	0	0	0
2020-11-29	0	0	0	0	0	0	0	0
2020-11-30	0	0	0	0	0	0	0	0
2020-12-01	0	0	0	0	0	0	0	0
2020-12-02	0	0	0	0	0	0	0	0
2020-12-03	0	0	0	0	0	0	0	0
2020-12-04	0	0	0	0	0	0	0	0
2020-12-05	0	0	0	0	0	0	0	0
2020-12-06	0	0	0	0	0	0	0	0
2020-12-07	0	0	0	0	0	0	0	0
2020-12-08	0	0	0	0	0	0	0	0
2020-12-09	0	0	0	0	0	0	0	0
2020-12-10	0	0	0	0	0	0	0	0
2020-12-11	0	0	0	0	0	0	0	0
2020-12-12	0	0	0	0	0	0	0	0
2020-12-13	0	0	0	0	0	0	0	0
2020-12-14	0	0	0	0	0	0	0	0
2020-12-15	0	0	0	0	0	0	0	0
2020-12-16	0	0	0	0	0	0	0	0
2020-12-17	0	0	0	0	0	0	0	0
2020-12-18	0	0	0	0	0	0	0	0
2020-12-19	0	0	0	0	0	0	0	0
2020-12-20	0	0	0	0	0	0	0	0
2020-12-21	0	0	0	0	0	0	0	0
2020-12-22	0	0	0	0	0	0	0	0
2020-12-23	0	0	0	0	0	0	0	0
2020-12-24	0	0	0	0	0	0	0	0
2020-12-25	0	0	0	0	0	0	0	0
2020-12-26	0	0	0	0	0	0	0	0
2020-12-27	0	0	0	0	0	0	0	0
2020-12-28	0	0	0	0	0	0	0	0
2020-12-29	0	0	0	0	0	0	0	0
2020-12-30	0	0	0	0	0	0	0	0
2020-12-31	0	0	0	0	0	0	0	0
2021-01-01	0	0	0	0	0	0	0	0
2021-01-02	0	0	0	0	0	0	0	0
2021-01-03	0	0	0	0	0	0	0	0
2021-01-04	0	0	0	0	0	0	0	0
2021-01-05	0	0	0	0	0	0	0	0
2021-01-06	0	0	0	0	0	0	0	0
2021-01-07	0	0	0	0	0	0	0	0
2021-01-08	0	0	0	0	0	0	0	0
2021-01-09	0	0	0	0	0	0	0	0
2021-01-10	0	0	0	0	0	0	0	0
2021-01-11	0	0	0	0	0	0	0	0
2021-01-12	0	0	0	0	0	0	0	0
2021-01-13	0	0	0	0	0	0	0	0
2021-01-14	0	0	0	0	0	0	0	0
2021-01-15	0	0	0	0	0	0	0	0
2021-01-16	0	0	0	0	0	0	0	0
2021-01-17	0	0	0	0	0	0	0	0
2021-01-18	0	0	0	0	0	0	0	0
2021-01-19	0	0	0	0.003625015566758538	0.006449144304310872	0.006176228651713522	0.0025694108103462288	7.653334077402096e-4
2021-01-20	0	0	0	0.005755407615988251	0.007475901208730873	0.006956542816433542	0.004731245948901508	6.947893456747956e-4
2021-01-21	0	0	0	0.004906477799168973	0.006705506788140969	0.00542273239854052	0.0048071740004371755	7.499960730792399e-4
2021-01-22	0	0	0	2.752735543971596e-4	0.0012697910093155684	7.954413299515739e-4	1.936202144039445e-4	8.499227632574602e-6
2021-01-23	0	0	0	0.0037032170376163354	0.007168755192716647	0.006887699824021487	0.004020839304066159	0.0012040791330092393
2021-01-24	0	0	0	0.006603192627468335	0.005086692285637406	0.005660763259884627	0.003911462540218347	6.788630466725287e-4
2021-01-25	0	0	0	0.011376375206942235	0.009772884692598405	0.011755244698846479	0.006294822398374089	0.0022929657984367413
2021-01-26	0	0	0	0.016557155378047028	0.015492512099692712	0.01772167266424063	0.01569186788774246	0.04541887910183551
2021-01-27	0	0	0	0.015027163391346798	0.015228920173351757	0.020063900544602387	0.02582440605226899	0.09240514369602737
2021-01-28	0	0	0	0.018935337576786226	0.0196527294268376	0.025224523470118276	0.021450297318846623	0.09177036503362812
2021-01-29	0	0	0	0.019849015605648113	0.02525584547985904	0.029869887595717515	0.028753183523569703	0.08247099763140708
2021-01-30	0	0	0	0.01733213982311632	0.017605016335556334	0.02079950478428705	0.022324184976743267	0.09750465627251104
2021-01-31	0	0	0	0.013946980842671985	0.013364490457980605	0.018555536520205917	0.025068756181924723	0.03522058625731539
2021-02-01	0	0	0	0.0055575408733483656	0.008132092082718811	0.008255700147009826	0.007133696156974567	0.008909497280851886
2021-02-02	0	0	0	0.0029621746758237144	0.005062566881574027	0.006915040531933592	0.0033767226707070996	0.009148530572510749
2021-02-03	0	0	0	0.0038342776771254083	0.00787401368843299	0.00852615787395905	0.0057128325579725026	0.008272846370159792
2021-02-04	0	0	0	0.0022863682810045916	0.002925584882754073	0.0038285248449030362	0.003912831086288815	0.0023870772813732177
2021-02-05	0	0	0	8.585533771878762e-4	0.0020461787411318877	0.0016664296480373153	8.070048345332204e-4	2.873489984265287e-4
2021-02-06	0	0	0	1.5205078518198967e-4	2.534372436202581e-4	4.1218831692146907e-4	3.169823302260344e-4	8.909569894943736e-5
2021-02-07	0	0	0	2.1061129988009242e-4	1.1907951545175877e-4	2.6128068188624454e-4	8.312379214325816e-5	0
2021-02-08	0	0	0	6.71118437740148e-4	6.790253305271055e-4	7.837025018002652e-4	2.7837152791776454e-4	2.2377387719818564e-4
2021-02-09	0	0	0	1.887237560229682e-4	2.075181652241298e-4	4.955278686595843e-4	2.638199252051887e-4	3.70126703651108e-4
2021-02-10	0	0	0	2.362111736122774e-4	2.4742013063616675e-4	4.4431020415558464e-4	4.037685101709876e-4	1.1892634557675308e-4
2021-02-11	0	0	0	2.7492542777696194e-4	4.970409087814431e-4	3.983402529135205e-4	2.0525903010515378e-4	5.799269873141277e-5
2021-02-12	0	0	0	5.087828642769132e-5	2.282380713096721e-4	3.9974774938111857e-4	2.2238283273279258e-4	3.7015934040818266e-5
2021-02-13	0	0	0	0	1.883198874255143e-4	2.824931316898205e-4	7.909984380871649e-5	4.291952946378075e-5
2021-02-14	0	0	0	1.3279477688521446e-4	4.55769972304898e-4	6.197386917368153e-4	7.680757018246887e-5	1.3073732583412934e-5
2021-02-15	0	0	0	5.149993647888262e-4	6.745295844108323e-4	4.6163270631582876e-4	1.270634577366092e-4	3.610585600122285e-5
2021-02-16	0	0	0	1.6466326390496278e-4	2.463281716396093e-4	2.867408193156784e-4	6.661448533828995e-5	2.4831199575414686e-5
2021-02-17	0	0	0	2.3669105982415672e-4	2.3774852234148547e-4	3.037126123128786e-4	7.314085101817192e-5	2.2146153541013902e-5
2021-02-18	0	0	0	7.564725686837193e-5	5.878663089624592e-4	9.409301109393198e-4	2.218721579456684e-4	3.728076092324173e-5
2021-02-19	0	0	0	2.538048069971044e-4	7.330187131397992e-4	9.834357915528003e-4	4.227945290433688e-4	6.935257963225361e-5
2021-02-20	0	0	0	6.196533532552007e-4	8.461020195946745e-4	0.0011040095911400982	3.0744494735923666e-4	8.942485357854579e-5
2021-02-21	0	0	0	1.974626060003981e-4	4.7375615667344384e-4	4.8544643871495374e-4	1.8364110915558562e-4	1.3235194367133829e-5
2021-02-22	0	0	0	2.5774856734384066e-4	0.00033292555418551473	5.635942999511201e-4	1.1277877512427814e-4	3.844601219094024e-5
2021-02-23	0	0	0	1.5690827950676223e-4	5.590152840155849e-4	6.089727231584074e-4	5.024627654948155e-5	2.3579298163101114e-5
2021-02-24	0	0	0	3.964895464843021e-4	9.001899856788675e-4	9.767927382635655e-4	1.854685402975509e-4	2.590705546341443e-4
2021-02-25	0	0	0	1.1823825017720502e-4	6.198486197890318e-4	7.186290432867892e-4	1.2690543231475004e-4	1.611034066104633e-4
2021-02-26	0	0	0	4.0087620486572995e-4	7.515158681445921e-4	9.045100556126506e-4	1.2385367064982056e-4	7.505619835490585e-5
2021-02-27	0	0	0	1.3862031220090998e-4	1.7141443202750573e-4	1.7076259761017454e-4	3.498124131207092e-5	2.520476088374579e-5
2021-02-28	0	0	0	2.6602289128208056e-5	3.728853737361426e-5	5.737358091217892e-5	1.8886339982815414e-5	1.4665772543054345e-6
2021-03-01	0	0	0	5.502892398148163e-4	8.97589544984978e-4	8.048169850556341e-4	6.305444563770024e-5	2.3347711633148194e-5
2021-03-02	0	0	0	5.146150764481217e-4	0.001074807723225657	0.0011037462018255173	8.238487746670131e-5	3.338785473472328e-5
2021-03-03	0	0	0	9.297242111319104e-4	0.0015201729112641615	0.0012520694686102285	1.0717134901971903e-4	2.1659046894217937e-5
2021-03-04	0	0	0	7.839102723909974e-4	0.0012106238302216354	0.0011993965091927627	1.3017258050429525e-4	4.985222198181649e-4
2021-03-05	0	0	0	6.913362663416578e-4	0.0012406588316260514	0.0011720319026202741	1.7125438694320927e-4	5.492517264114039e-4
2021-03-06	0	0	0	3.470033396271166e-4	6.242581175568418e-4	6.931417766300463e-4	8.671424970674302e-5	1.8508565590202863e-4
2021-03-07	0	0	0	6.70552143999803e-5	1.2881795735686374e-4	3.064473947553825e-4	2.726090085380939e-5	1.4180163228072473e-5
2021-03-08	0	0	0	1.5435756953929847e-4	1.7738782813259135e-4	1.9819949960808714e-4	2.6464550152427435e-5	3.1158008636955614e-5
2021-03-09	0	0	0	8.452856738601078e-4	8.243912624263938e-4	8.938300578209546e-4	9.791047749652115e-5	6.504704246257376e-5
2021-03-10	0	0	0	5.724310947328171e-4	6.710121837227856e-4	6.52041873093534e-4	6.396613285652997e-5	2.796098749842102e-4
2021-03-11	0	0	0	3.693861039721913e-4	6.421180705920015e-4	6.325767281043504e-4	9.423251315254788e-5	7.333487527083626e-5
2021-03-12	0	0	0	3.357643353059103e-4	5.669341915646164e-4	5.090519446688813e-4	5.04366347258145e-5	7.744589087321785e-5
2021-03-13	0	0	0	1.5367769967178369e-4	1.7187813871721858e-4	1.991932677616326e-4	1.8750858019611627e-5	1.6881792283873764e-5
2021-03-14	0	0	0	2.4225822019752208e-4	2.8703141784225394e-4	0.00023142518567165205	9.222877083159275e-6	5.622431251683935e-6
2021-03-15	0	0	0	0.0013832471995618434	0.0021428858243450755	0.0012839485563651554	9.173127720329965e-5	3.794457071504276e-5
2021-03-16	0	0	0	0.001202153055255728	0.0020405058875963	0.0011238559000139592	1.1695610062756323e-4	4.944230004715333e-4
2021-03-17	0	0	0	0.0017773357698003256	0.0026034777605092874	0.0019067732017246097	2.0691833432140427e-4	5.938999030543624e-4
2021-03-18	0	0	0	0.0021488469049124603	0.0031020872172824454	0.0018976835327808583	1.8175503589534792e-4	7.368827234628395e-4
2021-03-19	0	0	0	0.0021597121188674517	0.0027165790500924825	0.0017111157703217916	1.756995039878806e-4	3.7171605843333566e-4
2021-03-20	0	0	0	0.001061651100607186	0.0017464911118050264	0.0011469814234268405	1.415214676803167e-4	8.735262728685189e-4
2021-03-21	0	0	0	6.091525306908263e-4	9.340221203661958e-4	5.421824264284503e-4	5.174966224963384e-5	8.989858113606086e-4
2021-03-22	0	0	0	8.103545633724174e-4	0.0014180951318321089	9.218357636537888e-4	9.082390170678245e-5	4.91182233908205e-4
2021-03-23	0	0	0	0.0022774049444209687	0.002988138764538961	0.0019410200266489763	2.888913930332304e-4	0.005556491435864563
2021-03-24	0	0	0	0.0028105483357678818	0.003418209154101959	0.0023221461812878985	3.601240198647382e-4	0.007499398459737572
2021-03-25	0	0	0	0.002915656345526596	0.0036669588130722186	0.0025018631227311516	3.592845395055111e-4	0.006299066947013987
2021-03-26	0	0	0	0.002811491010854983	0.00358819905359109	0.0020469026486440445	3.6932063541583737e-4	0.0015262465138543568
2021-03-27	0	0	0	0.001982250340630598	0.0020902543391958517	0.001345152366927893	2.684016873031325e-4	0.001436956925605637
2021-03-28	0	0	0	0.0010704776434928842	0.00151882694579486	8.242756504222015e-4	1.1206402359009715e-4	5.72220688470626e-5
2021-03-29	0	0	0	0.002520747407987134	0.0037502962914106597	0.0021353192937307863	3.310623482299935e-4	0.0011103369497640347
2021-03-30	0	0	0	0.003812530057232477	0.005107758305753718	0.0031061353700041483	5.051306925807353e-4	0.005159108925981037
2021-03-31	0	0	0	0.00478960884638413	0.0058518793404358505	0.003538752770422704	6.007521552342521e-4	0.010099439481879413
2021-04-01	0	0	0	0.002997545002381141	0.00489467141261124	0.0026773204468864	4.59826286590026e-4	0.00781496625692868
2021-04-02	0	0	0	0.004438282047331654	0.0058451172243279	0.0033437011380468284	5.939516060429195e-4	0.010683962541832681
2021-04-03	0	0	0	0.003073373829741044	0.003923362679626452	0.0022927077958521114	5.436894699550887e-4	0.0060530508976694986
2021-04-04	0	0	0	0.0017175379484124509	0.002280924627716008	0.0011029048097410676	1.5769441236757054e-4	2.751589148706213e-4
2021-04-05	0	0	0	0.0028294214154533925	0.004435201770020658	0.0022343858147924056	4.30732210967566e-4	2.5288267758050154e-4
2021-04-06	0	0	0	0.00443834115344055	0.006143121472715007	0.003206199445079827	8.319175402875523e-4	0.004355478827401171
2021-04-07	0	0	0	0.006784484983812122	0.00842556705402897	0.00414976817940893	0.001167524340515591	0.00881135731547622
2021-04-08	0	0	0	0.0071325555982029165	0.00794308121541798	0.003884860997100281	0.001123049304129431	0.011645824260169801
2021-04-09	0	0	0	0.005401377118656292	0.006881200096191531	0.003302875580420306	0.0010931246496344027	0.008874963742226516
2021-04-10	0	0	0	0.004502853182766886	0.004782785218899077	0.0022335209181363336	0.0010284759952454703	0.005641061528762981
2021-04-11	0	0	0	0.003136886102334868	0.004514251368883615	0.0018684976682947774	8.518526395888681e-4	0.001730291229069314
2021-04-12	0	0	0	0.005812405865240455	0.007999823144585694	0.0032102797785671378	0.001273435960139846	0.0038334202038550202
2021-04-13	0	0	0	0.008867069943731432	0.011030706442090477	0.004630056931171023	0.0028641907634332497	0.017799974234782523
2021-04-14	0	0	0	0.009007872515611082	0.01136355031782843	0.004665035799182871	0.003930662489196157	0.03337006984001234
2021-04-15	0	0	0	0.010724160756641732	0.012639471074643804	0.005426040565341239	0.005167460878068075	0.03705856259226037
2021-04-16	0	0	0	0.010601526964086005	0.011704277067642321	0.0053196881389112605	0.004757314236013999	0.03379638187391687
2021-04-17	0	0	0	0.008586997835060561	0.009476553125106424	0.0043204796987177385	0.006491837512141663	0.04061623440312245
2021-04-18	0	0	0.034785262237930104	0.004507220988374749	0.005640302141013187	0.0022215802577734145	0.002515721974211793	0.012290964409992888
2021-04-19	0	0	0	0.008317430966227946	0.00934691816542288	0.0036621433760195554	0.0024259097946528474	0.014502249763798769
2021-04-20	0	0	0	0.009778768908668356	0.011689878279069754	0.0047043338222709785	0.0047018503579956406	0.034137331750135
2021-04-21	0	0	0	0.011336426012295453	0.011892387479405464	0.005171359371792805	0.0069778582710313675	0.0585172390815909
2021-04-22	0	0.2111456180001683	0	0.011922953886383869	0.012485267416996626	0.005746829606294579	0.008056374060957383	0.07622980702578852
2021-04-23	0	0	0	0.00549018017927505	0.006342030915412966	0.0030035930032628055	0.004931828315379638	0.044170234529440355
2021-04-24	0	0	0	0.005096350586179854	0.005528220645900417	0.002668873460112575	0.004356573224313154	0.029518020025313785
2021-04-25	0	0	0	0.0015017657367391024	0.0016378913549774943	5.352910237448327e-4	2.9061246730566204e-4	0.001627775866446246
2021-04-26	0	0	0	0.0038726441891634433	0.003706568128591714	0.0012406117023964214	7.004817436431221e-4	0.002873271795276411
2021-04-27	0	0	0	0.007813388038688363	0.008308199466414035	0.0035228565074441054	0.005755349807169852	0.018132521678996705
2021-04-28	0	0	0	0.01206141363443658	0.011774740116604843	0.0053943482642277996	0.009788173557355284	0.07990652348084226
2021-04-29	0	0	0	0.012228637574287271	0.01218667469322643	0.005733356401431244	0.012656678205860139	0.08633292692670302
2021-04-30	0	0.2679491924311228	0	0.01223646031178971	0.012440099230067725	0.00571268949164927	0.016289821283959283	0.09232697556214986
2021-05-01	0	0	0	0.013988007254072787	0.013221867397818166	0.006397014524613498	0.028677423451590967	0.11245715110721344
2021-05-02	0	0	0	0.005396650551382498	0.005100897877348354	0.0022505837115600613	0.0069616233044942355	0.03445224894569088
2021-05-03	0	0	0	0.007530965359305641	0.00685767643023949	0.0028874548564163938	0.0048880463528362394	0.025728745510665618
2021-05-04	0	0	0	0.010047454078120355	0.009577882654596914	0.00470428439134607	0.012737811366481111	0.03962731774830397
2021-05-05	0	0	0	0.009620453040953825	0.00872677324482507	0.004067011168716661	0.01631022374883928	0.05151196607694075
2021-05-06	0	0	0.027212152335712503	0.009799127279777053	0.00908608412104761	0.0045799073739709595	0.021781230951660513	0.09104685108376032
2021-05-07	0	0	0	0.012158478723851784	0.01036021221878669	0.005452339966385278	0.02994722636225089	0.14573473885460153
2021-05-08	0	0	0.0563493683848999	0.013274837229037662	0.011989790460230187	0.007621877975915181	0.04370131002071265	0.17137296558081427
2021-05-09	0	0	0	0.005991410563627619	0.004900129019020039	0.0029099929533977775	0.017110373500426324	0.060261885938758475
2021-05-10	0	0	0	0.0069930830644426845	0.006297478519540878	0.0028457789462423833	0.01570110966488225	0.06770386980376264
2021-05-11	0	0	0	0.008840297366994765	0.008559869617302596	0.004625616215704342	0.025623630613961668	0.09248165793993302
2021-05-12	0	0	0	0.009697564624342236	0.009317990704850176	0.005131415943604445	0.03619709415974781	0.10902971205051126
2021-05-13	0	0	0	0.010625857078413459	0.009946179710138336	0.0059224893815397195	0.0474843833755032	0.09351096408030468
2021-05-14	0	0	0	0.011608681537934595	0.010654826186738742	0.0063877511090257855	0.061351438957184534	0.11448644758291326
2021-05-15	0	0	0	0.014831671432182336	0.013437367920217325	0.009775472913564398	0.08789608690922601	0.1469536572524337
2021-05-16	0.2111456180001683	0	0.028778478781675387	0.006645026020808853	0.00602402299029392	0.00455137524058058	0.039886075061063675	0.08164080311111355
2021-05-17	0	0	0	0.00793138064442056	0.0069356773983766384	0.0041140952947529286	0.047044871679003286	0.08380289237755978
2021-05-18	0	0	0.029631267712443954	0.007701460210176814	0.007485896607247522	0.005488928948254923	0.05928044388812048	0.0861368334888315
2021-05-19	0	0	0	0.010151391384163988	0.0086930465131414	0.006497622445482021	0.08167620121269903	0.1163498745913818
2021-05-20	0	0	0	0.013823968122862906	0.013059345045197457	0.010060004394697675	0.11048283942339276	0.13004717784930686
2021-05-21	0	0	0	0.013784540467716822	0.013371795284371268	0.009793564056731263	0.09597396184393747	0.11084869694994448
2021-05-22	0	0	0	0.016298439009851506	0.012548984163408106	0.010900546073096429	0.09803623515770155	0.08421612573642778
2021-05-23	0	0	0	0.007575609828039065	0.005885849904171847	0.004443767558044431	0.047400193824462145	0.047037218463148456
2021-05-24	0	0	0	0.004414531716895098	0.0032709551087104494	0.002566809003506476	0.045071261021635944	0.02367204304625581
2021-05-25	0	0	0	0.00821082076088353	0.007618184425054464	0.005523903352942616	0.06471724346581653	0.056886362629605225
2021-05-26	0	0	0.02797340563346129	0.013491511100571785	0.01068087272770235	0.011779364875869058	0.09667362908573973	0.06678170335398592
2021-05-27	0	0	0.028778478781675387	0.018648729866559632	0.014111612900783221	0.015084881007757511	0.12013866633699277	0.08413741637733407
2021-05-28	0	0	0	0.020502249357301716	0.014980942778042294	0.016080416154156785	0.13248813921826375	0.07851657419327251
2021-05-29	0	0	0.029631267712443954	0.027927831244567658	0.021941074297459062	0.023316325880663458	0.1323905054200698	0.06928067952948869
2021-05-30	0	0	0	0.009930454919131915	0.007698116739458749	0.005861332237229844	0.06233768267745843	0.02069355452039634
2021-05-31	0	0	0	0.008839516169256045	0.007340190376908362	0.007021768545619755	0.06579724291655031	0.026649795203480098
2021-06-01	0	0	0	0.01681033330555537	0.012154800234775776	0.015279546791907794	0.09536189099439074	0.05190706046485616
2021-06-02	0	0	0.3303057801265563	0.026839926222519628	0.018244101033471294	0.023899021396409426	0.11494694147770934	0.07719688646558387
2021-06-03	0	0	0.037386474149367244	0.032474657024118336	0.020772015895948348	0.024524898245728677	0.12484079949268811	0.059683828628747104
2021-06-04	0	0	0	0.023165182675075613	0.015359935290107707	0.02009255982090985	0.11119786967065037	0.05194129967271688
2021-06-05	0	0	0.07549910270124749	0.031492106571351375	0.021409945782529194	0.02710315876952185	0.10413582019867307	0.04659996673173761
2021-06-06	0	0	0	0.011456529026417916	0.008159493261945094	0.011661923757799952	0.04861337545407496	0.01522927142088526
2021-06-07	0	0	0	0.010080359651225335	0.008126672515100797	0.015787048748773458	0.06904940436431617	0.02737991353739888
2021-06-08	0	0	0	0.012473749016072011	0.0087591178434554	0.018467171883028044	0.06837293315607273	0.036446660119614505
2021-06-09	0	0	0.038838648618159555	0.017129043369001895	0.010514108521717747	0.023830465470273454	0.069938282111218	0.045710850922559665
2021-06-10	0	0	0.03603898787606852	0.022683158852834895	0.013437724732181966	0.0295024471934604	0.08562635029322041	0.04301710841012807
2021-06-11	0	0	0	0.025718531120257015	0.01545946861297165	0.035211294763924705	0.08771659012864097	0.044870201404581866
2021-06-12	0	0	0.037386474149367244	0.03830279015242777	0.021378124017179978	0.054580119109752134	0.10138329446292205	0.0397707170070003
2021-06-13	0	0	0	0.01548140584927249	0.008504385190054142	0.02423334880634087	0.038951964040906395	0.015508117185732528
2021-06-14	0	0	0	0.014694892878734933	0.008506682436652424	0.02922505816015586	0.05212948113985205	0.021364018228914317
2021-06-15	0	0	0	0.01950150316394228	0.010538906982353602	0.03820706466070356	0.061905645133894405	0.03209837239754343
2021-06-16	0	0	0	0.020714406603732805	0.009433660090223617	0.03742102491152899	0.06150376798541424	0.04050678287488885
2021-06-17	0	0	0.037386474149367244	0.024625041725760743	0.012004599196428156	0.04180771751483792	0.0683981421976716	0.039202191406118025
2021-06-18	0	0	0	0.025871991935214167	0.012779748507877331	0.04770968556751165	0.06822461400212854	0.03611909886760212
2021-06-19	0	0	0	0.03009374702248868	0.012468598916784757	0.05482974829632514	0.06579793666558298	0.026571376728830476
2021-06-20	0	0	0	0.012186887058906581	0.005338905583325504	0.030901826849078606	0.0355508063846075	0.0113495032972446
2021-06-21	0	0	0	0.010167371142724146	0.004395189487788498	0.026100867161344743	0.02943847780860054	0.006142856626007331
2021-06-22	0	0	0	0.014740914207741485	0.00668051771520739	0.046946251798855254	0.03951244574680368	0.02131469400415642
2021-06-23	0	0	0	0.018528417279318976	0.007870621747094964	0.04572471664065669	0.04346837256637093	0.027849625402300626
2021-06-24	0	0	0.03603898787606852	0.02660395553614503	0.01044173314116481	0.057356432282726244	0.05518028242642514	0.02482026548360916
2021-06-25	0.1742581416494462	0	0	0.023105524414070544	0.009906942685382614	0.05613274568090931	0.04804259555680335	0.02152504599339533
2021-06-26	0	0	0	0.0358854509421167	0.013857524406814425	0.07466508037001618	0.05508253796974061	0.025482288883963866
2021-06-27	0	0	0.03252249264814111	0.016677447766435094	0.006093823641305507	0.04007552013339888	0.024205586353545527	0.008589604788848515
2021-06-28	0	0	0	0.016600717810433707	0.006834690572646407	0.053968590322739374	0.03315146727437823	0.0207832514389632
2021-06-29	0	0	0	0.01953512851168626	0.00806132106876789	0.04969355415349619	0.03465018811822462	0.024001841083514552
2021-06-30	0	0	0.03361583949964997	0.020802363976061056	0.009201592619865862	0.05284613644978675	0.038325993701186833	0.028715566878503518
2021-07-01	0	0	0	0.02282357888832287	0.010370440664244862	0.056078264486523643	0.0433568749217188	0.029265642897090993
2021-07-02	0	0	0.03252249264814111	0.023159402071379454	0.01017963044218928	0.05687502790481935	0.036104050936566656	0.020388958090615805
2021-07-03	0	0	0.06559169670129683	0.027414356620274694	0.011565553351218005	0.0674346416905931	0.043752104257639646	0.021718944657685313
2021-07-04	0	0	0	0.01157653578855311	0.00537349973615564	0.035496271391468825	0.015809598883492315	0.008759876640524578
2021-07-05	0	0	0	0.01263224119729367	0.0064315773087439965	0.04253755677069826	0.021945682717526616	0.014394952638527192
2021-07-06	0	0	0	0.016809896648005695	0.008238426317838998	0.044416131366335154	0.03229108020240168	0.02312344351226514
2021-07-07	0	0	0	0.015892989568893068	0.0081044054538632615	0.044614132927869976	0.03148620069229979	0.024061196102404647
2021-07-08	0	0	0	0.014634947331445547	0.00982524926441286	0.04843782047127676	0.0392099923076048	0.027976639685991733
2021-07-09	0	0	0	0.010546910040701185	0.008993010510846888	0.048431920406514006	0.026752818315326277	0.017467583465860193
2021-07-10	0	0	0.027212152335712503	0.013914670226281567	0.010334710761672694	0.052380453444590636	0.03192221473644463	0.01616744581266749
2021-07-11	0	0	0	0.003908870683112076	0.003662841655240223	0.0247283345122713	0.00922436782714997	0.004232041258728447
2021-07-12	0	0	0	0.0041364533472927345	0.004798863056879377	0.028227085213487157	0.014236059606708373	0.009597625622942862
2021-07-13	0	0	0	0.004727541914195221	0.00629494572754874	0.031908773922397105	0.01821303889911574	0.013363315124514275
2021-07-14	0	0	0.05334294643084947	0.0037398463012268124	0.007230110103015219	0.031980061632036705	0.017977892880702617	0.015733156498564327
2021-07-15	0	0	0	0.0030615849001183193	0.006877901575006451	0.03167134668612981	0.018670701598661354	0.01922940308613752
2021-07-16	0.5857864376269049	2	0	0.027063404929237977	0	0	0.44436317333393394	0.5529915552119316
2021-07-17	0	0	0	0.004820812477845937	0	0	0.016733100196146822	0.016830593757873435
2021-07-18	0	0	0	0.0030044120718910605	0	0	0.015840365609753215	0.01388217076112186
2021-07-19	0	0	0	4.406306674182847e-4	0	0	0.0027050095554719267	0.002005013035349945
2021-07-20	0	0	0	4.037779259220553e-4	0	0	0.002559482925541534	0.0027629526535482007
2021-07-21	0	0	0	0.0018995212543302387	0	0	0.01965502402959607	0.02074692409364376
2021-07-22	0	0	0	0.002166241804962832	0	0	0.03092459461218744	0.031081922400235662
2021-07-23	0	0	0.02428860232205876	9.39226143134686e-4	0	0	0.02223528980831513	0.03558574569839901
2021-07-24	0	0	0.02445467211743213	9.003041472113171e-4	0	0	0.02683187297331835	0.03577907905496147
2021-07-25	0	0	0	0.001304534419835024	0	0	0.02715435050274917	0.03652618808186192
2021-07-26	0	0	0.024216727285712336	0.0010657172223962341	0	0	0.009382774620491752	0.01215997035934735
2021-07-27	0	0	0	4.1877587234928626e-4	0	0	0.010674800916906202	0.015926930698356045
2021-07-28	0	0	0	3.362291425832442e-4	0	0	0.016552896226158742	0.02725381918573344
2021-07-29	0	0	0	3.8792232578721553e-4	2.3290919069429705e-4	0	0.01849497909275799	0.027066550603221273
2021-07-30	0	0	0	3.7936884506972746e-4	0.0011137678126955652	0.03732935638100354	0.020394080041125973	0.03205906607067366
2021-07-31	0	0	0	8.346382352577564e-4	0.0018729720255443727	0.044425190899361144	0.01809755033275562	0.03615966062240972
2021-08-01	0	0	0.022688935493974105	0.0012989057906074297	0.00258679429025066	0.05193340539736968	0.02374844985382074	0.03821786990850651
2021-08-02	0	0	0	5.150530690962718e-4	0.0011895256154770273	0.036708390003590274	0.007697417889381164	0.01075855033523454
2021-08-03	0	0	0	2.4470663506570567e-4	0.0014844822004498326	0.0580364921146419	0.010306944823058828	0.02181090284030862
2021-08-04	0	0	0	3.275116074505924e-4	0.0015930776104962074	0.0565019273158931	0.015445212960715216	0.02941062912936565
2021-08-05	0	0	0	3.793792522883699e-4	0.0023006312313247346	0.07158595488718289	0.018209351587514355	0.03455817865234234
2021-08-06	0	0	0	4.085535245119676e-4	0.002723973734791052	0.07497548880385341	0.0182574546642702	0.033789572549826064
2021-08-07	0	0	0	6.210597290481346e-4	0.0036881107670660995	0.06727122481219672	0.020470211568087704	0.03123907600327369
2021-08-08	0	0	0	0.00095029576724492415	0.0045031653868443655	0.08867213427002629	0.021919315833887953	0.033530227284597425
2021-08-09	0.36700683814454793	0	0	2.632219263491997e-4	0.0017387218088926737	0.06270192991254264	0.012134077247895503	0.010913537754529301
2021-08-10	0	0	0	3.366134587983183e-4	0.002935696558909573	0.05644136974362546	0.01822466904338005	0.030603867486136416
2021-08-11	0	0	0	2.6962355902337976e-4	0.004619646885032358	0.038948556911888366	0.014383453465197649	0.03664992129577427
2021-08-12	0	0	0.06287987657635896	6.206734806222247e-4	0.006374314815476678	0.036642892912390757	0.01643094550096258	0.03660440058740422
2021-08-13	0	0	0	5.428896616637147e-4	0.00862662589152352	0.03530909978729091	0.02387149190290261	0.04698393510047616
2021-08-14	0	0	0	4.243758708619705e-4	0.010790685876539419	0.04562056677146864	0.023494030764986684	0.04562549578732078
2021-08-15	0	0	0	5.346977979259204e-4	0.010566769138757648	0.054889545040834875	0.018074929570027987	0.017250996103381544
2021-08-16	0	0	0	8.318618436160552e-4	0.005681230796451331	0.028515830434891587	0.0036095793252506336	0.005468973868821836
2021-08-17	0	0	0	5.737284197415704e-5	0.004611799772182179	0.022832395554122753	0.004681259186659403	0.008805766490150413
2021-08-18	0	0	0	1.5183637136262362e-4	0.011229383204818255	0.035541524810780434	0.015093418335410558	0.018366884084194846
2021-08-19	0	0	0	3.2837553592113267e-4	0.01002182312386446	0.023763472773605354	0.02086331806360686	0.03300368782772667
2021-08-20	0	0	0	4.7163048460419077e-4	0.008994696268782132	0.02454654715396032	0.01873885469124148	0.02761184030405639
2021-08-21	0	0	0	6.131458161409142e-4	0.010287085413060781	0.02816639677622268	0.018772771391731613	0.025963365113801817
2021-08-22	0	0	0	4.601451634052012e-4	0.015851819296092584	0.04504446070067525	0.024847750463067975	0.033532335915073874
2021-08-23	0	0	0	1.8434020015645203e-4	0.010520185200474597	0.028852900485296873	0.01021452806324552	0.007657973240448701
2021-08-24	0	0	0	1.1612413877992722e-4	0.008777684843907396	0.029341896533165768	0.014020296537470278	0.029746241817999897
