2020-02-17	0	0	0	0	0	0	0	0
2020-02-18	0	0	0	0	0	0	0	0
2020-02-19	0	0	0	0	0	0	0	0
2020-02-20	0	0	0	0	0	0	0	0
2020-02-21	0	0	0	0	0	0	0	0
2020-02-22	0	0	0	0	0	0	0	0
2020-02-23	0	0	0	0	0	0	0	0
2020-02-24	0	0	0	0	0	0	0	0
2020-02-25	0	0	0	0	0	0	0	0
2020-02-26	0	0	0	0	0	0	0	0
2020-02-27	0	0	0	0	0	0	0	0
2020-02-28	0	0	0	0	0	0	0	0
2020-02-29	0	0	0	0	0	0	0	0
2020-03-01	0	0	0	0	0	0	0	0
2020-03-02	0	0	0	0	0	0	0	0
2020-03-03	0	0	0	0	0	0	0	0
2020-03-04	0	0	0	0	0	0	0	0
2020-03-05	0	0	0	0	0	0	0	0
2020-03-06	0	0	0	0	0	0	0	0
2020-03-07	0	0	0	0	0	0	0	0
2020-03-08	0	0	0	0	0	0	0	0
2020-03-09	0	0	0	0	0	0	0	0
2020-03-10	0	0	0	0	0	0	0	0
2020-03-11	0	0	0	0	0	0	0	0
2020-03-12	0	0	0	0	0	0	0	0
2020-03-13	0	0	0	0	0	0	0	0
2020-03-14	0	0	0	0	0	0	0	0
2020-03-15	0	0	0	0	0	0	0	0
2020-03-16	0	0	0	0	0	0	0	0
2020-03-17	0	0	0	0	0	0	0	0
2020-03-18	0	0	0	0	0	0	0	0
2020-03-19	0	0	0	0	0	0	0	0
2020-03-20	0	0	0	0	0	0	0	0
2020-03-21	0	0	0	0	0	0	0	0
2020-03-22	0	0	0	0	0	0	0	0
2020-03-23	0	0	0	0	0	0	0	0
2020-03-24	0	0	0	0	0	0	0	0
2020-03-25	0	0	0	0	0	0	0	0
2020-03-26	0	0	0	0	0	0	0	0
2020-03-27	0	0	0	0	0	0	0	0
2020-03-28	0	0	0	0	0	0	0	0
2020-03-29	0	0	0	0	0	0	0	0
2020-03-30	0	0	0	0	0	0	0	0
2020-03-31	0	0	0	0	0	0	0	0
2020-04-01	0	0	0	0	0	0	0	0
2020-04-02	0	0	0	0	0	0	0	0
2020-04-03	0	0	0	0	0	0	0	0
2020-04-04	0	0	0	0	0	0	0	0
2020-04-05	0	0	0	0	0	0	0	0
2020-04-06	0	0	0	0	0	0	0	0
2020-04-07	0	0	0	0	0	0	0	0
2020-04-08	0	0	0	0	0	0	0	0
2020-04-09	0	0	0	0	0	0	0	0
2020-04-10	0	0	0	0	0	0	0	0
2020-04-11	0	0	0	0	0	0	0	0
2020-04-12	0	0	0	0	0	0	0	0
2020-04-13	0	0	0	0	0	0	0	0
2020-04-14	0	0	0	0	0	0	0	0
2020-04-15	0	0	0	0	0	0	0	0
2020-04-16	0	0	0	0	0	0	0	0
2020-04-17	0	0	0	0	0	0	0	0
2020-04-18	0	0	0	0	0	0	0	0
2020-04-19	0	0	0	0	0	0	0	0
2020-04-20	0	0	0	0	0	0	0	0
2020-04-21	0	0	0	0	0	0	0	0
2020-04-22	0	0	0	0	0	0	0	0
2020-04-23	0	0	0	0	0	0	0	0
2020-04-24	0	0	0	0	0	0	0	0
2020-04-25	0	0	0	0	0	0	0	0
2020-04-26	0	0	0	0	0	0	0	0
2020-04-27	0	0	0	0	0	0	0	0
2020-04-28	0	0	0	0	0	0	0	0
2020-04-29	0	0	0	0	0	0	0	0
2020-04-30	0	0	0	0	0	0	0	0
2020-05-01	0	0	0	0	0	0	0	0
2020-05-02	0	0	0	0	0	0	0	0
2020-05-03	0	0	0	0	0	0	0	0
2020-05-04	0	0	0	0	0	0	0	0
2020-05-05	0	0	0	0	0	0	0	0
2020-05-06	0	0	0	0	0	0	0	0
2020-05-07	0	0	0	0	0	0	0	0
2020-05-08	0	0	0	0	0	0	0	0
2020-05-09	0	0	0	0	0	0	0	0
2020-05-10	0	0	0	0	0	0	0	0
2020-05-11	0	0	0	0	0	0	0	0
2020-05-12	0	0	0	0	0	0	0	0
2020-05-13	0	0	0	0	0	0	0	0
2020-05-14	0	0	0	0	0	0	0	0
2020-05-15	0	0	0	0	0	0	0	0
2020-05-16	0	0	0	0	0	0	0	0
2020-05-17	0	0	0	0	0	0	0	0
2020-05-18	0	0	0	0	0	0	0	0
2020-05-19	0	0	0	0	0	0	0	0
2020-05-20	0	0	0	0	0	0	0	0
2020-05-21	0	0	0	0	0	0	0	0
2020-05-22	0	0	0	0	0	0	0	0
2020-05-23	0	0	0	0	0	0	0	0
2020-05-24	0	0	0	0	0	0	0	0
2020-05-25	0	0	0	0	0	0	0	0
2020-05-26	0	0	0	0	0	0	0	0
2020-05-27	0	0	0	0	0	0	0	0
2020-05-28	0	0	0	0	0	0	0	0
2020-05-29	0	0	0	0	0	0	0	0
2020-05-30	0	0	0	0	0	0	0	0
2020-05-31	0	0	0	0	0	0	0	0
2020-06-01	0	0	0	0	0	0	0	0
2020-06-02	0	0	0	0	0	0	0	0
2020-06-03	0	0	0	0	0	0	0	0
2020-06-04	0	0	0	0	0	0	0	0
2020-06-05	0	0	0	0	0	0	0	0
2020-06-06	0	0	0	0	0	0	0	0
2020-06-07	0	0	0	0	0	0	0	0
2020-06-08	0	0	0	0	0	0	0	0
2020-06-09	0	0	0	0	0	0	0	0
2020-06-10	0	0	0	0	0	0	0	0
2020-06-11	0	0	0	0	0	0	0	0
2020-06-12	0	0	0	0	0	0	0	0
2020-06-13	0	0	0	0	0	0	0	0
2020-06-14	0	0	0	0	0	0	0	0
2020-06-15	0	0	0	0	0	0	0	0
2020-06-16	0	0	0	0	0	0	0	0
2020-06-17	0	0	0	0	0	0	0	0
2020-06-18	0	0	0	0	0	0	0	0
2020-06-19	0	0	0	0	0	0	0	0
2020-06-20	0	0	0	0	0	0	0	0
2020-06-21	0	0	0	0	0	0	0	0
2020-06-22	0	0	0	0	0	0	0	0
2020-06-23	0	0	0	0	0	0	0	0
2020-06-24	0	0	0	0	0	0	0	0
2020-06-25	0	0	0	0	0	0	0	0
2020-06-26	0	0	0	0	0	0	0	0
2020-06-27	0	0	0	0	0	0	0	0
2020-06-28	0	0	0	0	0	0	0	0
2020-06-29	0	0	0	0	0	0	0	0
2020-06-30	0	0	0	0	0	0	0	0
2020-07-01	0	0	0	0	0	0	0	0
2020-07-02	0	0	0	0	0	0	0	0
2020-07-03	0	0	0	0	0	0	0	0
2020-07-04	0	0	0	0	0	0	0	0
2020-07-05	0	0	0	0	0	0	0	0
2020-07-06	0	0	0	0	0	0	0	0
2020-07-07	0	0	0	0	0	0	0	0
2020-07-08	0	0	0	0	0	0	0	0
2020-07-09	0	0	0	0	0	0	0	0
2020-07-10	0	0	0	0	0	0	0	0
2020-07-11	0	0	0	0	0	0	0	0
2020-07-12	0	0	0	0	0	0	0	0
2020-07-13	0	0	0	0	0	0	0	0
2020-07-14	0	0	0	0	0	0	0	0
2020-07-15	0	0	0	0	0	0	0	0
2020-07-16	0	0	0	0	0	0	0	0
2020-07-17	0	0	0	0	0	0	0	0
2020-07-18	0	0	0	0	0	0	0	0
2020-07-19	0	0	0	0	0	0	0	0
2020-07-20	0	0	0	0	0	0	0	0
2020-07-21	0	0	0	0	0	0	0	0
2020-07-22	0	0	0	0	0	0	0	0
2020-07-23	0	0	0	0	0	0	0	0
2020-07-24	0	0	0	0	0	0	0	0
2020-07-25	0	0	0	0	0	0	0	0
2020-07-26	0	0	0	0	0	0	0	0
2020-07-27	0	0	0	0	0	0	0	0
2020-07-28	0	0	0	0	0	0	0	0
2020-07-29	0	0	0	0	0	0	0	0
2020-07-30	0	0	0	0	0	0	0	0
2020-07-31	0	0	0	0	0	0	0	0
2020-08-01	0	0	0	0	0	0	0	0
2020-08-02	0	0	0	0	0	0	0	0
2020-08-03	0	0	0	0	0	0	0	0
2020-08-04	0	0	0	0	0	0	0	0
2020-08-05	0	0	0	0	0	0	0	0
2020-08-06	0	0	0	0	0	0	0	0
2020-08-07	0	0	0	0	0	0	0	0
2020-08-08	0	0	0	0	0	0	0	0
2020-08-09	0	0	0	0	0	0	0	0
2020-08-10	0	0	0	0	0	0	0	0
2020-08-11	0	0	0	0	0	0	0	0
2020-08-12	0	0	0	0	0	0	0	0
2020-08-13	0	0	0	0	0	0	0	0
2020-08-14	0	0	0	0	0	0	0	0
2020-08-15	0	0	0	0	0	0	0	0
2020-08-16	0	0	0	0	0	0	0	0
2020-08-17	0	0	0	0	0	0	0	0
2020-08-18	0	0	0	0	0	0	0	0
2020-08-19	0	0	0	0	0	0	0	0
2020-08-20	0	0	0	0	0	0	0	0
2020-08-21	0	0	0	0	0	0	0	0
2020-08-22	0	0	0	0	0	0	0	0
2020-08-23	0	0	0	0	0	0	0	0
2020-08-24	0	0	0	0	0	0	0	0
2020-08-25	0	0	0	0	0	0	0	0
2020-08-26	0	0	0	0	0	0	0	0
2020-08-27	0	0	0	0	0	0	0	0
2020-08-28	0	0	0	0	0	0	0	0
2020-08-29	0	0	0	0	0	0	0	0
2020-08-30	0	0	0	0	0	0	0	0
2020-08-31	0	0	0	0	0	0	0	0
2020-09-01	0	0	0	0	0	0	0	0
2020-09-02	0	0	0	0	0	0	0	0
2020-09-03	0	0	0	0	0	0	0	0
2020-09-04	0	0	0	0	0	0	0	0
2020-09-05	0	0	0	0	0	0	0	0
2020-09-06	0	0	0	0	0	0	0	0
2020-09-07	0	0	0	0	0	0	0	0
2020-09-08	0	0	0	0	0	0	0	0
2020-09-09	0	0	0	0	0	0	0	0
2020-09-10	0	0	0	0	0	0	0	0
2020-09-11	0	0	0	0	0	0	0	0
2020-09-12	0	0	0	0	0	0	0	0
2020-09-13	0	0	0	0	0	0	0	0
2020-09-14	0	0	0	0	0	0	0	0
2020-09-15	0	0	0	0	0	0	0	0
2020-09-16	0	0	0	0	0	0	0	0
2020-09-17	0	0	0	0	0	0	0	0
2020-09-18	0	0	0	0	0	0	0	0
2020-09-19	0	0	0	0	0	0	0	0
2020-09-20	0	0	0	0	0	0	0	0
2020-09-21	0	0	0	0	0	0	0	0
2020-09-22	0	0	0	0	0	0	0	0
2020-09-23	0	0	0	0	0	0	0	0
2020-09-24	0	0	0	0	0	0	0	0
2020-09-25	0	0	0	0	0	0	0	0
2020-09-26	0	0	0	0	0	0	0	0
2020-09-27	0	0	0	0	0	0	0	0
2020-09-28	0	0	0	0	0	0	0	0
2020-09-29	0	0	0	0	0	0	0	0
2020-09-30	0	0	0	0	0	0	0	0
2020-10-01	0	0	0	0	0	0	0	0
2020-10-02	0	0	0	0	0	0	0	0
2020-10-03	0	0	0	0	0	0	0	0
2020-10-04	0	0	0	0	0	0	0	0
2020-10-05	0	0	0	0	0	0	0	0
2020-10-06	0	0	0	0	0	0	0	0
2020-10-07	0	0	0	0	0	0	0	0
2020-10-08	0	0	0	0	0	0	0	0
2020-10-09	0	0	0	0	0	0	0	0
2020-10-10	0	0	0	0	0	0	0	0
2020-10-11	0	0	0	0	0	0	0	0
2020-10-12	0	0	0	0	0	0	0	0
2020-10-13	0	0	0	0	0	0	0	0
2020-10-14	0	0	0	0	0	0	0	0
2020-10-15	0	0	0	0	0	0	0	0
2020-10-16	0	0	0	0	0	0	0	0
2020-10-17	0	0	0	0	0	0	0	0
2020-10-18	0	0	0	0	0	0	0	0
2020-10-19	0	0	0	0	0	0	0	0
2020-10-20	0	0	0	0	0	0	0	0
2020-10-21	0	0	0	0	0	0	0	0
2020-10-22	0	0	0	0	0	0	0	0
2020-10-23	0	0	0	0	0	0	0	0
2020-10-24	0	0	0	0	0	0	0	0
2020-10-25	0	0	0	0	0	0	0	0
2020-10-26	0	0	0	0	0	0	0	0
2020-10-27	0	0	0	0	0	0	0	0
2020-10-28	0	0	0	0	0	0	0	0
2020-10-29	0	0	0	0	0	0	0	0
2020-10-30	0	0	0	0	0	0	0	0
2020-10-31	0	0	0	0	0	0	0	0
2020-11-01	0	0	0	0	0	0	0	0
2020-11-02	0	0	0	0	0	0	0	0
2020-11-03	0	0	0	0	0	0	0	0
2020-11-04	0	0	0	0	0	0	0	0
2020-11-05	0	0	0	0	0	0	0	0
2020-11-06	0	0	0	0	0	0	0	0
2020-11-07	0	0	0	0	0	0	0	0
2020-11-08	0	0	0	0	0	0	0	0
2020-11-09	0	0	0	0	0	0	0	0
2020-11-10	0	0	0	0	0	0	0	0
2020-11-11	0	0	0	0	0	0	0	0
2020-11-12	0	0	0	0	0	0	0	0
2020-11-13	0	0	0	0	0	0	0	0
2020-11-14	0	0	0	0	0	0	0	0
2020-11-15	0	0	0	0	0	0	0	0
2020-11-16	0	0	0	0	0	0	0	0
2020-11-17	0	0	0	0	0	0	0	0
2020-11-18	0	0	0	0	0	0	0	0
2020-11-19	0	0	0	0	0	0	0	0
2020-11-20	0	0	0	0	0	0	0	0
2020-11-21	0	0	0	0	0	0	0	0
2020-11-22	0	0	0	0	0	0	0	0
2020-11-23	0	0	0	0	0	0	0	0
2020-11-24	0	0	0	0	0	0	0	0
2020-11-25	0	0	0	0	0	0	0	0
2020-11-26	0	0	0	0	0	0	0	0
2020-11-27	0	0	0	0	0	0	0	0
2020-11-28	0	0	0	0	0	0	0	0
2020-11-29	0	0	0	0	0	0	0	0
2020-11-30	0	0	0	0	0	0	0	0
2020-12-01	0	0	0	0	0	0	0	0
2020-12-02	0	0	0	0	0	0	0	0
2020-12-03	0	0	0	0	0	0	0	0
2020-12-04	0	0	0	0	0	0	0	0
2020-12-05	0	0	0	0	0	0	0	0
2020-12-06	0	0	0	0	0	0	0	0
2020-12-07	0	0	0	0	0	0	0	0
2020-12-08	0	0	0	0	0	0	0	0
2020-12-09	0	0	0	0	0	0	0	0
2020-12-10	0	0	0	0	0	0	0	0
2020-12-11	0	0	0	0	0	0	0	0
2020-12-12	0	0	0	0	0	0	0	0
2020-12-13	0	0	0	0	0	0	0	0
2020-12-14	0	0	0	0	0	0	0	0
2020-12-15	0	0	0	0	0	0	0	0
2020-12-16	0	0	0	0	0	0	0	0
2020-12-17	0	0	0	0	0	0	0	0
2020-12-18	0	0	0	0	0	0	0	0
2020-12-19	0	0	0	0	0	0	0	0
2020-12-20	0	0	0	0	0	0	0	0
2020-12-21	0	0	0	0	0	0	0	0
2020-12-22	0	0	0	0	0	0	0	0
2020-12-23	0	0	0	0	0	0	0	0
2020-12-24	0	0	0	0	0	0	0	0
2020-12-25	0	0	0	0	0	0	0	0
2020-12-26	0	0	0	0	0	0	0	0
2020-12-27	0	0	0	0	0	0	0	0
2020-12-28	0	0	0	0	0	0	0	0
2020-12-29	0	0	0	0	0	0	0	0
2020-12-30	0	0	0	0	0	0	0	0
2020-12-31	0	0	0	0	0	0	0	0
2021-01-01	0	0	0	0	0	0	0	0
2021-01-02	0	0	0	0	0	0	0	0
2021-01-03	0	0	0	0	0	0	0	0
2021-01-04	0	0	0	0	0	0	0	0
2021-01-05	0	0	0	0	0	0	0	0
2021-01-06	0	0	0	0	0	0	0	0
2021-01-07	0	0	0	0	0	0	0	0
2021-01-08	0	0	0	0	0	0	0	0
2021-01-09	0	0	0	0	0	0	0	0
2021-01-10	0	0	0	0	0	0	0	0
2021-01-11	0	0	0	0	0	0	0	0
2021-01-12	0	0	0	0	0	0	0	0
2021-01-13	0	0	0	0	0	0	0	0
2021-01-14	0	0	0	0	0	0	0	0
2021-01-15	0	0	0	0	0	0	0	0
2021-01-16	0	0	0	0	0	0	0	0
2021-01-17	0	0	0	0	0	0	0	0
2021-01-18	0	0	0	0	0	0	0	0
2021-01-19	0	0	0	6.362335137926056e-4	0.001724315213309291	0.0019976888876671595	9.883865194679764e-4	6.251269790702452e-5
2021-01-20	0	0	0	0.006401878784637605	0.009280097963160427	0.008953685290740143	0.003758224429423862	4.7826867426215003e-4
2021-01-21	0	0	0	0.008130114955991141	0.011171042887675009	0.009709348408215135	0.0075182091707095555	0.0020411313730399616
2021-01-22	0	0	0	0.004159449909627355	0.0034592127363455294	0.0033572717879017944	0.0016809079871102917	2.838764635548774e-4
2021-01-23	0	0	0	0.006243047561649284	0.006199185404653917	0.00625777445640896	0.001635992093820482	0.003596570756972728
2021-01-24	0	0	0	0.007201124725862096	0.00709122304646681	0.005206082583064209	0.0040241489461978475	0.002970486331772104
2021-01-25	0	0	0	0.022977684883415783	0.014802944929563466	0.012992364076966467	0.006583376594514245	0.0029764052445684364
2021-01-26	0	0	0	0.01404621360928271	0.014361544444046359	0.013561403902535352	0.007176198237520914	0.04006668172451522
2021-01-27	0	0	0	0.01492694023786667	0.014887647830276629	0.016274317403765615	0.013072713619080023	0.09651088336955693
2021-01-28	0	0	0	0.01586801930269388	0.01508049547557877	0.015344059493648476	0.01893907326283162	0.09992569946315899
2021-01-29	0	0	0	0.007764785948801256	0.012011165162430837	0.014925997361935117	0.020982635228014912	0.07438347066457829
2021-01-30	0	0	0	0.008462661372606872	0.014423516381602663	0.015148868812265626	0.017178232293087792	0.08160131057867792
2021-01-31	0	0	0	0.009422194437002096	0.010583712725321215	0.013895626156760654	0.01988665293597225	0.04359393922998267
2021-02-01	0	0	0	0.0024710979342223993	0.0036121676074640785	0.0040233713158870366	0.003037207523090224	0.0037735519411821183
2021-02-02	0	0	0	3.1523366891361704e-4	7.841104126435905e-4	6.922117282195384e-4	3.1959092565814196e-4	5.68762997873673e-4
2021-02-03	0	0	0	2.863893477844659e-4	0.0010964081794881952	0.001294776051194102	7.091947317048319e-4	2.2007694295100855e-4
2021-02-04	0	0	0	0	5.592420229136863e-4	5.863519008859619e-4	1.7797552871723354e-4	2.801688399642899e-4
2021-02-05	0	0	0	2.3289665290016082e-4	6.085441703456151e-4	5.060373142946606e-4	1.948083577407722e-4	1.4543592065141553e-4
2021-02-06	0	0	0	3.120368222437886e-4	2.3474708339898953e-4	4.264406149159239e-4	1.2738177392046524e-4	3.284171116479939e-5
2021-02-07	0	0	0	4.63273963269506e-4	4.337996730789939e-4	3.128139437900135e-4	1.9942764316138728e-4	3.526355096683531e-5
2021-02-08	0	0	0	8.611966331195653e-5	1.8956447604301374e-4	1.8334116391405253e-4	3.8891211562086525e-5	8.76208742550677e-5
2021-02-09	0	0	0	4.0608312940149105e-4	2.4012486579527703e-4	2.510444276662138e-4	1.8839665072545309e-4	1.1807393091389784e-4
2021-02-10	0	0	0	1.5096048630791614e-4	1.9984440735343334e-4	3.3392117606023675e-4	2.846063552777167e-4	4.805880651015393e-5
2021-02-11	0	0	0	7.061274209130275e-5	6.746386468670096e-5	2.3739342108197725e-4	1.5849493237340972e-4	5.299854560680828e-5
2021-02-12	0	0	0	1.9795120551280299e-4	3.3194385270718385e-4	4.5814624348494704e-4	2.958400866053257e-4	8.647421145679957e-5
2021-02-13	0	0	0	0	1.3283219383986022e-4	1.409319124447972e-4	6.473155287300969e-5	3.7245303497579485e-5
2021-02-14	0	0	0	5.8518030880749805e-5	4.6228344915855146e-5	5.0356481936297826e-5	5.424145585064544e-5	2.1758845165420482e-5
2021-02-15	0	0	0	0	6.783455154835139e-5	1.1476021272871506e-4	3.395095784375357e-5	4.883468239880173e-5
2021-02-16	0	0	0	1.0989916759673868e-4	3.288527151124043e-5	1.507191885514736e-4	7.888083869178608e-5	3.283275814047748e-5
2021-02-17	0	0	0	0	5.3003861340661373e-5	1.9098730932887165e-4	7.209311549138953e-5	1.759590132843769e-5
2021-02-18	0	0	0	5.059512516769615e-5	1.8413097889280472e-4	2.131651539831747e-4	1.1757367143738762e-4	4.038463480449117e-5
2021-02-19	0	0	0	2.432291105591844e-4	7.745895214477105e-4	7.167301723405295e-4	2.917706114990981e-4	2.484185742668288e-5
2021-02-20	0	0	0	4.2212399189711647e-4	6.155029959185043e-4	8.221072449878797e-4	2.586374129831537e-4	5.691895130577329e-5
2021-02-21	0	0	0	9.057765906672621e-5	7.177697169220565e-4	5.551682184985474e-4	1.6630008086382375e-4	3.723578880920897e-5
2021-02-22	0	0	0	4.419547659839651e-5	1.4607603276983738e-4	1.4629437947011326e-4	4.944401966500145e-5	2.193015853735325e-5
2021-02-23	0	0	0	0	1.2482669163471627e-4	1.3610281965115156e-4	7.690040119223696e-5	3.107210101971347e-5
2021-02-24	0	0	0	1.6730101664630403e-4	4.162258764137672e-4	4.606647692944055e-4	7.383437532237913e-5	2.589671800401483e-5
2021-02-25	0	0	0	5.29148995228601e-4	6.762182687691798e-4	7.276864720824339e-4	1.0032203379140014e-4	3.0243196009527296e-5
2021-02-26	0	0	0	1.969608938923173e-4	2.9561504513586634e-4	1.274561282063047e-4	6.21047752067394e-5	2.5276127330720044e-5
2021-02-27	0	0	0	1.9114793938390662e-4	5.579234091790397e-5	1.1686183488368584e-4	3.141011798613036e-5	9.092768975538235e-6
2021-02-28	0	0	0	0	1.547143393132444e-5	1.0147262141879665e-5	1.0562366815181079e-5	2.2536645993831428e-6
2021-03-01	0	0	0	0	9.162613487601057e-5	7.988456683283296e-5	2.699665579042332e-5	1.7958923452798814e-5
2021-03-02	0	0	0	7.164478517807105e-5	2.324774795294804e-4	1.9001750396419048e-4	3.510235928017025e-5	1.5629945412598545e-5
2021-03-03	0	0	0	5.628847956686833e-4	4.789527950177508e-4	5.608911624968016e-4	4.5101760853594186e-5	3.775908703307351e-5
2021-03-04	0	0	0	4.4934888186709543e-4	4.2062056501968037e-4	3.434297050242119e-4	6.500108454621234e-5	3.313589860631794e-5
2021-03-05	0	0	0	3.3875912775394035e-4	5.265049059743898e-4	5.147203325270855e-4	5.211128887738781e-5	2.8561275196459235e-5
2021-03-06	0	0	0	2.3047354157945676e-4	2.2123587960543034e-4	1.634222338675606e-4	5.979005322043207e-5	2.6233407370845896e-5
2021-03-07	0	0	0	1.2742099911000615e-4	1.0069732906714535e-4	5.742988939783089e-5	6.722519600321775e-6	8.716514963147404e-6
2021-03-08	0	0	0	0	7.952549789425056e-5	8.395407715688918e-5	1.745132171970809e-5	4.353869446971359e-6
2021-03-09	0	0	0	1.5439842536602022e-4	1.951010140139875e-4	2.0152617372337644e-4	3.193838872106447e-5	2.390617045500143e-5
2021-03-10	0	0	0	3.614784498000567e-4	3.9970498364927387e-4	4.3300448740501984e-4	6.194206972653937e-5	2.3864833920583806e-5
2021-03-11	0	0	0	4.957894429280518e-4	6.074355775218532e-4	5.915566532059824e-4	5.2108228800085143e-5	3.4662871085000546e-5
2021-03-12	0	0	0	5.05554081297932e-4	9.515268554420864e-4	9.96551802424861e-4	7.853978828697983e-5	3.244630542242888e-5
2021-03-13	0	0	0	4.090063234243324e-4	9.642814655106413e-4	7.075686732400666e-4	4.0727687413477653e-5	1.944189869629298e-5
2021-03-14	0	0	0	9.24452476407156e-4	0.0010801211191477922	0.0010696510310017615	8.419006293114428e-5	5.396191045581311e-5
2021-03-15	0	0	0	1.5596366070425027e-4	1.858273831589763e-4	1.0129916181433885e-4	1.7157440967974225e-5	1.7263405034384505e-5
2021-03-16	0	0	0	8.468976339377488e-4	0.0016928550008723509	0.0012055889539810405	1.024797247384246e-4	3.14876062636138e-4
2021-03-17	0	0	0	0.001269343615947438	0.0022873972717467606	0.0014266707614747354	1.6411339886190923e-4	2.0043114297707554e-4
2021-03-18	0	0	0	0.00156026548258148	0.002838122237843743	0.0019986307063248887	2.2675790153159348e-4	3.8979575395914345e-4
2021-03-19	0	0	0	0.001502267626785958	0.00275873505902946	0.0018524836920768006	2.1972272176129515e-4	3.249637261861782e-4
2021-03-20	0	0	0	0.0014054366574201005	0.0028085158058279713	0.001756440006271509	1.9628848157959844e-4	3.9570063054217286e-4
2021-03-21	0	0	0	5.315832072714244e-4	0.0013864084893009387	9.268164796074618e-4	8.483617861099191e-5	5.3743243812132135e-5
2021-03-22	0	0	0	6.469482408510974e-4	0.0013935684759580624	8.233873116392232e-4	5.893913246568516e-5	1.0317189088704382e-4
2021-03-23	0	0	0	0.001660257626032946	0.002705398670757919	0.0016575379372159027	2.336120897625804e-4	0.004305978619613571
2021-03-24	0	0	0	0.002247213869666753	0.0036449702873364576	0.0025469798376362984	4.4824596774173386e-4	0.011565547914977214
2021-03-25	0	0	0	0.002484858856710792	0.0030635586833269723	0.0021766946240875384	4.1822507936695175e-4	0.010443182157026998
2021-03-26	0	0	0	0.002613216791572892	0.0033230352616824277	0.002440769484829408	5.785988142621434e-4	0.005748491116908783
2021-03-27	0	0	0	0.0014388949693573405	0.0017110763619938574	0.001171849156994309	2.7205928461970785e-4	0.006381453376385959
2021-03-28	0	0	0	4.5576854561790725e-4	5.378975832723842e-4	3.354336604988184e-4	6.007867577029202e-5	7.254221761641144e-4
2021-03-29	0	0	0	0.0011812939672788403	0.0016398129395287508	9.92266133593489e-4	1.1825648112706588e-4	1.0907364760948113e-4
2021-03-30	0	0	0	0.0021145562122235617	0.0035607524076139985	0.002232464702112802	3.1620697215917204e-4	0.005111183090674931
2021-03-31	0	0	0	0.0019908883528554355	0.0035152286922877085	0.002026262435528947	3.7765105016807077e-4	0.007332537571501874
2021-04-01	0	0	0	0.002539213783854688	0.0030867618440140188	0.0019143016764717746	3.4286227664859226e-4	0.00396311474472455
2021-04-02	0	0	0	0.0026301125846701634	0.004228588103865061	0.0021513252397742377	4.0798508831008107e-4	0.004242419425827704
2021-04-03	0	0	0	0.0026815800672992385	0.0026230580689534655	0.0013618575816096712	4.529785663345276e-4	0.003693061642338291
2021-04-04	0	0	0	9.185718277104904e-4	0.001149360456235149	5.912936581020656e-4	9.58856464714497e-5	9.10083728173916e-5
2021-04-05	0	0	0	0.0012405926200687034	0.001831621173770559	9.946624544536764e-4	2.079959998044778e-4	7.82810958391833e-4
2021-04-06	0	0	0	0.002439232395320179	0.0033961984233157327	0.0018801600967606191	3.25309633666393e-4	0.0036586966185696568
2021-04-07	0	0	0	0.004342846649020737	0.00497472063031168	0.002542955693167759	0.0010369574849007357	0.012660754512500594
2021-04-08	0	0	0	0.005187376146505107	0.006164850027829072	0.0032858345886357387	0.0012180698339243623	0.009406658436968307
2021-04-09	0	0	0	0.0047622614801188234	0.005043124218855555	0.0029133476068308184	0.003204973744409534	0.013534308611254708
2021-04-10	0	0	0	0.005006554598285362	0.005963358359390991	0.003191233957949402	0.0020023026964943735	0.009152184222056103
2021-04-11	0	0	0	0.0021754316072022384	0.0020888705102022342	8.753734464883589e-4	3.7887320006935177e-4	0.0019062926887656317
2021-04-12	0	0	0	0.003094162145636181	0.0035488511429733194	0.0014305256299420588	8.085635546839498e-4	0.003680014308331314
2021-04-13	0	0	0	0.004497469013093669	0.005377695739793298	0.0026794670072918247	0.0026360595398235986	0.010918127711533776
2021-04-14	0	0	0	0.006499669478286396	0.0074486059210499	0.00421240696099523	0.004263210509371396	0.03249992954296066
2021-04-15	0	0	0	0.006493589109850095	0.007927252499172033	0.004320559613764541	0.0038551648824662887	0.036778099185368784
2021-04-16	0	0	0	0.01068233241870531	0.01063189094423067	0.0052207727318169805	0.005947415484920393	0.03893557591484065
2021-04-17	0	0	0	0.010542400079381675	0.011721710676313668	0.005923351445006997	0.0059973684773537705	0.04395409487731139
2021-04-18	0	0	0	0.005281682393205589	0.005090379772394904	0.0024158116876638047	0.0016442998160794975	0.012230489241271902
2021-04-19	0	0	0	0.006039013544786753	0.006650183210128446	0.0030761579549054563	0.002463673344553108	0.011897335937630427
2021-04-20	0	0	0	0.00833174390901803	0.008912915524058374	0.004310613232993532	0.00499812957096446	0.03836058476733961
2021-04-21	0	0	0	0.009074485367314145	0.010370871136139659	0.0053814818626141125	0.011739394166905726	0.07933318515694232
2021-04-22	0	0	0	0.010510368747098209	0.011503651891731526	0.005919151778603027	0.010567087173524392	0.09295519226418736
2021-04-23	0	0	0	0.005983151834683786	0.006037274629051126	0.002840295492247291	0.004763343366771755	0.04277968838472668
2021-04-24	0	0	0	0.005909926831580314	0.0056598654659825165	0.002455401325267559	0.00295530834230906	0.02401399743414756
2021-04-25	0	0	0	0.0030822168344779577	0.0033143458406741377	0.0015904547160092708	9.036002020936795e-4	0.006839340957784046
2021-04-26	0	0	0	0.003901960869213683	0.004246676175439834	0.0018575727540699472	0.0011425209262421188	0.0064495293244957175
2021-04-27	0	0	0	0.007300221738157697	0.006871945078997799	0.003291110821850074	0.005272728049553255	0.029841737833011583
2021-04-28	0	0	0	0.010031489243852443	0.009391992156837059	0.005015899941602564	0.011678671757962	0.07502279737476591
2021-04-29	0	0	0	0.009232723963527478	0.00945483338286257	0.005031851073492355	0.014758843931516719	0.07743161301515622
2021-04-30	0	0	0	0.01028951402379441	0.010050922436621645	0.005737225059058604	0.014500926302682293	0.10197316552349678
2021-05-01	0	0	0	0.011383666231001177	0.00946215650475013	0.00602868670473633	0.024804600970762314	0.11586515699744537
2021-05-02	0	0	0	0.006537467374935657	0.005535170620356578	0.002700863322167013	0.006566344855182482	0.039797171518164864
2021-05-03	0	0	0	0.007233482291320037	0.006952321267487571	0.0036806167934892997	0.010132545648973146	0.04939488017055926
2021-05-04	0	0	0.04396141231269701	0.010292870793169095	0.009515023869729244	0.005314924393148512	0.01624905535909349	0.048806766559742254
2021-05-05	0	0	0.0930748215088153	0.011236410129019214	0.010357458197332248	0.005811118869339271	0.021204066545952305	0.06357042810604696
2021-05-06	0	0	0	0.012193870619435554	0.01149576690367704	0.006921993287561268	0.03045909969309757	0.10845528552403039
2021-05-07	0	0	0.05064113103820733	0.010564976864307463	0.01007187228071671	0.006388360394764758	0.04000075605127784	0.15679834286240824
2021-05-08	0	0	0	0.010132076163695825	0.008627825716985837	0.0054958532050175535	0.036392225240863274	0.1452974971490637
2021-05-09	0	0	0	0.006006302659353313	0.005537883686594025	0.0032101255995877764	0.022501393251230795	0.0697077959100918
2021-05-10	0	0	0	0.004939264825106537	0.005041003490626084	0.002871490240964114	0.020646028927483906	0.07206934430302492
2021-05-11	0	0	0	0.007044047040435375	0.0073221382232098176	0.00500805811474847	0.03341555564701282	0.09546389399915434
2021-05-12	0	0	0	0.00741315714681523	0.006962499664453947	0.00455598856500905	0.04564388245434792	0.09768701468212049
2021-05-13	0	0	0.04819985410293359	0.010326167175470191	0.009724862113890342	0.006799255845260976	0.060184864327599286	0.10033279447340893
2021-05-14	0	0	0	0.010192033569004444	0.009887642462758972	0.0074142912979560105	0.0699561976857388	0.11230587844112327
2021-05-15	0	0	0	0.012274675522418343	0.011465518067744984	0.009919990573065807	0.09063200721666642	0.14608781076333588
2021-05-16	0	0	0	0.0073060631407197985	0.006664763733258194	0.004895151185661417	0.04421673442286078	0.07964683670702843
2021-05-17	0	0	0	0.006893552173222073	0.00666378371766152	0.004987903843964414	0.06623153566846907	0.07603471933485606
2021-05-18	0	0	0	0.007412445912049259	0.007509280950245056	0.005874149365852066	0.07253351991809476	0.07683866311399101
2021-05-19	0	0	0	0.009538710846140885	0.009215355824080174	0.01024660667803845	0.09877062103747725	0.08936770902294588
2021-05-20	0	0	0	0.011038665504793377	0.010261784725180023	0.010904291492586982	0.12003196822546869	0.09478261200631866
2021-05-21	0	0	0	0.010666897317339163	0.010148452085202875	0.010328947027762325	0.10825482377943296	0.07786307029511086
2021-05-22	0	0	0	0.013243733073494468	0.011400832053938492	0.010012644493671452	0.11726977398330929	0.061622428777919236
2021-05-23	0	0	0	0.006362072989189782	0.004989529907821755	0.004008174420740085	0.05934427350570526	0.025318459524629855
2021-05-24	0	0	0	0.00444518834273544	0.0035568801460941213	0.0028453919508075742	0.046620791227588	0.01744294436822047
2021-05-25	0	0	0	0.007554786015942172	0.007052493745084654	0.006639450670510527	0.07736467640083777	0.04263077853040942
2021-05-26	0	0	0	0.013349246016201022	0.012521075059423348	0.015115763818488226	0.13035491890471618	0.06766583993211084
2021-05-27	0	0	0	0.02032418927565538	0.0164896792011624	0.02318945945344497	0.14375060990037714	0.06853816128936252
2021-05-28	0	0	0	0.02256680374622988	0.019723378632535482	0.022634587315000232	0.12621651716117221	0.062244031259073296
2021-05-29	0	0	0	0.02648832062970574	0.01992330222938743	0.02020051218393304	0.14075047746257896	0.05031895131671593
2021-05-30	0	0	0	0.01021959450607035	0.008344795911853442	0.007178738743227386	0.047229603829615385	0.017401238510770245
2021-05-31	0	0	0	0.011180256904431696	0.00886854948022786	0.008884947308205327	0.07390216619110124	0.03856048942927304
2021-06-01	0	0	0	0.021671872152079885	0.017055138350864363	0.019115456145958776	0.08795589697752293	0.047580824545378375
2021-06-02	0	0	0.04598315816321108	0.03660954207226608	0.02584606095875497	0.03208835153413969	0.1181961348924776	0.061575518559015885
2021-06-03	0	0	0.04819985410293359	0.03529714055415356	0.025987987551200353	0.03267757915182745	0.10788500290020497	0.05486789973262707
2021-06-04	0	0	0	0.028712072559504476	0.021757533065491774	0.02763851131129247	0.09593845067422468	0.050681985395919504
2021-06-05	0	0	0.04819985410293359	0.0235253174136818	0.01854260942587649	0.022891024214597433	0.07446245957565889	0.029749781067464287
2021-06-06	0	0	0	0.009902472485588287	0.007777115478691865	0.012127263624285511	0.028777023241352007	0.010914917053225892
2021-06-07	0	0	0	0.011985466923462695	0.010640137194152466	0.018343098289587134	0.05099630159192636	0.025182038502898907
2021-06-08	0	0	0	0.016307662050673022	0.013515168928341037	0.025800467764080626	0.05706530043827596	0.036041682924110585
2021-06-09	0	0	0	0.023215612719183598	0.016813559522811605	0.029040294946004908	0.06511540962575624	0.040026497786666226
2021-06-10	0.14835980045489694	0	0	0.024242889914712684	0.01913125542835581	0.04004198344355214	0.0747040186362189	0.040232957963932225
2021-06-11	0	0	0.09762053757731626	0.024753033461353713	0.017551173596633607	0.0401322021549948	0.06292424498522142	0.03415503452658575
2021-06-12	0	0	0	0.036079238872219976	0.024824881734816673	0.06084509736561494	0.10074610733031886	0.03621840069809146
2021-06-13	0	0	0	0.01262920902951814	0.008354223960164386	0.031565239280864965	0.02862826732949042	0.01253266831629607
2021-06-14	0	0	0	0.01689687848974053	0.011849059251789917	0.03969553196961684	0.043729914966418315	0.024281334712033642
2021-06-15	0	0	0	0.019927231433461756	0.012688225160466082	0.046382636182731085	0.050662408183610896	0.037417410924183825
2021-06-16	0	0	0	0.022408233370344588	0.013676900050742624	0.05286265080211017	0.05743672825075241	0.041147256070995564
2021-06-17	0	0	0	0.02501129435445848	0.014542987097984073	0.05676627678912083	0.06115548525271364	0.04444889423369269
2021-06-18	0	0	0	0.023281306463345253	0.013841615315963729	0.056945391669834144	0.051305074426739594	0.03839484337481358
2021-06-19	0	0	0	0.022513505329362804	0.011287145709732549	0.05659872692165324	0.04617232857450482	0.01833491259998543
2021-06-20	0	0	0	0.00838905136264878	0.004829729037593378	0.028696189045255505	0.019687041427971952	0.0075159980254468906
2021-06-21	0	0	0	0.00852397685041173	0.00457231270988423	0.02641078750665571	0.017260886757965777	0.009082109852984521
2021-06-22	0	0	0	0.01738775118324476	0.009854055977489562	0.04466509801229268	0.034450006245426046	0.019334679328122828
2021-06-23	0	0	0	0.020348126032875502	0.011197908493062236	0.049500932345031945	0.03697769063083722	0.02404361659436227
2021-06-24	0	0	0	0.020660282909946925	0.009930361160172652	0.05044430069155248	0.03950816405347579	0.0276047657001377
2021-06-25	0	0	0	0.02003883378376803	0.01219842891380818	0.05550190566339719	0.038433245512198067	0.023504219662115133
2021-06-26	0	0	0	0.031216562497343725	0.01882328881939066	0.08860635815214923	0.05779058303311735	0.02292305293760144
2021-06-27	0	0	0	0.014730556395557981	0.007596327264972391	0.04555528801240527	0.016434791058344667	0.006159992890403476
2021-06-28	0	0	0	0.01917334180533392	0.01094077409985994	0.05227500776840399	0.02700115363767175	0.01338458791409991
2021-06-29	0	0	0	0.018871223922182212	0.011126130236833287	0.048044550402103425	0.03499912295605734	0.02541273890482798
2021-06-30	0	0	0	0.018791473380035395	0.010041401863718047	0.04637274311043149	0.03346068234783228	0.028549434172755017
2021-07-01	0	0	0.04598315816321108	0.0204825133976696	0.01135922691903879	0.05456238597532925	0.0397358627206581	0.031077897316773795
2021-07-02	0	0	0.04819985410293359	0.019004399499236158	0.012658956674468369	0.058880417908382165	0.03232272338682152	0.022047290133732744
2021-07-03	0	0	0	0.029980025113491626	0.014917577998946108	0.07873420917130969	0.036794755152007363	0.0206881133095298
2021-07-04	0	0	0	0.01732602160143104	0.009164008612357888	0.041926543157934315	0.01534767601171061	0.009054165433302508
2021-07-05	0	0	0	0.015598417435378487	0.008336276143839694	0.036453258813433864	0.022009943639878182	0.015923269019738173
2021-07-06	0	0	0	0.01836142550289499	0.010578165991854904	0.03634029269504602	0.02498678462574966	0.01780679702658272
2021-07-07	0	0	0.04396141231269701	0.020173928474993108	0.010223199635139846	0.035825116134823976	0.026167420865380375	0.01622456175875553
2021-07-08	0	0	0	0.013737375393854112	0.008851191013959925	0.02980645128205106	0.02058736028854935	0.018758079846727282
2021-07-09	0.5229021082480072	0	0.2679491924311228	0.001973871898301338	0	0	0.38739402103274934	0.4428771569888734
2021-07-10	0.16075360705247932	0.5857864376269049	0.11131608614609334	0.025155856980381586	0	0	0.051272820608528	0.047013816921600116
2021-07-11	0	0	0	0.030900608851840428	0	0	0.06057140237063807	0.03720544013868943
2021-07-12	0	0	0.05767736132928181	0.019294069443405393	0	0.03994497673471775	0.029018361872352072	0.016053947378693367
2021-07-13	0	0	0	0.01522331304860125	0.007364821946570732	0.044539526251724304	0.036302969616265335	0.039821042603852774
2021-07-14	0	0	0	0.014411756365326323	0.007504258204394487	0.045074735593525705	0.03750384407269225	0.049418079632558065
2021-07-15	0	0	0	0.017243200721573704	0.008527843969565962	0.041602991478911555	0.04504230341306337	0.05558285918563466
2021-07-16	0	2	0.05557451118297374	0.014655873702458022	0.00842399408576222	0.03966280684402568	0.046256313520921966	0.05345970398824451
2021-07-17	0	0	0	0.008031988044980842	0.005557617877968601	0.021926409512437184	0.014594637888381667	0.015363470141289248
2021-07-18	0	0	0	0.005952820112759216	0.0029040286532837634	0.016802099926677805	0.014048583961981054	0.016603309001844258
2021-07-19	0	0	0	0.0017093446778781995	7.83619982318795e-4	0.003967730978208905	0.006149130618764209	0.01011299249863673
2021-07-20	0	0	0	9.667477706836181e-4	4.667903095392223e-4	0.0016489108551323017	0.001738207078413545	0.004761101805208501
2021-07-21	0	0	0	0.003530377156963027	0.0018740833665462642	0.007773956574493424	0.012609854602958936	0.020238922264942616
2021-07-22	0	0	0	0.004208139046743886	0.0026599250326559964	0.013272692413843323	0.022452705496617043	0.04437953307439857
2021-07-23	0	0	0	0.0024859622757258393	0.0024662015691832018	0.012554228255699407	0.02438746921495971	0.04122636039270722
2021-07-24	0	0	0	0.0025242812411181426	0.002947322936122543	0.015571286726860922	0.025620892588663624	0.04766249734609285
2021-07-25	0	0	0	0.003430363256180735	0.004165334676683452	0.021309295554100105	0.03292318542498385	0.04229659280827436
2021-07-26	0	0	0	0.0018806694324409179	0.002805534099276974	0.013297134317111992	0.009823778222585844	0.017128252746392958
2021-07-27	0	0	0	8.722797898259582e-4	0.0011926041702694512	0.00954117053407244	0.019447975777717952	0.020844980396729662
2021-07-28	0	0	0	9.780050514285321e-4	0.0019388428859676843	0.00998639598222395	0.01756988659903813	0.023911304080705742
2021-07-29	0	0	0	0.0010314064133796208	0.002010119044064451	0.034819228187479734	0.022957601718746723	0.049301778787023576
2021-07-30	0	0	0	0.0010585911778064894	0.0017247192713780723	0.04577949932027736	0.02420628517282397	0.04613470869989822
2021-07-31	0	0	0	0.0023999412403457043	0.002111097712380383	0.06703885782068952	0.02141672745486778	0.032442554506621146
2021-08-01	0	0	0.09262499890182196	0.0031009699856476836	0.0031149737780959974	0.07909354547419922	0.024607236196096727	0.03814717709493953
2021-08-02	0	0	0	6.568427400799326e-4	0.0023126511986055753	0.04536453209447444	0.010052840735254254	0.016824694286025288
2021-08-03	0	0	0	4.1002056422279054e-4	8.261412968335602e-4	0.03840345527265687	0.016017546373507496	0.02572454346543629
2021-08-04	0	0	0	9.425068871786735e-4	0.0020505154219609967	0.03727160303338506	0.021994329292636117	0.028620077759183626
2021-08-05	0	0	0	0.001044026763994843	0.002082532587122765	0.03579723263642731	0.021159018890398285	0.041487674615267034
2021-08-06	0	0	0	0.0012185959421875392	0.004180095233735415	0.04212484338104727	0.026240400879683712	0.025975128437235817
2021-08-07	0	0	0	0.003968617063910607	0.003994731544729069	0.061801590110391436	0.028346577477916357	0.043827595630411054
2021-08-08	0	0	0	0.002401956765080815	0.004323889337451314	0.06238374985620765	0.028309384270257976	0.02980036662703056
2021-08-09	0	0	0	0.0011392578642608342	0.0020119060342087547	0.03185555197944945	0.012013880585551862	0.005194813967916989
2021-08-10	0	0	0	0.002298253180442078	0.003625529966458485	0.03332511517974179	0.019014097757209303	0.024267171755008032
2021-08-11	0	0	0	0.002103098558992267	0.0058825889302496215	0.03259871234307887	0.019382649929055695	0.029611325213698025
2021-08-12	0	0	0.04556219832644315	0.0010218559664707527	0.008540794899417836	0.030178981631510116	0.029099214114069794	0.035413319327066484
2021-08-13	0	0	0	8.101283023835837e-4	0.007310555003348762	0.033578789248476903	0.029007831932790662	0.03235877689005573
2021-08-14	0	0	0	0.004186951245940929	0.008934620667625959	0.04659175195741727	0.03252249264814111	0.03794281781954423
2021-08-15	0	0	0	0.0011697627418112422	0.010953518007517316	0.06815391887157651	0.025755056320746705	0.011518621420962383
2021-08-16	0	0	0	4.5611204547402195e-4	0.007795588397341735	0.03714679756767025	0.01282620041821736	0.010873866984762559
2021-08-17	0	0	0	1.1717815421530275e-4	0.004138707138913622	0.03139362998149098	0.009472906513077639	0.0070602299183595285
