2020-02-17	0	0	0	0	0	0	0	0
2020-02-18	0	0	0	0	0	0	0	0
2020-02-19	0	0	0	0	0	0	0	0
2020-02-20	0	0	0	0	0	0	0	0
2020-02-21	0	0	0	0	0	0	0	0
2020-02-22	0	0	0	0	0	0	0	0
2020-02-23	0	0	0	0	0	0	0	0
2020-02-24	0	0	0	0	0	0	0	0
2020-02-25	0	0	0	0	0	0	0	0
2020-02-26	0	0	0	0	0	0	0	0
2020-02-27	0	0	0	0	0	0	0	0
2020-02-28	0	0	0	0	0	0	0	0
2020-02-29	0	0	0	0	0	0	0	0
2020-03-01	0	0	0	0	0	0	0	0
2020-03-02	0	0	0	0	0	0	0	0
2020-03-03	0	0	0	0	0	0	0	0
2020-03-04	0	0	0	0	0	0	0	0
2020-03-05	0	0	0	0	0	0	0	0
2020-03-06	0	0	0	0	0	0	0	0
2020-03-07	0	0	0	0	0	0	0	0
2020-03-08	0	0	0	0	0	0	0	0
2020-03-09	0	0	0	0	0	0	0	0
2020-03-10	0	0	0	0	0	0	0	0
2020-03-11	0	0	0	0	0	0	0	0
2020-03-12	0	0	0	0	0	0	0	0
2020-03-13	0	0	0	0	0	0	0	0
2020-03-14	0	0	0	0	0	0	0	0
2020-03-15	0	0	0	0	0	0	0	0
2020-03-16	0	0	0	0	0	0	0	0
2020-03-17	0	0	0	0	0	0	0	0
2020-03-18	0	0	0	0	0	0	0	0
2020-03-19	0	0	0	0	0	0	0	0
2020-03-20	0	0	0	0	0	0	0	0
2020-03-21	0	0	0	0	0	0	0	0
2020-03-22	0	0	0	0	0	0	0	0
2020-03-23	0	0	0	0	0	0	0	0
2020-03-24	0	0	0	0	0	0	0	0
2020-03-25	0	0	0	0	0	0	0	0
2020-03-26	0	0	0	0	0	0	0	0
2020-03-27	0	0	0	0	0	0	0	0
2020-03-28	0	0	0	0	0	0	0	0
2020-03-29	0	0	0	0	0	0	0	0
2020-03-30	0	0	0	0	0	0	0	0
2020-03-31	0	0	0	0	0	0	0	0
2020-04-01	0	0	0	0	0	0	0	0
2020-04-02	0	0	0	0	0	0	0	0
2020-04-03	0	0	0	0	0	0	0	0
2020-04-04	0	0	0	0	0	0	0	0
2020-04-05	0	0	0	0	0	0	0	0
2020-04-06	0	0	0	0	0	0	0	0
2020-04-07	0	0	0	0	0	0	0	0
2020-04-08	0	0	0	0	0	0	0	0
2020-04-09	0	0	0	0	0	0	0	0
2020-04-10	0	0	0	0	0	0	0	0
2020-04-11	0	0	0	0	0	0	0	0
2020-04-12	0	0	0	0	0	0	0	0
2020-04-13	0	0	0	0	0	0	0	0
2020-04-14	0	0	0	0	0	0	0	0
2020-04-15	0	0	0	0	0	0	0	0
2020-04-16	0	0	0	0	0	0	0	0
2020-04-17	0	0	0	0	0	0	0	0
2020-04-18	0	0	0	0	0	0	0	0
2020-04-19	0	0	0	0	0	0	0	0
2020-04-20	0	0	0	0	0	0	0	0
2020-04-21	0	0	0	0	0	0	0	0
2020-04-22	0	0	0	0	0	0	0	0
2020-04-23	0	0	0	0	0	0	0	0
2020-04-24	0	0	0	0	0	0	0	0
2020-04-25	0	0	0	0	0	0	0	0
2020-04-26	0	0	0	0	0	0	0	0
2020-04-27	0	0	0	0	0	0	0	0
2020-04-28	0	0	0	0	0	0	0	0
2020-04-29	0	0	0	0	0	0	0	0
2020-04-30	0	0	0	0	0	0	0	0
2020-05-01	0	0	0	0	0	0	0	0
2020-05-02	0	0	0	0	0	0	0	0
2020-05-03	0	0	0	0	0	0	0	0
2020-05-04	0	0	0	0	0	0	0	0
2020-05-05	0	0	0	0	0	0	0	0
2020-05-06	0	0	0	0	0	0	0	0
2020-05-07	0	0	0	0	0	0	0	0
2020-05-08	0	0	0	0	0	0	0	0
2020-05-09	0	0	0	0	0	0	0	0
2020-05-10	0	0	0	0	0	0	0	0
2020-05-11	0	0	0	0	0	0	0	0
2020-05-12	0	0	0	0	0	0	0	0
2020-05-13	0	0	0	0	0	0	0	0
2020-05-14	0	0	0	0	0	0	0	0
2020-05-15	0	0	0	0	0	0	0	0
2020-05-16	0	0	0	0	0	0	0	0
2020-05-17	0	0	0	0	0	0	0	0
2020-05-18	0	0	0	0	0	0	0	0
2020-05-19	0	0	0	0	0	0	0	0
2020-05-20	0	0	0	0	0	0	0	0
2020-05-21	0	0	0	0	0	0	0	0
2020-05-22	0	0	0	0	0	0	0	0
2020-05-23	0	0	0	0	0	0	0	0
2020-05-24	0	0	0	0	0	0	0	0
2020-05-25	0	0	0	0	0	0	0	0
2020-05-26	0	0	0	0	0	0	0	0
2020-05-27	0	0	0	0	0	0	0	0
2020-05-28	0	0	0	0	0	0	0	0
2020-05-29	0	0	0	0	0	0	0	0
2020-05-30	0	0	0	0	0	0	0	0
2020-05-31	0	0	0	0	0	0	0	0
2020-06-01	0	0	0	0	0	0	0	0
2020-06-02	0	0	0	0	0	0	0	0
2020-06-03	0	0	0	0	0	0	0	0
2020-06-04	0	0	0	0	0	0	0	0
2020-06-05	0	0	0	0	0	0	0	0
2020-06-06	0	0	0	0	0	0	0	0
2020-06-07	0	0	0	0	0	0	0	0
2020-06-08	0	0	0	0	0	0	0	0
2020-06-09	0	0	0	0	0	0	0	0
2020-06-10	0	0	0	0	0	0	0	0
2020-06-11	0	0	0	0	0	0	0	0
2020-06-12	0	0	0	0	0	0	0	0
2020-06-13	0	0	0	0	0	0	0	0
2020-06-14	0	0	0	0	0	0	0	0
2020-06-15	0	0	0	0	0	0	0	0
2020-06-16	0	0	0	0	0	0	0	0
2020-06-17	0	0	0	0	0	0	0	0
2020-06-18	0	0	0	0	0	0	0	0
2020-06-19	0	0	0	0	0	0	0	0
2020-06-20	0	0	0	0	0	0	0	0
2020-06-21	0	0	0	0	0	0	0	0
2020-06-22	0	0	0	0	0	0	0	0
2020-06-23	0	0	0	0	0	0	0	0
2020-06-24	0	0	0	0	0	0	0	0
2020-06-25	0	0	0	0	0	0	0	0
2020-06-26	0	0	0	0	0	0	0	0
2020-06-27	0	0	0	0	0	0	0	0
2020-06-28	0	0	0	0	0	0	0	0
2020-06-29	0	0	0	0	0	0	0	0
2020-06-30	0	0	0	0	0	0	0	0
2020-07-01	0	0	0	0	0	0	0	0
2020-07-02	0	0	0	0	0	0	0	0
2020-07-03	0	0	0	0	0	0	0	0
2020-07-04	0	0	0	0	0	0	0	0
2020-07-05	0	0	0	0	0	0	0	0
2020-07-06	0	0	0	0	0	0	0	0
2020-07-07	0	0	0	0	0	0	0	0
2020-07-08	0	0	0	0	0	0	0	0
2020-07-09	0	0	0	0	0	0	0	0
2020-07-10	0	0	0	0	0	0	0	0
2020-07-11	0	0	0	0	0	0	0	0
2020-07-12	0	0	0	0	0	0	0	0
2020-07-13	0	0	0	0	0	0	0	0
2020-07-14	0	0	0	0	0	0	0	0
2020-07-15	0	0	0	0	0	0	0	0
2020-07-16	0	0	0	0	0	0	0	0
2020-07-17	0	0	0	0	0	0	0	0
2020-07-18	0	0	0	0	0	0	0	0
2020-07-19	0	0	0	0	0	0	0	0
2020-07-20	0	0	0	0	0	0	0	0
2020-07-21	0	0	0	0	0	0	0	0
2020-07-22	0	0	0	0	0	0	0	0
2020-07-23	0	0	0	0	0	0	0	0
2020-07-24	0	0	0	0	0	0	0	0
2020-07-25	0	0	0	0	0	0	0	0
2020-07-26	0	0	0	0	0	0	0	0
2020-07-27	0	0	0	0	0	0	0	0
2020-07-28	0	0	0	0	0	0	0	0
2020-07-29	0	0	0	0	0	0	0	0
2020-07-30	0	0	0	0	0	0	0	0
2020-07-31	0	0	0	0	0	0	0	0
2020-08-01	0	0	0	0	0	0	0	0
2020-08-02	0	0	0	0	0	0	0	0
2020-08-03	0	0	0	0	0	0	0	0
2020-08-04	0	0	0	0	0	0	0	0
2020-08-05	0	0	0	0	0	0	0	0
2020-08-06	0	0	0	0	0	0	0	0
2020-08-07	0	0	0	0	0	0	0	0
2020-08-08	0	0	0	0	0	0	0	0
2020-08-09	0	0	0	0	0	0	0	0
2020-08-10	0	0	0	0	0	0	0	0
2020-08-11	0	0	0	0	0	0	0	0
2020-08-12	0	0	0	0	0	0	0	0
2020-08-13	0	0	0	0	0	0	0	0
2020-08-14	0	0	0	0	0	0	0	0
2020-08-15	0	0	0	0	0	0	0	0
2020-08-16	0	0	0	0	0	0	0	0
2020-08-17	0	0	0	0	0	0	0	0
2020-08-18	0	0	0	0	0	0	0	0
2020-08-19	0	0	0	0	0	0	0	0
2020-08-20	0	0	0	0	0	0	0	0
2020-08-21	0	0	0	0	0	0	0	0
2020-08-22	0	0	0	0	0	0	0	0
2020-08-23	0	0	0	0	0	0	0	0
2020-08-24	0	0	0	0	0	0	0	0
2020-08-25	0	0	0	0	0	0	0	0
2020-08-26	0	0	0	0	0	0	0	0
2020-08-27	0	0	0	0	0	0	0	0
2020-08-28	0	0	0	0	0	0	0	0
2020-08-29	0	0	0	0	0	0	0	0
2020-08-30	0	0	0	0	0	0	0	0
2020-08-31	0	0	0	0	0	0	0	0
2020-09-01	0	0	0	0	0	0	0	0
2020-09-02	0	0	0	0	0	0	0	0
2020-09-03	0	0	0	0	0	0	0	0
2020-09-04	0	0	0	0	0	0	0	0
2020-09-05	0	0	0	0	0	0	0	0
2020-09-06	0	0	0	0	0	0	0	0
2020-09-07	0	0	0	0	0	0	0	0
2020-09-08	0	0	0	0	0	0	0	0
2020-09-09	0	0	0	0	0	0	0	0
2020-09-10	0	0	0	0	0	0	0	0
2020-09-11	0	0	0	0	0	0	0	0
2020-09-12	0	0	0	0	0	0	0	0
2020-09-13	0	0	0	0	0	0	0	0
2020-09-14	0	0	0	0	0	0	0	0
2020-09-15	0	0	0	0	0	0	0	0
2020-09-16	0	0	0	0	0	0	0	0
2020-09-17	0	0	0	0	0	0	0	0
2020-09-18	0	0	0	0	0	0	0	0
2020-09-19	0	0	0	0	0	0	0	0
2020-09-20	0	0	0	0	0	0	0	0
2020-09-21	0	0	0	0	0	0	0	0
2020-09-22	0	0	0	0	0	0	0	0
2020-09-23	0	0	0	0	0	0	0	0
2020-09-24	0	0	0	0	0	0	0	0
2020-09-25	0	0	0	0	0	0	0	0
2020-09-26	0	0	0	0	0	0	0	0
2020-09-27	0	0	0	0	0	0	0	0
2020-09-28	0	0	0	0	0	0	0	0
2020-09-29	0	0	0	0	0	0	0	0
2020-09-30	0	0	0	0	0	0	0	0
2020-10-01	0	0	0	0	0	0	0	0
2020-10-02	0	0	0	0	0	0	0	0
2020-10-03	0	0	0	0	0	0	0	0
2020-10-04	0	0	0	0	0	0	0	0
2020-10-05	0	0	0	0	0	0	0	0
2020-10-06	0	0	0	0	0	0	0	0
2020-10-07	0	0	0	0	0	0	0	0
2020-10-08	0	0	0	0	0	0	0	0
2020-10-09	0	0	0	0	0	0	0	0
2020-10-10	0	0	0	0	0	0	0	0
2020-10-11	0	0	0	0	0	0	0	0
2020-10-12	0	0	0	0	0	0	0	0
2020-10-13	0	0	0	0	0	0	0	0
2020-10-14	0	0	0	0	0	0	0	0
2020-10-15	0	0	0	0	0	0	0	0
2020-10-16	0	0	0	0	0	0	0	0
2020-10-17	0	0	0	0	0	0	0	0
2020-10-18	0	0	0	0	0	0	0	0
2020-10-19	0	0	0	0	0	0	0	0
2020-10-20	0	0	0	0	0	0	0	0
2020-10-21	0	0	0	0	0	0	0	0
2020-10-22	0	0	0	0	0	0	0	0
2020-10-23	0	0	0	0	0	0	0	0
2020-10-24	0	0	0	0	0	0	0	0
2020-10-25	0	0	0	0	0	0	0	0
2020-10-26	0	0	0	0	0	0	0	0
2020-10-27	0	0	0	0	0	0	0	0
2020-10-28	0	0	0	0	0	0	0	0
2020-10-29	0	0	0	0	0	0	0	0
2020-10-30	0	0	0	0	0	0	0	0
2020-10-31	0	0	0	0	0	0	0	0
2020-11-01	0	0	0	0	0	0	0	0
2020-11-02	0	0	0	0	0	0	0	0
2020-11-03	0	0	0	0	0	0	0	0
2020-11-04	0	0	0	0	0	0	0	0
2020-11-05	0	0	0	0	0	0	0	0
2020-11-06	0	0	0	0	0	0	0	0
2020-11-07	0	0	0	0	0	0	0	0
2020-11-08	0	0	0	0	0	0	0	0
2020-11-09	0	0	0	0	0	0	0	0
2020-11-10	0	0	0	0	0	0	0	0
2020-11-11	0	0	0	0	0	0	0	0
2020-11-12	0	0	0	0	0	0	0	0
2020-11-13	0	0	0	0	0	0	0	0
2020-11-14	0	0	0	0	0	0	0	0
2020-11-15	0	0	0	0	0	0	0	0
2020-11-16	0	0	0	0	0	0	0	0
2020-11-17	0	0	0	0	0	0	0	0
2020-11-18	0	0	0	0	0	0	0	0
2020-11-19	0	0	0	0	0	0	0	0
2020-11-20	0	0	0	0	0	0	0	0
2020-11-21	0	0	0	0	0	0	0	0
2020-11-22	0	0	0	0	0	0	0	0
2020-11-23	0	0	0	0	0	0	0	0
2020-11-24	0	0	0	0	0	0	0	0
2020-11-25	0	0	0	0	0	0	0	0
2020-11-26	0	0	0	0	0	0	0	0
2020-11-27	0	0	0	0	0	0	0	0
2020-11-28	0	0	0	0	0	0	0	0
2020-11-29	0	0	0	0	0	0	0	0
2020-11-30	0	0	0	0	0	0	0	0
2020-12-01	0	0	0	0	0	0	0	0
2020-12-02	0	0	0	0	0	0	0	0
2020-12-03	0	0	0	0	0	0	0	0
2020-12-04	0	0	0	0	0	0	0	0
2020-12-05	0	0	0	0	0	0	0	0
2020-12-06	0	0	0	0	0	0	0	0
2020-12-07	0	0	0	0	0	0	0	0
2020-12-08	0	0	0	0	0	0	0	0
2020-12-09	0	0	0	0	0	0	0	0
2020-12-10	0	0	0	0	0	0	0	0
2020-12-11	0	0	0	0	0	0	0	0
2020-12-12	0	0	0	0	0	0	0	0
2020-12-13	0	0	0	0	0	0	0	0
2020-12-14	0	0	0	0	0	0	0	0
2020-12-15	0	0	0	0	0	0	0	0
2020-12-16	0	0	0	0	0	0	0	0
2020-12-17	0	0	0	0	0	0	0	0
2020-12-18	0	0	0	0	0	0	0	0
2020-12-19	0	0	0	0	0	0	0	0
2020-12-20	0	0	0	0	0	0	0	0
2020-12-21	0	0	0	0	0	0	0	0
2020-12-22	0	0	0	0	0	0	0	0
2020-12-23	0	0	0	0	0	0	0	0
2020-12-24	0	0	0	0	0	0	0	0
2020-12-25	0	0	0	0	0	0	0	0
2020-12-26	0	0	0	0	0	0	0	0
2020-12-27	0	0	0	0	0	0	0	0
2020-12-28	0	0	0	0	0	0	0	0
2020-12-29	0	0	0	9.320021715719662e-6	4.222044564139438e-5	8.898197944828823e-5	1.0520027667659804e-5	1.029026472387784e-4
2020-12-30	0	0	0	4.040040804831335e-5	1.4663537548331718e-4	2.4223466940864746e-4	6.0090902729070805e-5	1.4840550604855451e-4
2020-12-31	0	0	0	7.924156980654296e-5	1.981098118744029e-4	2.7642910326219905e-4	5.4080731181294084e-5	1.653068315872197e-4
2021-01-01	0	0	1.5820006256106467e-6	1.0100255037870376e-4	3.502306653797582e-4	4.077415632957049e-4	8.564183363102273e-5	2.2441259025263172e-4
2021-01-02	0	0	0	1.849385505667822e-4	7.806923701443313e-4	8.534320865816181e-4	1.3072427220883753e-4	1.4170502007826435e-4
2021-01-03	0	0	0	6.373101541057302e-5	1.5838627155284613e-4	1.8903893392963056e-4	3.306027324545546e-5	6.08009241880314e-5
2021-01-04	0	0	0	8.550182764066605e-5	2.599268904970309e-4	3.1445472044278056e-4	7.514141155784415e-5	3.561317074483039e-4
2021-01-05	0	0	0	1.5235580307271235e-4	5.038734721189986e-4	6.734433814969965e-4	2.2244237015200952e-4	0.008324323590811034
2021-01-06	0	0	0	2.658976753935338e-4	7.358353634205894e-4	9.001425641590455e-4	2.5406613740064365e-4	0.019535206069039912
2021-01-07	0	0	0	2.5818666508836685e-4	7.99549819978651e-4	0.0010232617661605214	2.451050191174531e-4	0.020082324943786922
2021-01-08	0	0	0	2.878107087509463e-4	7.855442699500337e-4	0.0010936089951585348	2.45165026472538e-4	0.010332691126478943
2021-01-09	0	0	0	2.723385420704272e-4	0.00083554453366696535	0.0010200501255646088	2.5575635282804043e-4	0.018217267206114718
2021-01-10	0	0	0	3.237862093774524e-4	0.0010339672720800497	0.0012482895567043073	3.039831014315375e-4	0.01567371634602388
2021-01-11	0	0	0	3.0831376434425906e-4	0.0011270475590501317	0.0014989717290609939	3.146147456094539e-4	0.008917580811884207
2021-01-12	0	0	0	1.9469947697170475e-4	7.970388177191978e-4	0.0010644632705134605	2.650175585765524e-4	0.01073501011051814
2021-01-13	1.8063012568125814e-5	0	0	2.9756213580611757e-4	7.51971365233528e-4	9.634120406900593e-4	2.153815973082729e-4	0.007340872100800144
2021-01-14	0	0	0	9.194211333807267e-5	3.1307450391127034e-4	4.2861592790344183e-4	1.446152283910429e-4	0.0016219576866844942
2021-01-15	0	0	0	0	0	0	0	5.700008122611067e-6
2021-01-16	0	0	0	0	0	6.800001155493618e-7	0	0
2021-01-17	0	0	0	6.857117550151948e-5	2.6510757050601796e-4	3.3801856413750997e-4	4.821058106507792e-5	7.620145166531422e-5
2021-01-18	0	0	0	1.714473485483481e-4	6.754140460334401e-4	6.32259938157409e-4	1.325943953183195e-4	1.9630963436823023e-4
2021-01-19	0	0	0	2.3850422106574953e-4	9.529570317761138e-4	8.842954946304271e-4	1.8987901350997483e-4	0.0011461284025788832
2021-01-20	0	0	0	4.989922483160658e-4	0.0014877033152884689	0.0017148551820738156	7.220703463963751e-4	0.013164022874560422
2021-01-21	0	0	0	5.226482903089025e-4	0.0014735728542392135	0.0018130417801240917	7.935074135039244e-4	0.013725195246136135
2021-01-22	0	0	0	9.364219221508208e-5	2.9755213431825744e-4	3.173651801644528e-4	1.554760432000979e-4	0.0033619256359953553
2021-01-23	0	0	0	2.638073985858913e-4	7.402970099157358e-4	8.72130152750783e-4	2.6270725377530724e-4	0.006019959979538747
2021-01-24	0	0	0	2.763690949691977e-4	6.332102388015848e-4	7.289728503541149e-4	2.15951658779856e-4	0.0019269282631328988
2021-01-25	0	0	0	2.1865195216919098e-4	5.922476893314155e-4	6.380517775177452e-4	1.601064085154924e-4	0.001079191163391835
2021-01-26	0	0	0	5.030532656469244e-4	0.001294729080848267	0.001486172176934808	3.384186317925142e-4	0.0027059305149879087
2021-01-27	0	0	0	5.845954379566365e-4	0.0017493350432733479	0.002003013015284827	5.818846474356931e-4	0.006480599542608045
2021-01-28	0	0	0	0.0011747450064576448	0.0029432156295605694	0.0035589365072656864	0.0010980514292353583	0.02357292064695682
2021-01-29	0	0	0	0.001266991316749122	0.0032130409079691447	0.003983587241828346	0.0015960868733269074	0.03348531660706899
2021-01-30	0	0	0	9.235332284058817e-4	0.0026253130671751723	0.0031565209060575583	0.0011177023146160536	0.02456809785809111
2021-01-31	0	0	0	8.113645781195888e-4	0.0016967197144472923	0.0018345714130674207	4.660242946608051e-4	0.010023417223207653
2021-02-01	0	0	0	8.780027221950704e-4	0.002434671906823338	0.002700583287523317	7.51821308820233e-4	0.00929238711457181
2021-02-02	0	0	0	0.0011492501940020272	0.0029878818595014955	0.0030952351201121164	0.0014761547582176071	0.023930871654536334
2021-02-03	0	0	0	0.0014969702299674204	0.003348242682264857	0.003630475087339935	0.001198108866213854	0.03951893658724681
2021-02-04	0	0	0	0.001425097725882063	0.0034282582386375715	0.003917356420330975	0.0013322036916689761	0.04474564314511764
2021-02-05	0	0	0	0.0019704606788217838	0.004254635480768432	0.004982716866843706	0.0019035558812483533	0.05815046926905265
2021-02-06	0	0	0	0.0016214272565870935	0.0037940186443683466	0.004285240822226033	0.002066327427259207	0.057383928821755026
2021-02-07	0	0	0	9.806103991887305e-4	0.0022395839340494383	0.0025449992553023826	0.001748604404340659	0.0237748104024178
2021-02-08	0	0	0	0.0011941264845152233	0.0026375992324276787	0.003076576330479197	0.0011251264773974867	0.015878128743095576
2021-02-09	0	0	3.1630025012496787e-6	0.0013607328985052458	0.0030354334640787517	0.0034685076363056844	0.001991992008040011	0.062386932331431666
2021-02-10	0	0	0	0.0017013936851177913	0.003515880353665457	0.004005771551430559	0.0025723342258423543	0.07235127681415965
2021-02-11	0	0	0	0.001543365494262261	0.0029662496592601784	0.0036487182862832146	0.003858872724676443	0.06363990952095899
2021-02-12	0	0	0	0.001994224232572339	0.003985260575463556	0.005007969940731716	0.006565727193394544	0.1398518338583885
2021-02-13	0	0	0	0.001643175006025066	0.003729266857824154	0.004963378782234074	0.013543244870404925	0.17281670322871
2021-02-14	0	0	0	9.412514885911438e-4	0.002114517796377946	0.0025928607316936247	0.006539511302017242	0.04909559434604782
2021-02-15	0	0	0	0.0011024138290627317	0.002653239920519024	0.0031967848583576153	0.00786174174581955	0.05289075807236743
2021-02-16	0	0	0	0.0011790475382742471	0.0025265758964401197	0.0029742715728473534	0.006967817620598504	0.09070086157249846
2021-02-17	0	0	0	0.001288074784162374	0.002912700956715808	0.0035392115045185246	0.007695906745157632	0.08161640957810512
2021-02-18	0	0	0	0.0014409590907753511	0.0028928120904476717	0.004010150326410056	0.012689455570670027	0.12725036376989252
2021-02-19	0	0	0	0.0016331568002836416	0.0033837524451525436	0.0045779594281314395	0.025641835937562085	0.22315763220256368
2021-02-20	1.806333957099504e-5	0	0	0.0015744997623754475	0.0031077345034358217	0.004490100250063911	0.04090214639492795	0.2639271904669436
2021-02-21	0	0	0	9.757780356938195e-4	0.0021622988841161206	0.0030010315475874627	0.02034092834144796	0.1058503754982818
2021-02-22	0	0	1.5820006256106467e-6	8.554229371002808e-4	0.002003133135589863	0.0028005407571329854	0.020303346469464856	0.15328897766867722
2021-02-23	0	0	0	9.548979575273453e-4	0.0021958854782584414	0.00349454295762075	0.032531159077735294	0.13260941418245342
2021-02-24	0	0	0	0.0011745749065528166	0.0023287958224955663	0.003850035693710785	0.04958367521187923	0.16703246073477884
2021-02-25	0	0	0	0.00121327801088289	0.0027883136732851366	0.004613430936250884	0.05896614145966006	0.17239314949850337
2021-02-26	0	0	1.5820006256106467e-6	0.00137558305718688	0.0032600870418801886	0.005899962389048108	0.06569972341417474	0.12814402263421987
2021-02-27	0	0	0	0.001681727051468851	0.004409290460591464	0.00951169810018726	0.09834651947311923	0.10817083223669477
2021-02-28	0	0	0	7.736796450483752e-4	0.0019378488145069817	0.003828704745006073	0.05700992282513195	0.05727335942495504
2021-03-01	0	0	0	7.710186174270106e-4	0.0019278391409383033	0.003628882196498928	0.05301086803238686	0.11475083874836334
2021-03-02	0	0	0	0.0012024014423070994	0.0025266660102818417	0.005317679428626487	0.08078100259506593	0.12700282968713483
2021-03-03	0	0	0	0.0012806500161159917	0.0024223769775553183	0.004788883350937079	0.08316539054617444	0.1231349542388509
2021-03-04	0	0	1.5820006256106467e-6	0.0014933575291773415	0.0032163662529682835	0.0074306636907210954	0.12728695203990203	0.13139335332446178
2021-03-05	0	0	0	0.001744690986659636	0.003587818109697105	0.007712219582723057	0.1330383614010704	0.13287472300330094
2021-03-06	0	0	0	0.0016426745949562616	0.003702907881695028	0.007973403792007616	0.18028627526195762	0.10938602565198408
2021-03-07	0	0	0	6.819862763203233e-4	0.001684079030545238	0.003967104479487782	0.0628883356915122	0.018126542889279174
2021-03-08	0	0	0	8.502207188176847e-4	0.002121154824447302	0.00442999621661988	0.0767539107020132	0.06254548440485963
2021-03-09	0	0	0	0.0010402705406995505	0.0024307771694118685	0.008438893731854469	0.09378960237858314	0.04973981223017332
2021-03-10	0	0	1.5820006256106467e-6	0.0018820855615151455	0.004195149820504174	0.016730981434944114	0.13241972595553464	0.0642185040661225
2021-03-11	0	0	0	0.001845991921543666	0.004244724421353263	0.01722394607963862	0.12175084719838081	0.05960107194422526
2021-03-12	0	0	0	0.0017236327274448016	0.003941634119883686	0.013692319906102757	0.10696267337381848	0.048185254692443946
2021-03-13	0	0	0	0.001852598029865149	0.004875612900288484	0.017719969328248597	0.09538012191408662	0.03317891001748707
2021-03-14	0	0	0	4.5472169295446285e-4	0.001052787090164209	0.0021142174788870705	0.03021095545741237	0.0019513519436020754
2021-03-15	0	0	0	6.757841710613999e-4	0.001807656905872257	0.005662465879960443	0.061911405533792374	0.029971573809149277
2021-03-16	0	0	0	0.0021940534676547774	0.004967589235703729	0.016328202549625415	0.06736301391078614	0.04309611886531339
2021-03-17	0	0	0	0.0031641429501521046	0.007190174652884851	0.025817536295086985	0.10696149009060041	0.05438606090519582
2021-03-18	0	0	1.5820006256106467e-6	0.003286269892451621	0.009014445054912112	0.0277486367098132	0.10510438282210388	0.07565595591640628
2021-03-19	0	0	0	0.003305501585182391	0.008224641180637482	0.029457627961276156	0.10101860988581568	0.0531338001804027
2021-03-20	0	0	1.5820006256106467e-6	0.0036145562542286847	0.0081646453584574	0.02717642958119537	0.062528100848944	0.027073240082136296
2021-03-21	0	0	0	9.198015087037437e-4	0.0024593621155037937	0.008213234304434769	0.050310352902288136	0.006230805735026879
2021-03-22	0	0	1.5820006256106467e-6	0.0010473842534435285	0.0030075713713886287	0.010846411158756064	0.051765075767298496	0.021074837190653062
2021-03-23	0	0	0	0.0011618174549496985	0.0030636164364172824	0.013227280235607708	0.04483470775486609	0.026193829171668792
2021-03-24	0	0	0	0.002282952968564178	0.0068407389272677754	0.023841990123259382	0.07061650261022501	0.04461983235995781
2021-03-25	0	0	0	0.0027484985610850554	0.007763467858296735	0.027676993999208088	0.09524927615186352	0.05769199146994186
2021-03-26	0	0	0	0.002909396146484333	0.007009754163357584	0.025525902930099154	0.06471672357765668	0.055991255163701625
2021-03-27	0	0	1.897909005155185e-5	0.0030545826187435843	0.00927267562832701	0.032430921161851645	0.09408322322300755	0.03727149101053717
2021-03-28	0	0	0	8.147659608928048e-4	0.001969790018178985	0.008074840763338198	0.008065452882550117	0.005031428818990102
2021-03-29	0	0	0	8.497004977339184e-4	0.002497329163237305	0.014090364593595028	0.027861221921743118	0.019927173056506042
2021-03-30	0	0	0	8.624259446274873e-4	0.0022215638364697643	0.012629556423865873	0.02070894510180743	0.01975405567894173
2021-03-31	0	0	4.745005628858934e-6	0.0011721534859485683	0.003040320887775172	0.01894732023603174	0.026970937872429657	0.027441559801079096
2021-04-01	0	0	0	9.260443895529047e-4	0.0016752316002286438	0.013113772758993614	0.018599020894559004	0.021731059739348746
2021-04-02	0	0	0	0.003343354504836249	0.006166285770049518	0.02942960541877615	0.03155342465181432	0.04719207293702343
2021-04-03	0	0	4.745005628858934e-6	0.0037053724462412507	0.008426772624215095	0.06014136597534514	0.03957185288519183	0.02634815633557097
2021-04-04	0	0	0	0.001337126977138281	0.0012911367585322076	0.022263971102311153	0.014375272112074011	0.0057363263600271885
2021-04-05	0	0	0	0.0011411455532934767	0.002590447604698287	0.03480383676336274	0.01983281513908519	0.019818998172136837
2021-04-06	0	0	1.5820006256106467e-6	0.001981471557383152	0.00505239166538507	0.04968078510208995	0.021121782423183078	0.027540418665061628
2021-04-07	0	0	0	0.0021420971450447635	0.004881607523002263	0.0632531812340571	0.02157754764054509	0.028084687416825238
2021-04-08	0	0	6.326010004498173e-6	0.0016233187909742153	0.004760806319202171	0.07685666680821734	0.024450233479297978	0.04252724156886423
2021-04-09	0	0	0	0.002284755026382701	0.006572369008596368	0.10111635954174392	0.023120802881470892	0.030175236220236767
2021-04-10	0	0	0	0.003102967101207721	0.009673886017670608	0.14480031263478277	0.024722925764590453	0.02667650903355434
2021-04-11	0	0	0	0.0011148607286111112	0.0036178922861485052	0.05738366114150062	0.007492665007227783	0.00555742123268943
2021-04-12	0	0	0	0.0015697560335010685	0.0044316799467876145	0.06248864777519314	0.011459510092892256	0.016276733009364497
2021-04-13	0	0	0	0.001519387134315986	0.005595788211426811	0.06150465566718477	0.015260500720560621	0.03735586516556699
2021-04-14	0	0	0	0.002087999935933116	0.006449398685852259	0.06621825430065664	0.01613997469579531	0.0476934666912574
2021-04-15	0	0	0	0.0018572223186852366	0.0055445555239896915	0.056481016300586884	0.015925444949207668	0.039543114475607766
2021-04-16	0	0	0	0.002285816238969618	0.00677906894393665	0.06385445795002287	0.018353866100206062	0.05719017914773761
2021-04-17	0	0	0	0.003052950126118059	0.011954366720924536	0.08638644444600563	0.019058324937354376	0.04133627184245836
2021-04-18	0	0	0	0.0013133612294298214	0.004440459419964959	0.03300102694485374	0.0060739732878754005	0.010521877476407093
2021-04-19	0	0	0	0.0013436113228466606	0.0035606896276560995	0.033985351021005306	0.007261883738859165	0.027212124935881432
2021-04-20	1.806366557399741e-5	0	0	0.0015221392269566536	0.004478383980769829	0.027060933530890896	0.00944974441738844	0.033687410404947826
2021-04-21	0	0	0	0.0019965165195532375	0.005381720729502604	0.028257339306165807	0.011932023294978	0.03930950938196265
2021-04-22	0	0	3.1630025012496787e-6	0.0012283672215076535	0.003544020019474514	0.017320045998346245	0.006810465610457728	0.04749811779860247
2021-04-23	0	0	0	5.431337485672927e-4	0.0013310629321323653	0.006619444260579588	0.0015693557193434682	0.01394854044513738
2021-04-24	0	0	0	6.456742238007962e-4	0.001930041264820881	0.011812523930401664	0.0034787153651478775	0.016174906903332786
2021-04-25	0	0	0	7.17812881383395e-5	1.1825349597227586e-4	3.916083392727643e-4	9.556228303742031e-5	0.002047748318293685
2021-04-26	0	0	0	2.5124578111057616e-4	1.6689696364924345e-4	4.5845254468379615e-4	1.9113913354207313e-4	0
2021-04-27	0	0	0	2.8003960554512375e-4	0.0011234255212253519	0.01012347116711787	0.0032046274092079052	0.02144396086438838
2021-04-28	0	0	0	6.626397728672906e-4	0.002327564388996173	0.009537078968814283	0.004560028464900112	0.037228286325686755
2021-04-29	0	0	0	3.0186278028443425e-4	0.00107514898633565	0.003698589891796944	0.00477402783544334	0.04622611338978122
2021-04-30	0	0	0	4.5115088428016037e-4	0.0016841390811110912	0.004195550661338032	0.00450587572902128	0.03171516288927334
2021-05-01	0	0	1.5820006256106467e-6	6.455941979670587e-4	0.001567864549811615	0.006495176830514815	0.0037955315148701096	0.030362266811482908
2021-05-02	0	0	0	1.2234374199771025e-4	4.5347140907980865e-4	0.001976746882059066	8.785829770119324e-4	0.004860305642735208
2021-05-03	0	0	0	1.4575531115257334e-4	7.736596373086879e-4	0.0032011818913755263	0.004009098217128582	0.019115753003219993
2021-05-04	0	0	0	1.7817793684438143e-4	0.0015767215126820666	0.013894151864005	0.0041235108354023	0.03410478407418682
2021-05-05	0	0	0	2.2141225584682012e-4	0.0010247225140576077	0.016451664314680592	0.0036472055270391213	0.029554466624362563
2021-05-06	0	0	0	3.7271472906730274e-4	0.0017554303839582008	0.03515616905566765	0.006137717895240424	0.03908827327694331
2021-05-07	0	0	3.1630025012496787e-6	5.403930061502749e-4	0.0012147689158796826	0.028522574311336424	0.005627005798564344	0.04293178453074864
2021-05-08	0	0	0	5.406830845495758e-4	0.0010153577378340106	0.02899723998163828	0.00505715370088855	0.035452418494273275
2021-05-09	0	0	0	2.398143777340156e-4	5.614788146148797e-4	0.02794589323720631	0.00181022923246843	0.00897533917834159
2021-05-10	0	0	0	3.913882961996684e-4	6.876582184562885e-4	0.028682775401178695	0.0031242902974657483	0.023024127613086032
2021-05-11	0	0	0	1.02842644152501e-4	5.745525276517061e-4	0.024346933290158912	0.0026282569336273376	0.039854597230093214
2021-05-12	0	0	0	2.2014211563781139e-4	0.0013255092436887939	0.02368234334659647	0.003497438018172705	0.037580269157487356
2021-05-13	0	0	0	2.99612441903907e-4	0.0022844046261238926	0.03089245595879153	0.004222577540270889	0.03226017980018514
2021-05-14	0	0	0	3.809462800170582e-4	0.002109932954267979	0.03048853773327842	0.006338514190535882	0.03684070946853635
2021-05-15	0	0	0	7.261318168538811e-4	0.002787222151831026	0.03853306935854772	0.0062758967199096904	0.033882404330809246
2021-05-16	0	0	1.5820006256106467e-6	3.8679740305780363e-4	0.0015298451065124397	0.026026899879332266	0.0025341654986936746	0.007410127497381902
2021-05-17	0	0	0	1.554960447549547e-4	0.0017243633572470163	0.019962667018624147	0.0030076014165703047	0.033060143268228925
2021-05-18	0	0	0	1.482854971470715e-4	0.004113009211192953	0.02995945219394036	0.003641374902795702	0.0216892054078055
2021-05-19	0	0	0	4.395182940826192e-4	0.0049386876589481155	0.03390921877955999	0.0047523963176900885	0.04862253779541659
2021-05-20	0	0	0	2.9675201543954977e-4	0.004578671057162476	0.025030815430276077	0.004827626494392279	0.0443291688016616
2021-05-21	0	0	0	5.213079404922105e-4	0.007560159001030131	0.037579718816583396	0.005273432271981848	0.03754969489670912
2021-05-22	0	0	1.5820006256106467e-6	3.295971585717261e-4	0.0065723790415663785	0.03515726837998545	0.0033912651698631002	0.02622767270386528
2021-05-23	0	0	0	1.4672538208437835e-4	0.003481029391406043	0.026700448487356532	0.0017538489965756021	0.0027694174182091302
2021-05-24	0	0	0	1.1413325660014628e-4	0.00577551915537855	0.01943387891239534	0.001703665619135597	0.0037037294028723355
2021-05-25	0	0	1.5820006256106467e-6	1.920692226466958e-4	0.006841110197182587	0.022668818836864668	0.0017599343422223246	0.020532495846420806
2021-05-26	0	0	0	3.6972417399128155e-4	0.009791468212438925	0.02975973038819446	0.003688120558313246	0.04505734099437064
2021-05-27	0	0	1.5820006256106467e-6	5.239886410239869e-4	0.00799062251203253	0.02440355335407629	0.005528360692987899	0.03301052366821233
2021-05-28	0	0	0	5.551070359552934e-4	0.011118113109780392	0.026284113657692565	0.0037763351768418385	0.031009598804504046
2021-05-29	0	0	0	3.3032727902782e-4	0.02037707630973329	0.03657265986235192	0.004278546490016799	0.021277179592856577
2021-05-30	0	0	0	1.198235894230848e-4	0.008941879301360034	0.01623950034284638	0.0016306547587354725	0.003245833859360614
2021-05-31	0	0	0	2.8144980349797954e-4	0.009593840443614443	0.02508994635198647	0.003813155037835747	0.018523984500443014
2021-06-01	0	0	0	4.8134792395604364e-4	0.007721625876544458	0.019119428133033578	0.0033352008912461706	0.024458960183312284
2021-06-02	0	0	1.5820006256106467e-6	0.001492346774724096	0.012331888870780405	0.018732213959960387	0.003565999087372651	0.046984485468689385
2021-06-03	1.8063991576999783e-5	0	0	0.0014017111985711317	0.014610899596756655	0.02401635634299848	0.005287810234268386	0.028709661160994715
2021-06-04	0	0	0	0.0012304384947223745	0.01567358531918961	0.020633949972870713	0.003154617903529333	0.027078207328024906
2021-06-05	0	0	1.5820006256106467e-6	0.001538691893185451	0.01869195731708606	0.028502102461176904	0.003942646114596382	0.027831853010499508
2021-06-06	0	0	0	7.548424467798132e-4	0.011771934611122248	0.014020322359767912	0.0015600584455883748	0.015564463128116657
2021-06-07	0	0	0	3.0176276519156e-4	0.010784777858363626	0.014774793631714855	0.0023442038228909112	0.025091799601814513
2021-06-08	0	0	0	8.581240942402424e-4	0.014203998392584127	0.015581667087304796	0.003749675015680909	0.03256664661798525
2021-06-09	0	0	0	0.00289304242361621	0.024152566618566018	0.020293496500049413	0.005338815738372027	0.06503509075745773
2021-06-10	0	0	0	0.0011644790028368934	0.01896534104019265	0.016358157327790224	0.003953577694145949	0.03901351356007554
2021-06-11	0	0	1.5820006256106467e-6	0.0014877533525095021	0.017915894821816547	0.014950630336867388	0.003969268773649448	0.03587037087670808
2021-06-12	0	0	1.5820006256106467e-6	0.0025127785139651415	0.023706509649945806	0.026561508432553227	0.0077497546743783285	0.03557275522863912
2021-06-13	0	0	0	3.8578720794246735e-4	0.013882863474563356	0.007744393909255409	0.0012613577558471256	0.01500649875119242
2021-06-14	0	0	0	7.017531143584943e-4	0.015527082573309592	0.011395283119342459	0.0026990912734254913	0.023749813409243536
2021-06-15	0	0	0	3.788158753668114e-4	0.017963955928147035	0.010678598114422178	0.0031097977104499464	0.0401262285545021
2021-06-16	0	0	3.1630025012496787e-6	8.874268816174702e-4	0.022450688351868253	0.01342792730794673	0.004391801981160404	0.06955476638159985
2021-06-17	0	0	0	0.001467618475997634	0.02908104682105206	0.04805893531592509	0.011979285822202534	0.05877883794761818
2021-06-18	0	0	0	9.303063674843681e-4	0.023808207688332805	0.018040787503436073	0.004170528326630896	0.03723175081722907
2021-06-19	0	0	0	4.5811246675819817e-4	0.017308092516641116	0.014288117575966153	0.00377470209397468	0.02139099365235886
2021-06-20	0	0	0	2.9316148591429503e-4	0.014940121809923879	0.006556145761812626	0.00177519783183544	0.017467579079726514
2021-06-21	0	0	0	4.6216339875182477e-4	0.008579933816072138	0.0042891592217073615	0.0014818589765064338	0.0022136250339477304
2021-06-22	0	0	0	2.9710206740962697e-4	0.010534554208090796	0.008257687350093024	0.001721600977481419	0.02678688429252518
2021-06-23	0	0	0	0.00153470883280038	0.02010390171605203	0.012001680081192845	0.0031529352501729058	0.04143144107743835
2021-06-24	0	0	0	0.00198761765598654	0.02348308380626296	0.007526311340599001	0.0029837356696365003	0.07751150848698174
2021-06-25	0	0	0	0.0011913548315838351	0.024776113955686352	0.007834806046446374	0.001795065565095788	0.04418998877702851
2021-06-26	0	0	6.3270100076895375e-6	0.005250542047949391	0.028298298423415247	0.009389591105281037	0.003238091308831015	0.060041031361745434
2021-06-27	0	0	0	4.0711143492999646e-4	0.016751422539272198	0.003414484676401486	0.0012025715445800333	0.014337088023246514
2021-06-28	0	0	0	0.0015995596477667018	0.01758073052141662	0.00524828612681727	0.0018665409938205535	0.04396145232257753
2021-06-29	0	0	1.5820006256106467e-6	7.068849215732254e-4	0.017398718854443995	0.005376195870509637	0.0023529040393546197	0.07095567702553818
2021-06-30	0	0	0	0.0021436087646338198	0.02514479518117585	0.006931732227919873	0.0026610202572023844	0.052814646727230574
2021-07-01	0	0	1.5820006256106467e-6	0.0029088553598761724	0.039122767738887676	0.007299289908291318	0.0027288015895288176	0.07351605249355897
2021-07-02	0	0	3.1630025012496787e-6	0.0046731996988564894	0.03947649848312196	0.006783022348043621	0.0031013946622127087	0.01860503684903847
2021-07-03	0	0	0	0.009204802095403863	0.053036826234250434	0.011424761292648355	0.0035384201042083507	0.08876218120297752
2021-07-04	0	0	0	0.004775220683143067	0.02779877294430233	0.004617660697579629	0.0011625578852090257	0.029137853628519172
2021-07-05	0	0	0	0.001634077552361779	0.025825742240568994	0.004952722364705453	0.002021962082665807	0.025696983743376922
2021-07-06	0	0	0	0.005705498177362989	0.03921163814143358	0.0067794803384146896	0.0017803724314986447	0.09849522745800088
2021-07-07	0	0	1.5820006256106467e-6	0.011231536855031532	0.040182273781564026	0.006644236469565801	0.0024604834947570264	0.10926490485843043
2021-07-08	0	0	1.5820006256106467e-6	0.017007665168621955	0.0486679114000097	0.008699661025489469	0.0027133705949964337	0.07716428158825805
2021-07-09	0	0	0	0.01657314730288073	0.047051623826169786	0.007192864324296888	0.0014835902600149886	0.10818943865935671
2021-07-10	0	0	1.5820006256106467e-6	0.02794921972074982	0.052588096986156296	0.012187876080840487	0.0037785593777428517	0.080032708611941
2021-07-11	0	0	0	0.019320359068635273	0.02312795558235492	0.003593388109526474	7.455689682716038e-4	0.03578107126522179
2021-07-12	0	0	0	0.014998670025634375	0.02841857383469959	0.004014428909868029	0.0011193032099190425	0.0597149693923833
2021-07-13	0	0	0	0.023850957037905962	0.02324216961206904	0.0053391566484291	0.0016187751082126223	0.023576462394762965
2021-07-14	0	0	0	0.03025466620682149	0.03574630966364212	0.007049222885823436	0.002120564198129671	0.13238119521139957
2021-07-15	0	0	3.1630025012496787e-6	0.027123186815760647	0.029684319709148754	0.005773212495629787	0.0025628620654916112	0.15261157305779371
2021-07-16	0	0	0	0.026110844044174852	0.029936559397134577	0.005437301060706279	0.0019424432714658657	0.22805620856642284
2021-07-17	0	0	1.5820006256106467e-6	0.03209852888921283	0.04036655468426953	0.010625233898851283	0.003202864585388099	0.15683413660083212
2021-07-18	0	0	0	0.018333388281469798	0.019252171527127437	0.005248195890025009	0.0015744297072257663	0.11628367316095067
2021-07-19	0	0	1.5820006256106467e-6	0.017921696804084286	0.0186120924967772	0.0036850949812552436	0.0011983390040921638	0.13160250481863467
2021-07-20	0	0	0	0.023132063085649524	0.0185218749630367	0.005871839625145814	0.0025898968914772613	0.3167492165455559
2021-07-21	1.8064317580002154e-5	0	0	0.020418337122714236	0.018520714213746903	0.005707704472586617	0.002913512138244867	0.6280113703095058
2021-07-22	0	0	4.745005628858934e-6	0.023797530615853102	0.01917842297697092	0.005024090371013923	0.0018416479167622235	1.5
2021-07-23	0	0	1.0790002911154062e-6	0.047630946772613925	0.057598486409156324	0	0	0
2021-07-24	0	0	1.37700047408984e-6	0.06404162234824895	0.07832719746570804	0	0	0
2021-07-25	0	0	1.37700047408984e-6	0.06843963594196723	0.08500524282702004	0	0	0
2021-07-26	0	0	1.3880004816613223e-6	0.07405952324585074	0.0936569248952066	0	0	0
2021-07-27	0	0	1.3890004824101965e-6	0.08004225046487035	0.1034155542133115	0	0	0
2021-07-28	0	0	1.3880004816613223e-6	0.0869755150547602	0.11530848147501871	0	0	0
2021-07-29	0	0	1.3850004796367443e-6	0.1499384010255227	0.03140815809878972	0	0	0
2021-07-30	0	0	1.020000260032461e-6	0.08146938518041891	0	0	0	0
2021-07-31	0	0	9.68000234191635e-7	0.08409353046658352	0	0	0	0
2021-08-01	0	0	8.690001886968446e-7	0.08222997207694371	0	0	0	0
2021-08-02	0	0	9.030002039445151e-7	0.09321279635088797	0	0	0	0
2021-08-03	0	0	8.580001840119422e-7	0.0974899527203541	0	0	0	0
2021-08-04	0	0	7.860001545179074e-7	0.09883283217913741	0	0	0	0
2021-08-05	0	0	7.59000144068267e-7	0.1057462788739203	0	0	0	0
2021-08-06	0	0	5.970000891419858e-7	0.09241432171448727	0	0	0	0
2021-08-07	0	0	5.960000888372008e-7	0.10162535836574138	0	0	0	0
2021-08-08	0	0	5.480000750957004e-7	0.10385486842383296	0	0	0	0
2021-08-09	0	0	7.280001323994867e-7	0.1554310205362337	0	0	0	0
2021-08-10	0	0	0.012018838117423103	0.06238088366160044	0	0	0	0
2021-08-11	0	0	7.270001320947017e-7	0	0	0	0	0
2021-08-12	0	0	7.100001260251787e-7	0	0	0	0	0
2021-08-13	0	0	9.93000246474196e-7	0	0	0	0	0
2021-08-14	0	0	8.690001886968446e-7	0	0	0	0	0
2021-08-15	0	0	7.730001494454797e-7	0	0	0	0	0
2021-08-16	0	0	9.520002266505401e-7	0	0	0	0	0
2021-08-17	0	0	1.001000250466788e-6	0	0	0	0	0
2021-08-18	0	0	8.740001911089479e-7	0	0	0	0	0
2021-08-19	0	0	8.14000165716422e-7	0	0	0	0	0
2021-08-20	0	0	7.94000157622321e-7	0	0	0	0	0
2021-08-21	0	0	7.66000146645851e-7	0	0	0	0	0
2021-08-22	0	0	6.340001006410745e-7	0	0	0	0	0
2021-08-23	0	0	9.090002066614034e-7	0	0	0	0	0
2021-08-24	0	0	9.060002053029592e-7	0	0	0	0	0
2021-08-25	0	0	7.990001595903351e-7	0	0	0	0	0
2021-08-26	0	0	5.86000085789351e-7	0	0	0	0	0
2021-08-27	0	0	4.7000005531927513e-7	0	0	0	0	0
2021-08-28	0	0	4.2000004407682923e-07	0	0	0	0	0
2021-08-29	0	0	3.200000255887403e-7	0	0	0	0	0
2021-08-30	0	0	7.610001448998815e-7	0	0	0	0	0
2021-08-31	0	0	8.750001914137329e-7	0	0	0	0	0
