2020-02-17	0	0	0	0	0	0	0	0
2020-02-18	0	0	0	0	0	0	0	0
2020-02-19	0	0	0	0	0	0	0	0
2020-02-20	0	0	0	0	0	0	0	0
2020-02-21	0	0	0	0	0	0	0	0
2020-02-22	0	0	0	0	0	0	0	0
2020-02-23	0	0	0	0	0	0	0	0
2020-02-24	0	0	0	0	0	0	0	0
2020-02-25	0	0	0	0	0	0	0	0
2020-02-26	0	0	0	0	0	0	0	0
2020-02-27	0	0	0	0	0	0	0	0
2020-02-28	0	0	0	0	0	0	0	0
2020-02-29	0	0	0	0	0	0	0	0
2020-03-01	0	0	0	0	0	0	0	0
2020-03-02	0	0	0	0	0	0	0	0
2020-03-03	0	0	0	0	0	0	0	0
2020-03-04	0	0	0	0	0	0	0	0
2020-03-05	0	0	0	0	0	0	0	0
2020-03-06	0	0	0	0	0	0	0	0
2020-03-07	0	0	0	0	0	0	0	0
2020-03-08	0	0	0	0	0	0	0	0
2020-03-09	0	0	0	0	0	0	0	0
2020-03-10	0	0	0	0	0	0	0	0
2020-03-11	0	0	0	0	0	0	0	0
2020-03-12	0	0	0	0	0	0	0	0
2020-03-13	0	0	0	0	0	0	0	0
2020-03-14	0	0	0	0	0	0	0	0
2020-03-15	0	0	0	0	0	0	0	0
2020-03-16	0	0	0	0	0	0	0	0
2020-03-17	0	0	0	0	0	0	0	0
2020-03-18	0	0	0	0	0	0	0	0
2020-03-19	0	0	0	0	0	0	0	0
2020-03-20	0	0	0	0	0	0	0	0
2020-03-21	0	0	0	0	0	0	0	0
2020-03-22	0	0	0	0	0	0	0	0
2020-03-23	0	0	0	0	0	0	0	0
2020-03-24	0	0	0	0	0	0	0	0
2020-03-25	0	0	0	0	0	0	0	0
2020-03-26	0	0	0	0	0	0	0	0
2020-03-27	0	0	0	0	0	0	0	0
2020-03-28	0	0	0	0	0	0	0	0
2020-03-29	0	0	0	0	0	0	0	0
2020-03-30	0	0	0	0	0	0	0	0
2020-03-31	0	0	0	0	0	0	0	0
2020-04-01	0	0	0	0	0	0	0	0
2020-04-02	0	0	0	0	0	0	0	0
2020-04-03	0	0	0	0	0	0	0	0
2020-04-04	0	0	0	0	0	0	0	0
2020-04-05	0	0	0	0	0	0	0	0
2020-04-06	0	0	0	0	0	0	0	0
2020-04-07	0	0	0	0	0	0	0	0
2020-04-08	0	0	0	0	0	0	0	0
2020-04-09	0	0	0	0	0	0	0	0
2020-04-10	0	0	0	0	0	0	0	0
2020-04-11	0	0	0	0	0	0	0	0
2020-04-12	0	0	0	0	0	0	0	0
2020-04-13	0	0	0	0	0	0	0	0
2020-04-14	0	0	0	0	0	0	0	0
2020-04-15	0	0	0	0	0	0	0	0
2020-04-16	0	0	0	0	0	0	0	0
2020-04-17	0	0	0	0	0	0	0	0
2020-04-18	0	0	0	0	0	0	0	0
2020-04-19	0	0	0	0	0	0	0	0
2020-04-20	0	0	0	0	0	0	0	0
2020-04-21	0	0	0	0	0	0	0	0
2020-04-22	0	0	0	0	0	0	0	0
2020-04-23	0	0	0	0	0	0	0	0
2020-04-24	0	0	0	0	0	0	0	0
2020-04-25	0	0	0	0	0	0	0	0
2020-04-26	0	0	0	0	0	0	0	0
2020-04-27	0	0	0	0	0	0	0	0
2020-04-28	0	0	0	0	0	0	0	0
2020-04-29	0	0	0	0	0	0	0	0
2020-04-30	0	0	0	0	0	0	0	0
2020-05-01	0	0	0	0	0	0	0	0
2020-05-02	0	0	0	0	0	0	0	0
2020-05-03	0	0	0	0	0	0	0	0
2020-05-04	0	0	0	0	0	0	0	0
2020-05-05	0	0	0	0	0	0	0	0
2020-05-06	0	0	0	0	0	0	0	0
2020-05-07	0	0	0	0	0	0	0	0
2020-05-08	0	0	0	0	0	0	0	0
2020-05-09	0	0	0	0	0	0	0	0
2020-05-10	0	0	0	0	0	0	0	0
2020-05-11	0	0	0	0	0	0	0	0
2020-05-12	0	0	0	0	0	0	0	0
2020-05-13	0	0	0	0	0	0	0	0
2020-05-14	0	0	0	0	0	0	0	0
2020-05-15	0	0	0	0	0	0	0	0
2020-05-16	0	0	0	0	0	0	0	0
2020-05-17	0	0	0	0	0	0	0	0
2020-05-18	0	0	0	0	0	0	0	0
2020-05-19	0	0	0	0	0	0	0	0
2020-05-20	0	0	0	0	0	0	0	0
2020-05-21	0	0	0	0	0	0	0	0
2020-05-22	0	0	0	0	0	0	0	0
2020-05-23	0	0	0	0	0	0	0	0
2020-05-24	0	0	0	0	0	0	0	0
2020-05-25	0	0	0	0	0	0	0	0
2020-05-26	0	0	0	0	0	0	0	0
2020-05-27	0	0	0	0	0	0	0	0
2020-05-28	0	0	0	0	0	0	0	0
2020-05-29	0	0	0	0	0	0	0	0
2020-05-30	0	0	0	0	0	0	0	0
2020-05-31	0	0	0	0	0	0	0	0
2020-06-01	0	0	0	0	0	0	0	0
2020-06-02	0	0	0	0	0	0	0	0
2020-06-03	0	0	0	0	0	0	0	0
2020-06-04	0	0	0	0	0	0	0	0
2020-06-05	0	0	0	0	0	0	0	0
2020-06-06	0	0	0	0	0	0	0	0
2020-06-07	0	0	0	0	0	0	0	0
2020-06-08	0	0	0	0	0	0	0	0
2020-06-09	0	0	0	0	0	0	0	0
2020-06-10	0	0	0	0	0	0	0	0
2020-06-11	0	0	0	0	0	0	0	0
2020-06-12	0	0	0	0	0	0	0	0
2020-06-13	0	0	0	0	0	0	0	0
2020-06-14	0	0	0	0	0	0	0	0
2020-06-15	0	0	0	0	0	0	0	0
2020-06-16	0	0	0	0	0	0	0	0
2020-06-17	0	0	0	0	0	0	0	0
2020-06-18	0	0	0	0	0	0	0	0
2020-06-19	0	0	0	0	0	0	0	0
2020-06-20	0	0	0	0	0	0	0	0
2020-06-21	0	0	0	0	0	0	0	0
2020-06-22	0	0	0	0	0	0	0	0
2020-06-23	0	0	0	0	0	0	0	0
2020-06-24	0	0	0	0	0	0	0	0
2020-06-25	0	0	0	0	0	0	0	0
2020-06-26	0	0	0	0	0	0	0	0
2020-06-27	0	0	0	0	0	0	0	0
2020-06-28	0	0	0	0	0	0	0	0
2020-06-29	0	0	0	0	0	0	0	0
2020-06-30	0	0	0	0	0	0	0	0
2020-07-01	0	0	0	0	0	0	0	0
2020-07-02	0	0	0	0	0	0	0	0
2020-07-03	0	0	0	0	0	0	0	0
2020-07-04	0	0	0	0	0	0	0	0
2020-07-05	0	0	0	0	0	0	0	0
2020-07-06	0	0	0	0	0	0	0	0
2020-07-07	0	0	0	0	0	0	0	0
2020-07-08	0	0	0	0	0	0	0	0
2020-07-09	0	0	0	0	0	0	0	0
2020-07-10	0	0	0	0	0	0	0	0
2020-07-11	0	0	0	0	0	0	0	0
2020-07-12	0	0	0	0	0	0	0	0
2020-07-13	0	0	0	0	0	0	0	0
2020-07-14	0	0	0	0	0	0	0	0
2020-07-15	0	0	0	0	0	0	0	0
2020-07-16	0	0	0	0	0	0	0	0
2020-07-17	0	0	0	0	0	0	0	0
2020-07-18	0	0	0	0	0	0	0	0
2020-07-19	0	0	0	0	0	0	0	0
2020-07-20	0	0	0	0	0	0	0	0
2020-07-21	0	0	0	0	0	0	0	0
2020-07-22	0	0	0	0	0	0	0	0
2020-07-23	0	0	0	0	0	0	0	0
2020-07-24	0	0	0	0	0	0	0	0
2020-07-25	0	0	0	0	0	0	0	0
2020-07-26	0	0	0	0	0	0	0	0
2020-07-27	0	0	0	0	0	0	0	0
2020-07-28	0	0	0	0	0	0	0	0
2020-07-29	0	0	0	0	0	0	0	0
2020-07-30	0	0	0	0	0	0	0	0
2020-07-31	0	0	0	0	0	0	0	0
2020-08-01	0	0	0	0	0	0	0	0
2020-08-02	0	0	0	0	0	0	0	0
2020-08-03	0	0	0	0	0	0	0	0
2020-08-04	0	0	0	0	0	0	0	0
2020-08-05	0	0	0	0	0	0	0	0
2020-08-06	0	0	0	0	0	0	0	0
2020-08-07	0	0	0	0	0	0	0	0
2020-08-08	0	0	0	0	0	0	0	0
2020-08-09	0	0	0	0	0	0	0	0
2020-08-10	0	0	0	0	0	0	0	0
2020-08-11	0	0	0	0	0	0	0	0
2020-08-12	0	0	0	0	0	0	0	0
2020-08-13	0	0	0	0	0	0	0	0
2020-08-14	0	0	0	0	0	0	0	0
2020-08-15	0	0	0	0	0	0	0	0
2020-08-16	0	0	0	0	0	0	0	0
2020-08-17	0	0	0	0	0	0	0	0
2020-08-18	0	0	0	0	0	0	0	0
2020-08-19	0	0	0	0	0	0	0	0
2020-08-20	0	0	0	0	0	0	0	0
2020-08-21	0	0	0	0	0	0	0	0
2020-08-22	0	0	0	0	0	0	0	0
2020-08-23	0	0	0	0	0	0	0	0
2020-08-24	0	0	0	0	0	0	0	0
2020-08-25	0	0	0	0	0	0	0	0
2020-08-26	0	0	0	0	0	0	0	0
2020-08-27	0	0	0	0	0	0	0	0
2020-08-28	0	0	0	0	0	0	0	0
2020-08-29	0	0	0	0	0	0	0	0
2020-08-30	0	0	0	0	0	0	0	0
2020-08-31	0	0	0	0	0	0	0	0
2020-09-01	0	0	0	0	0	0	0	0
2020-09-02	0	0	0	0	0	0	0	0
2020-09-03	0	0	0	0	0	0	0	0
2020-09-04	0	0	0	0	0	0	0	0
2020-09-05	0	0	0	0	0	0	0	0
2020-09-06	0	0	0	0	0	0	0	0
2020-09-07	0	0	0	0	0	0	0	0
2020-09-08	0	0	0	0	0	0	0	0
2020-09-09	0	0	0	0	0	0	0	0
2020-09-10	0	0	0	0	0	0	0	0
2020-09-11	0	0	0	0	0	0	0	0
2020-09-12	0	0	0	0	0	0	0	0
2020-09-13	0	0	0	0	0	0	0	0
2020-09-14	0	0	0	0	0	0	0	0
2020-09-15	0	0	0	0	0	0	0	0
2020-09-16	0	0	0	0	0	0	0	0
2020-09-17	0	0	0	0	0	0	0	0
2020-09-18	0	0	0	0	0	0	0	0
2020-09-19	0	0	0	0	0	0	0	0
2020-09-20	0	0	0	0	0	0	0	0
2020-09-21	0	0	0	0	0	0	0	0
2020-09-22	0	0	0	0	0	0	0	0
2020-09-23	0	0	0	0	0	0	0	0
2020-09-24	0	0	0	0	0	0	0	0
2020-09-25	0	0	0	0	0	0	0	0
2020-09-26	0	0	0	0	0	0	0	0
2020-09-27	0	0	0	0	0	0	0	0
2020-09-28	0	0	0	0	0	0	0	0
2020-09-29	0	0	0	0	0	0	0	0
2020-09-30	0	0	0	0	0	0	0	0
2020-10-01	0	0	0	0	0	0	0	0
2020-10-02	0	0	0	0	0	0	0	0
2020-10-03	0	0	0	0	0	0	0	0
2020-10-04	0	0	0	0	0	0	0	0
2020-10-05	0	0	0	0	0	0	0	0
2020-10-06	0	0	0	0	0	0	0	0
2020-10-07	0	0	0	0	0	0	0	0
2020-10-08	0	0	0	0	0	0	0	0
2020-10-09	0	0	0	0	0	0	0	0
2020-10-10	0	0	0	0	0	0	0	0
2020-10-11	0	0	0	0	0	0	0	0
2020-10-12	0	0	0	0	0	0	0	0
2020-10-13	0	0	0	0	0	0	0	0
2020-10-14	0	0	0	0	0	0	0	0
2020-10-15	0	0	0	0	0	0	0	0
2020-10-16	0	0	0	0	0	0	0	0
2020-10-17	0	0	0	0	0	0	0	0
2020-10-18	0	0	0	0	0	0	0	0
2020-10-19	0	0	0	0	0	0	0	0
2020-10-20	0	0	0	0	0	0	0	0
2020-10-21	0	0	0	0	0	0	0	0
2020-10-22	0	0	0	0	0	0	0	0
2020-10-23	0	0	0	0	0	0	0	0
2020-10-24	0	0	0	0	0	0	0	0
2020-10-25	0	0	0	0	0	0	0	0
2020-10-26	0	0	0	0	0	0	0	0
2020-10-27	0	0	0	0	0	0	0	0
2020-10-28	0	0	0	0	0	0	0	0
2020-10-29	0	0	0	0	0	0	0	0
2020-10-30	0	0	0	0	0	0	0	0
2020-10-31	0	0	0	0	0	0	0	0
2020-11-01	0	0	0	0	0	0	0	0
2020-11-02	0	0	0	0	0	0	0	0
2020-11-03	0	0	0	0	0	0	0	0
2020-11-04	0	0	0	0	0	0	0	0
2020-11-05	0	0	0	0	0	0	0	0
2020-11-06	0	0	0	0	0	0	0	0
2020-11-07	0	0	0	0	0	0	0	0
2020-11-08	0	0	0	0	0	0	0	0
2020-11-09	0	0	0	0	0	0	0	0
2020-11-10	0	0	0	0	0	0	0	0
2020-11-11	0	0	0	0	0	0	0	0
2020-11-12	0	0	0	0	0	0	0	0
2020-11-13	0	0	0	0	0	0	0	0
2020-11-14	0	0	0	0	0	0	0	0
2020-11-15	0	0	0	0	0	0	0	0
2020-11-16	0	0	0	0	0	0	0	0
2020-11-17	0	0	0	0	0	0	0	0
2020-11-18	0	0	0	0	0	0	0	0
2020-11-19	0	0	0	0	0	0	0	0
2020-11-20	0	0	0	0	0	0	0	0
2020-11-21	0	0	0	0	0	0	0	0
2020-11-22	0	0	0	0	0	0	0	0
2020-11-23	0	0	0	0	0	0	0	0
2020-11-24	0	0	0	0	0	0	0	0
2020-11-25	0	0	0	0	0	0	0	0
2020-11-26	0	0	0	0	0	0	0	0
2020-11-27	0	0	0	0	0	0	0	0
2020-11-28	0	0	0	0	0	0	0	0
2020-11-29	0	0	0	0	0	0	0	0
2020-11-30	0	0	0	0	0	0	0	0
2020-12-01	0	0	0	0	0	0	0	0
2020-12-02	0	0	0	0	0	0	0	0
2020-12-03	0	0	0	0	0	0	0	0
2020-12-04	0	0	0	0	0	0	0	0
2020-12-05	0	0	0	0	0	0	0	0
2020-12-06	0	0	0	0	0	0	0	0
2020-12-07	0	0	0	0	0	0	0	0
2020-12-08	0	0	0	0	0	0	0	0
2020-12-09	0	0	0	0	0	0	0	0
2020-12-10	0	0	0	0	0	0	0	0
2020-12-11	0	0	0	0	0	0	0	0
2020-12-12	0	0	0	0	0	0	0	0
2020-12-13	0	0	0	0	0	0	0	0
2020-12-14	0	0	0	0	0	0	0	0
2020-12-15	0	0	0	0	0	0	0	0
2020-12-16	0	0	0	0	0	0	0	0
2020-12-17	0	0	0	0	0	0	0	0
2020-12-18	0	0	0	0	0	0	0	0
2020-12-19	0	0	0	0	0	0	0	0
2020-12-20	0	0	0	0	0	0	0	0
2020-12-21	0	0	0	0	0	0	0	0
2020-12-22	0	0	0	0	0	0	0	0
2020-12-23	0	0	0	0	0	0	0	0
2020-12-24	0	0	0	0	0	0	0	0
2020-12-25	0	0	0	0	0	0	0	0
2020-12-26	0	0	0	0	0	0	0	0
2020-12-27	0	0	0	0	0	0	0	0
2020-12-28	0	0	0	0	0	0	0	0
2020-12-29	0	0	0	1.0390026988105205e-5	1.6760070224997037e-5	3.0180227711618102e-05	9.11002074821532e-6	3.296271635166992e-4
2020-12-30	0	0	0	1.484005505680841e-5	6.44610388065292e-5	8.745191195913549e-5	2.43001476243343e-5	0.001860665519043403
2020-12-31	0	0	0	1.7810079299795945e-5	5.995089852750546e-5	1.1333321110429395e-4	1.82300830839921e-5	0.0025360078339335956
2021-01-01	0	0	0	2.968022022886707e-5	8.317172938410167e-5	1.1334321167089101e-4	3.7970360437178385e-5	0.002319645188450181
2021-01-02	0	0	0	1.484005505680841e-5	4.836058468660198e-5	6.284098724740339e-5	2.886020822789881e-5	0.0018555607764487725
2021-01-03	0	0	0	3.265026651000369e-5	6.964121247454713e-5	9.488225066034417e-5	3.1900254406469486e-5	0.002125028936995621
2021-01-04	0	0	0	2.2260123878403704e-5	8.834195107509935e-5	1.2385383494306623e-4	3.494030520623248e-5	0.002431478021342137
2021-01-05	0	0	0	7.717148885966196e-5	1.6638692115189535e-4	2.878007073117139e-4	9.722236304687826e-5	0.015481217020105964
2021-01-06	0	0	0	6.976121665691615e-5	2.2060216632890928e-4	4.025605137418786e-4	1.397748842546509e-4	0.02252231365307189
2021-01-07	0	0	0	1.5288584352024515e-4	3.174251896878033e-4	6.371214809453019e-4	2.5984688010027845e-4	0.01959236519346863
2021-01-08	0	3.3134117445321465e-6	0	1.3954486819267586e-4	3.672337151503502e-4	6.455441818227214e-4	3.359182102609104e-4	0.010904527178245305
2021-01-09	0	0	0	1.4996562242197697e-4	3.163550201246146e-4	4.896999515104916e-4	2.174218180617249e-4	0.012605726082516755
2021-01-10	0	0	0	1.202836170370869e-4	2.9901235209672805e-4	5.758328958809233e-4	2.8895087315183865e-4	0.00873507538549756
2021-01-11	0	0	0	8.911198523642305e-5	3.294671371485425e-4	5.093948707834972e-4	1.8558861078310507e-4	0.005398987265874178
2021-01-12	0	0	0	8.912198568222784e-5	3.205356857813868e-4	3.8098628763783005e-4	1.1259316930534169e-4	0.006009528608524217
2021-01-13	0	0	0	1.0546278059941905e-4	3.2709674807063216e-4	4.4610975347803006e-4	1.3999489964300338e-4	0.0067624326237476495
2021-01-14	0	0	0	4.4570496632312384e-5	2.3408369879440727e-4	3.769755276370468e-4	1.232737991074817e-4	0.0021979076995639613
2021-01-15	0	0	0	0	6.470010465164933e-6	8.050016200744636e-6	7.610014478132143e-6	7.900015602579913e-6
2021-01-16	0	0	0	4.460004972894893e-6	2.5870167316366377e-5	2.3530138416827384e-5	1.520000577626135e-6	0
2021-01-17	0	0	0	7.430013801323909e-6	3.945038908326204e-5	4.3960483131044725e-5	3.0400023103283047e-6	0
2021-01-18	0	0	0	1.6340066749442883e-5	1.1772346470362294e-4	1.232337966421415e-4	2.5870167316366377e-5	2.6461750560602404e-4
2021-01-19	0	0	0	1.0697286079830448e-4	3.189354299519831e-4	4.3169659048647446e-4	1.8873890559367723e-4	0.005503973430881937
2021-01-20	0	0	0	2.7043828421646765e-4	8.310226496610618e-4	0.0011304094563846512	5.587780582296809e-4	0.00948328316489655
2021-01-21	0	0	0	2.511857735731926e-4	8.692989201530832e-4	0.0012067840819551812	6.474648026677521e-4	0.007959136965308033
2021-01-22	0	0	0	1.1893353629655046e-4	4.2136438698658907e-4	4.6395381328512286e-4	2.0425042955940498e-4	0.0025256947835348154
2021-01-23	0	0	0	1.501656374296445e-4	4.1376279991367504e-4	4.188038491659274e-4	1.250139071191647e-4	8.247700614134601e-4
2021-01-24	0	0	0	1.0706286561434908e-4	3.7564527734357256e-4	3.9907981617504085e-4	4.4220488862878327e-5	3.954390930192009e-4
2021-01-25	0	0	0	2.453950546832395e-4	7.243811820241142e-4	8.956105295552241e-4	1.616265307837761e-4	0.0010347676860411603
2021-01-26	0	0	0	3.7191458011376355e-4	0.0013369968901710827	0.0016362593361538558	4.16363339607706e-4	0.0027899459496003587
2021-01-27	0	0	1.3130964311436344e-6	5.045136335015687e-4	0.0016837087187624444	0.0019871071487049807	8.865865089093816e-4	0.005323785673474246
2021-01-28	0	0	0	7.222003933520238e-4	0.002097319687467847	0.002802803927463904	9.545878094714411e-4	0.01781393406168852
2021-01-29	0	0	0	8.166267197999844e-4	0.0022677156335486615	0.0029612322240712974	0.0013317133651216118	0.018156010176381132
2021-01-30	0	0	0	7.770209403854533e-4	0.002125499436964162	0.002583118124811712	0.0010808120386658349	0.011530739488286645
2021-01-31	0	0	0	6.25357768084589e-4	0.001776288800475756	0.0017436100439962576	4.857489880198962e-4	0.004339808484420393
2021-02-01	0	0	0	7.930472309776171e-4	0.0021456509545045854	0.00218750629594866	5.99439832028148e-4	0.0046981180783696175
2021-02-02	0	0	0	8.385257813714464e-4	0.0023710254404096798	0.0024987209015359113	9.128183093163322e-4	0.014991183898670934
2021-02-03	0	0	0	9.694049364827872e-4	0.0026151397389635456	0.003141076590536862	0.0012101060891867021	0.023239012930496017
2021-02-04	0	0	0	0.0014167417893242717	0.0031996794872053425	0.00404224493603067	0.001868392722841783	0.03491577788635225
2021-02-05	0	0	0	0.0015612894061525218	0.0034791761666996823	0.004724800935971052	0.002534796298068187	0.05747473632902267
2021-02-06	0	0	0	0.0015682348401284685	0.003236498731008952	0.004730514441720901	0.003745787731432193	0.08128595147687534
2021-02-07	0	0	0	0.001204993002033694	0.002930496953098105	0.003683311696262903	0.002657856049695262	0.03712751305643902
2021-02-08	0	0	0	0.0014475238313105265	0.0027545769235068907	0.0033826004965298306	0.0028251954323077477	0.022532427573084046
2021-02-09	0	0	1.313098431099391e-6	0.0015929843998245818	0.003215074175488386	0.004234392520003238	0.005412614097842994	0.09435260344417329
2021-02-10	0	0	0	0.0018268043034908032	0.003544150250249123	0.004743084211960458	0.009480258826856103	0.10142348060448203
2021-02-11	0	0	1.313099430966247e-6	0.0018271145869284133	0.0035133859702438652	0.00487994346204812	0.013589367728817248	0.10697363990883635
2021-02-12	0	0	0	0.0020838556135545083	0.0037495347527154443	0.005354597929747351	0.021865201762023556	0.1474230920148012
2021-02-13	0	0	0	0.0019741643312016777	0.003969829887333631	0.006047743801271377	0.02914638798311553	0.16908754988120744
2021-02-14	0	0	0	0.0012773779235899507	0.0026897887408676713	0.0041081191607597045	0.012077114171678893	0.07726642511241288
2021-02-15	0	3.3134227446218745e-6	0	0.001166169988110255	0.0024882278194202634	0.003233614064980239	0.008645867757319126	0.06077169987646891
2021-02-16	0	0	0	0.0012240145529063273	0.0025570946833048946	0.00350141497670986	0.009244033036695853	0.07490987223974366
2021-02-17	0	0	1.313101431144048e-6	0.0012621982861282799	0.0025229212829500636	0.0032993213803926835	0.009639600474326215	0.0590860915537752
2021-02-18	0	0	0	0.001375523015891833	0.0026960972350753565	0.004021262638301604	0.021475327421970114	0.10920619844468504
2021-02-19	0	0	1.3131034310998047e-6	0.0013038550094714996	0.0027693172795486554	0.004662614994647152	0.03658121634736311	0.18676697581364343
2021-02-20	0	0	0	0.001204272568104514	0.0026392213723631652	0.004659197029239337	0.0428010116495563	0.19112045729960236
2021-02-21	0	0	0	0.0011673106535403655	0.002051812483617077	0.003245112689091334	0.027853504427219233	0.13179101811387284
2021-02-22	0	0	0	0.0011655996556392267	0.00210425697435368	0.003439307208518594	0.030805189931681687	0.11808565550926309
2021-02-23	0	0	0	0.0012054632854330283	0.002355977657680919	0.003888770634261407	0.03790362112356971	0.10031686852780641
2021-02-24	0	0	0	0.0011961176743726654	0.0026255834220765273	0.005077535341285522	0.049301427693145605	0.10480861124792984
2021-02-25	0	0	1.3131054310555612e-6	0.0012685623125852086	0.002716995516158782	0.005761468630194111	0.05528911146155213	0.11620372651393107
2021-02-26	0	0	0	0.00113416158062285	0.0025662363923053544	0.005282335767790913	0.05904359657410119	0.11152220028934412
2021-02-27	0	0	0	0.001478986850526054	0.003300653578511392	0.008427877278856855	0.10259554127223569	0.13158762581704142
2021-02-28	0	0	0	7.172085970430508e-4	0.0016093174756843798	0.004470075393505857	0.05246764340101384	0.05257739563288433
2021-03-01	0	0	0	0.0010169885664361722	0.0019731433236440665	0.0042246920056356885	0.04532927581139634	0.05752518677847451
2021-03-02	0	0	0	0.0011158212642734533	0.002252818798134326	0.004622431718748654	0.06736889189892215	0.07590384855641896
2021-03-03	0	0	0	0.0010875356834656458	0.0020950573162896724	0.004364542307388364	0.07205075792955595	0.0810329862136765
2021-03-04	0	0	0	0.0012256255394906823	0.0022669347482882074	0.0056929123126499	0.10598046472587819	0.10117341497439525
2021-03-05	0	0	0	0.0014545789499804673	0.0031130327432151716	0.008529950011801013	0.13569302956836005	0.11057860708628575
2021-03-06	0	0	2.62621372426608e-6	0.0016642124007286707	0.0031637923955805114	0.00866508090678031	0.14332056617196298	0.12075706732737723
2021-03-07	0	0	0	9.262845007440568e-4	0.001761655857840383	0.003666570935606517	0.07225481974406178	0.058150778252852975
2021-03-08	0	0	0	8.47389517248498e-4	0.0016469180847944465	0.0035753958638959915	0.0609593918641107	0.060185575886188
2021-03-09	0	0	0	0.0014225759305697139	0.0031281563405225477	0.010495518979663165	0.08593950983778997	0.06232541431746075
2021-03-10	0	0	0	0.002007907923557317	0.004333444685711063	0.016854034620749303	0.10324833465210848	0.06495467753336581
2021-03-11	0	0	1.313110431055975e-6	0.002110944021165073	0.0043092023061288565	0.015876747780017464	0.09841011782245745	0.05560405266828439
2021-03-12	0	0	0	0.0015422646450589106	0.003553937618148373	0.011862771335942268	0.09412217600392858	0.058310220452298944
2021-03-13	0	0	0	0.001883687069243578	0.0039942986053371765	0.013314921785538836	0.08790047330166417	0.04627596626340291
2021-03-14	0	0	1.3131114311448755e-6	6.457242399484642e-4	0.001749044789418841	0.004479546584400529	0.043489524689428016	0.015011435801203454
2021-03-15	0	0	0	9.321572292750879e-4	0.002201111222653651	0.006816777112550465	0.06180276545445462	0.03075659198767422
2021-03-16	0	0	1.313113431100632e-6	0.001819007196795397	0.003830307814488343	0.013827912793053176	0.06758995034697657	0.056946320865015165
2021-03-17	0	0	6.5655847767409625e-6	0.002634184732301037	0.005600722021791293	0.020405162665855014	0.09058518912207036	0.05731752465823692
2021-03-18	0	0	0	0.0029830646687043494	0.006969493459771492	0.024351539367390318	0.10580192165655489	0.06769816022444353
2021-03-19	0	0	5.252500897112711e-6	0.002829281208038603	0.007041826831280407	0.02625322799503982	0.11135873178626121	0.06790973295759306
2021-03-20	0	0	0	0.0028149209449817025	0.005886121606892836	0.019623278262441257	0.07615849925208229	0.04026032341027497
2021-03-21	0	0	1.3131304310576297e-6	9.693549122364864e-4	0.002632943097338414	0.009133736284629324	0.05057942967660267	0.013197141133524548
2021-03-22	0	0	0	5.195774901920469e-4	0.0017052069326708441	0.007839544614942406	0.022139266783427036	0.024624491394104497
2021-03-23	0	0	0	9.403110462158359e-4	0.002484102691545642	0.010253815181443748	0.028740950559769773	0.03422727661613956
2021-03-24	0	0	0	0.0015951461227883268	0.004810495216055921	0.01693048029071864	0.03467480553471769	0.030725209626650374
2021-03-25	0	0	0	0.0024944555771566623	0.006482696337952509	0.026568460777014913	0.04608830291642918	0.05479831379879796
2021-03-26	0	0	0	0.0027880633242749475	0.006493822432446006	0.030925730197055357	0.05910272296548369	0.0688111433627212
2021-03-27	0	0	0	0.0028104346357105126	0.007291652047395125	0.02615856766557867	0.05104521345414481	0.04040269442928657
2021-03-28	0	0	0	6.778548718067157e-4	0.0020325928584321584	0.010091198069620111	0.014225521364523264	0.009200663050140667
2021-03-29	0	0	0	6.036611016813076e-4	0.0015020840641339905	0.012514664205041326	0.02164964680165915	0.02279237306751214
2021-03-30	0	0	0	9.223426790043732e-4	0.0023578098167831296	0.011982092635984376	0.020729235299020488	0.03190091712840837
2021-03-31	0	0	0	0.0013264198474027822	0.0041961018176159826	0.01943650442607625	0.02397745964272957	0.03463723450351286
2021-04-01	0	0	1.3131324310133863e-6	7.030435675645652e-4	0.0017618260077203463	0.010215479002814165	0.011210277580860017	0.022900912953526253
2021-04-02	1.4214085510166896e-5	0	0	0.0023151199450901494	0.005943541421156162	0.02823787438748071	0.0342605564317533	0.05026453076321147
2021-04-03	0	0	0	0.0030951349651131554	0.0075128607692345195	0.04347732954611527	0.04432325779539936	0.03318887536194781
2021-04-04	0	0	0	0.0017901711782117857	0.004058437729200559	0.02630561636306017	0.025531534817534673	0.013415393193634939
2021-04-05	0	0	0	0.0017096607349571524	0.005199087628040999	0.04301164030033133	0.03112291902211428	0.0281816513684634
2021-04-06	0	0	0	0.001579413636859206	0.004409130107075221	0.04871826739447993	0.023968573124405035	0.033781599109600435
2021-04-07	0	0	0	0.001735062610565663	0.0048726456689538455	0.052061089253566895	0.020285697379543555	0.026401357925071922
2021-04-08	0	0	0	0.0028998422712995797	0.0076341801767427775	0.06944987115071255	0.02640747873326199	0.03434652087403767
2021-04-09	0	0	0	0.0025358175927159277	0.007033025863198095	0.08007897037404166	0.02171403482711831	0.04410307020027249
2021-04-10	0	0	0	0.004056223236736711	0.009729033523324437	0.1082020509578725	0.02841502338854296	0.03529686720868708
2021-04-11	0	0	0	0.002071152418084754	0.004489619170072956	0.05351997698409461	0.012476566175885218	0.011687147353314442
2021-04-12	0	0	0	0.002082123809889813	0.005267175785188094	0.05469790520855078	0.01748619172526311	0.02504764614434296
2021-04-13	0	0	1.3131344309691428e-6	0.0019593497628733747	0.00520031080812533	0.05322801540601585	0.016414730847196468	0.03341849901917371
2021-04-14	0	0	1.313136431146944e-6	0.0024023227886953435	0.0050438801818222245	0.055292340736016854	0.015599828663583226	0.032454117434614904
2021-04-15	0	0	0	0.0024585210814769276	0.005612805897510675	0.056682980057036536	0.01891732630866727	0.044035889899817215
2021-04-16	0	0	2.6262767243157015e-6	0.0029497752935707666	0.007327242119268718	0.06103715352769079	0.01658877687959026	0.053505304399726894
2021-04-17	0	0	0	0.005102438720223423	0.013577215193099956	0.09404731433332802	0.023055205626621555	0.05435727842956739
2021-04-18	0	0	0	0.002632282227431171	0.007022629330678987	0.05341034627222996	0.010236024047073133	0.020478845781131794
2021-04-19	0	0	0	0.0021897587608576963	0.005647984933452088	0.04383541592226958	0.011028165106403476	0.031009598804504046
2021-04-20	0	0	0	0.0023890669101753748	0.00601474428721005	0.04168062870225375	0.012308283460435554	0.0433864970311586
2021-04-21	0	0	0	0.002341770972822399	0.00556279617532196	0.04029790018992929	0.01316495903660897	0.04346990823038954
2021-04-22	0	0	0	0.0015228397602338184	0.00334340458856075	0.016330803788091375	0.0067380703981727574	0.03007208253702842
2021-04-23	0	0	0	0.0011613471818192611	0.002784368176535601	0.011913714146189358	0.004004008020056071	0.023626148725904628
2021-04-24	0	0	0	0.0012520318959672316	0.0025869731074648072	0.012254553520496758	0.004139634142708903	0.017010035325443207
2021-04-25	0	0	0	3.8167641922215445e-4	0.0010575295922095052	0.00468050678594345	0.0016377205321354005	0.005521020416610067
2021-04-26	0	0	0	2.596968606147776e-4	5.64909780764955e-4	0.0018684727976487903	0.0013202257490070313	0.0038151388210558856
2021-04-27	0	0	0	4.920305235089906e-4	0.0013804263942576167	0.005153910698872943	0.0038080352831795228	0.01887163464857733
2021-04-28	0	0	0	5.353116396378255e-4	0.0010075738012411684	0.004040361129514336	0.0035406841109935083	0.028203154480665127
2021-04-29	0	0	0	4.873693822287084e-4	0.001542424768541606	0.005442745870653187	0.0050086917482572435	0.0301321871760023
2021-04-30	0	0	5.252569897473691e-6	8.460689581704095e-4	0.0018802037915743863	0.007912762954393138	0.006782500578524475	0.04524866031507724
2021-05-01	0	0	2.6262967243173563e-6	7.294930400238986e-4	0.002662792616129117	0.011937958714567598	0.005805054664915543	0.030536113557803723
2021-05-02	0	0	0	6.402624840120552e-4	0.0015001626219730557	0.0070345010512600226	0.0026706430836200834	0.01589103121829516
2021-05-03	0	0	0	1.5540603775909823e-4	8.5086099110665e-4	0.003509749585538291	0.003337494717747802	0.024479714100611893
2021-05-04	0	0	0	1.3124430626687555e-4	5.797040141859444e-4	0.004984140413916371	0.0032659165527324507	0.022955033389477908
2021-05-05	0	0	0	2.884508009661779e-4	9.381400266774698e-4	0.02681115956936342	0.004190049127923645	0.030070356586306968
2021-05-06	0	0	0	3.092639110415796e-4	8.186075295717465e-4	0.0269128959926781	0.0037072960109281183	0.03145556311268405
2021-05-07	0	0	0	5.167767645559707e-4	0.0013662766779902746	0.03832896743618108	0.0045582443979979015	0.03950659271702728
2021-05-08	0	0	0	5.775834006462865e-4	0.0020154154748841524	0.03407471149079533	0.0042426800835728695	0.02797342817090831
2021-05-09	0	0	0	3.8756755215185734e-4	0.0011820493101428742	0.023189741022168864	0.0018128716258829503	0.01037169300394214
2021-05-10	0	0	1.3131514311481851e-6	1.3673467409280882e-4	6.749738974405339e-4	0.04081942639275837	0.002534636095033571	0.021016321441735597
2021-05-11	0	0	0	1.8694873745750407e-4	9.698951741621276e-4	0.036706481445018424	0.004364181520084998	0.03228914725765675
2021-05-12	0	0	0	1.765977966954324e-4	0.0013990493347604271	0.03781736833698379	0.003361094238620188	0.038179518916167554
2021-05-13	0	0	0	4.069614043962222e-4	0.0018869201168818517	0.04856189439685288	0.004184377253249272	0.03246875501302404
2021-05-14	0	0	0	5.665302391280047e-4	0.0031783554858986207	0.05727405947210351	0.003944439651040188	0.028974683064674656
2021-05-15	0	0	0	6.050015067058379e-4	0.00439006817464449	0.07068405905098074	0.008705245324037936	0.033379548565610984
2021-05-16	0	0	0	3.122043678918107e-4	0.00296182309901738	0.0327354016299688	0.0026043957192656286	0.012048290324938593
2021-05-17	0	0	0	1.266440096763244e-4	0.0027045987135503324	0.03651978364945063	0.0032645242796931484	0.02631289207230214
2021-05-18	0	0	0	2.2730291665395974e-4	0.004487734941225563	0.027957586663004852	0.0030129995415593136	0.027023973789848554
2021-05-19	0	0	0	2.082708441861758e-4	0.006392716706723034	0.03228811052024194	0.0048638943671035495	0.040172558616448084
2021-05-20	0	0	1.3131534311039417e-6	4.027505520018959e-4	0.008562549312683077	0.04248406392182846	0.005593180918195939	0.05486062196047259
2021-05-21	0	0	1.3131554310596982e-6	2.0492049810272306e-4	0.00952007797114418	0.03675248631253836	0.003275422097479108	0.038506283466602564
2021-05-22	0	0	1.3131564311485988e-6	1.8064815843921167e-4	0.00926351316905838	0.02153722299356864	0.0038195973309427256	0.016958800226278825
2021-05-23	0	0	0	7.122126811731633e-5	0.005864999554944905	0.013798842010205759	0.00147041052677932	0.005983550719804276
2021-05-24	0	0	0	2.780019321280136e-5	0.0039906914044713915	0.012435691606432542	0.0010262232835569485	0.004512991773687247
2021-05-25	0	0	0	7.818152808791723e-5	0.008917460274436406	0.015955716220023453	0.0016528329642018225	0.017434490363559263
2021-05-26	0	0	0	1.6680695614024188e-4	0.009084401588053348	0.013879077195952716	0.003581346510707517	0.03721259429351331
2021-05-27	0	0	0	3.458499030388751e-4	0.010381895940831498	0.016024627168976124	0.004673740963648809	0.04598311163900126
2021-05-28	0	0	0	2.3817418173521787e-4	0.010664683870514446	0.02021628454015212	0.0029335113722428474	0.021840249120410382
2021-05-29	0	0	0	3.1648504069514694e-4	0.009428092230778118	0.024379520251928577	0.0049815539699891165	0.03532475966128179
2021-05-30	0	0	0	9.393220581488393e-5	0.0062532257079386255	0.010927814281241233	0.002274122908751064	0.01064784414624076
2021-05-31	0	0	0	1.2525392213613706e-4	0.004999598997533994	0.010077800515809088	0.0017776400009932303	0.017067424242569018
2021-06-01	0	0	0	5.672304375923254e-4	0.008288263829326237	0.015416194765260016	0.0028317647228615073	0.032104779212063894
2021-06-02	0	0	0	0.002065566641387573	0.01837677647843461	0.022933223181371698	0.004811718157907707	0.03603900242392788
2021-06-03	0	0	1.3131584311043554e-6	0.0025116671179279404	0.023985819888936	0.02953039099812549	0.005895639641696038	0.06036518901108612
2021-06-04	0	0	1.313160431060112e-6	0.001378465041467658	0.021916392060234546	0.026870019486805452	0.0050955511604071635	0.038716746617154296
2021-06-05	0	0	0	0.0015801442139340427	0.022765972374539478	0.02740741155199511	0.006474088455331817	0.04027624395681739
2021-06-06	0	0	0	0.0011421161073006392	0.012286962361015119	0.012948365039297638	0.0021072601363205656	0.012384041118606914
2021-06-07	0	0	0	5.127857373030675e-4	0.007966757305491123	0.009996140707259737	0.0015014335756955433	0.017118763011763294
2021-06-08	0	0	0	0.0014797774353145776	0.01646110196951267	0.014018137041528655	0.0040437279339009535	0.04679012904398827
2021-06-09	0	3.3134337447116025e-6	1.3131614311490125e-6	0.0029562348310940845	0.029935929975880127	0.019170244569210793	0.004485529994833648	0.052818652513330955
2021-06-10	0	0	0	0.002191090219087144	0.03202524406434515	0.02071368417805708	0.005075610455373525	0.049198523683150475
2021-06-11	0	0	0	0.0018206086539678257	0.025989625153910234	0.018426120478976404	0.004385548258381666	0.058655826495466634
2021-06-12	0	0	0	0.0010438123860743165	0.01931196802727153	0.018876752950488518	0.003686016679740778	0.041806444704711954
2021-06-13	0	0	0	3.2281605255102264e-4	0.009231886934090827	0.009378951181315376	0.0016327664815958265	0.019439675243392074
2021-06-14	0	0	0	8.766221165839028e-4	0.009089062765488709	0.00923184674859745	0.0022129743138283864	0.029042466210902784
2021-06-15	0	0	1.313163431104769e-6	0.0018066960376430519	0.021044831230378813	0.013011716189549327	0.0042933482097125	0.05224488192175447
2021-06-16	0	0	0	0.001975565714973593	0.032642930223392375	0.015920616507494767	0.004796922616647548	0.07727537073037927
2021-06-17	0	0	0	0.0012623583871744781	0.032923458530400795	0.031554013949074644	0.006917232024720832	0.0893393812610257
2021-06-18	0	0	0	0.0010086043206689599	0.023178905414048323	0.01808899291618027	0.004657272546894076	0.06552653158540322
2021-06-19	0	0	0	0.0011758556591328073	0.018469500613225387	0.013744900572939978	0.0028061185753647244	0.06148799333096733
2021-06-20	0	0	0	7.459791212123257e-4	0.012040312279949728	0.00753138042276813	0.00148056802041574	0.015616569309247597
2021-06-21	0	0	0	9.417217099447761e-4	0.007958193209791187	0.005748411057421299	0.002372947720220564	0.009049774605100813
2021-06-22	0	0	0	5.787737447620067e-4	0.0115993663247842	0.007548264072627653	0.0021306949652586393	0.06012938575790572
2021-06-23	0	0	0	0.001501003252691202	0.025099192364335332	0.009775399609380786	0.0030297448384466463	0.05648781840709827
2021-06-24	0	0	0	0.0020854773038962993	0.0306101452480263	0.010864227861758113	0.0026401325750033955	0.09993252751382542
2021-06-25	0	0	0	0.0033833517672952063	0.0251951995197095	0.009509809117362211	0.002447217218028097	0.04889313465407552
2021-06-26	0	0	0	0.004498178402234654	0.02244749247965605	0.008851306406274517	0.0022027530302279885	0.0514069691184873
2021-06-27	0	0	0	0.0013513965681710705	0.01143129864719028	0.0049885213362805825	0.0011035044305069963	0.025317443232963477
2021-06-28	0	0	0	0.0017093905039737844	0.012659636599709145	0.005038827445506433	0.0012554140160878635	0.035804388560039646
2021-06-29	0	0	0	0.0014447318125023756	0.01871443754313895	0.005992296905551031	0.0021625191222385265	0.04396145232257753
2021-06-30	0	0	0	0.002249034539089534	0.02762264259599645	0.00846026401680855	0.002671544287219607	0.10410823093721944
2021-07-01	0	0	1.3131654310605256e-6	0.003934459993860884	0.03080675402336408	0.009023335144281441	0.003133925372059476	0.08751794779663369
2021-07-02	0	0	0	0.005763414235913533	0.037838334896943326	0.010305319904583943	0.002788584050251286	0.12292663968613105
2021-07-03	0	0	0	0.006508740927114065	0.03355568601600112	0.008515377915260025	0.002135069630581743	0.06881683934433602
2021-07-04	0	0	0	0.0019993793794756964	0.014759279079738397	0.003269352165896189	6.620195674769125e-4	0.026076698551840805
2021-07-05	0	0	0	0.0016795852516544585	0.01743597329115243	0.004543079893730262	0.001478106199484186	0.10375507911029591
2021-07-06	0	0	0	0.004506366835514086	0.024179491957834642	0.005980441419894289	0.0018888419309599502	0.1283808079633293
2021-07-07	0	0	0	0.00883832901494408	0.03015887950322238	0.007577213541262395	0.0028648919014018226	0.14003774231840938
2021-07-08	0	0	0	0.015462945672215511	0.031099128955446753	0.0066858551648212305	0.002565094927997391	0.14595037822608425
2021-07-09	0	0	0	0.015170687439345576	0.03141779953185586	0.006771804333482789	0.0017998298468693275	0.2111456180001683
2021-07-10	0	0	2.6263347243649093e-6	0.020268886944492248	0.02709123373633915	0.007986365508508841	0.0017515369704397266	0.20353881199732005
2021-07-11	0	0	0	0.013205566748285769	0.014797813823488548	0.003675487301726399	9.287256328254223e-4	0.07170800966243718
2021-07-12	0	0	0	0.013112786291078926	0.015867504424162737	0.0039805712368430335	0.0010845540643795726	0.15773530674878322
2021-07-13	0	0	0	0.022110751331106515	0.01976958916392757	0.005711705896060737	0.002275544525722095	0.309691507446052
2021-07-14	0	0	0	0.02758640239933441	0.025517262673588226	0.006376023418658727	0.001710311291178268	0.4508066615170332
2021-07-15	0	0	0	0.027821012179675364	0.022041850796635343	0.00669948076061555	0.0030640971728712607	1.5917515462368537
2021-07-16	0	0	5.264850693187384e-7	0.01823587680067229	0.04275500767022011	0	0	0
2021-07-17	0	0	6.996231223244109e-7	0.024721133611762758	0.05957780882613073	0	0	0
2021-07-18	0	0	7.000941224521995e-7	0.025364955238563525	0.06339653000414147	0	0	0
2021-07-19	0	0	7.157271280089361e-7	0.02661011454907891	0.06922739816414425	0	0	0
2021-07-20	0	0	7.184701291684803e-7	0.027443090808277892	0.07466866228173608	0	0	0
2021-07-21	0	0	7.004401225696455e-7	0.02750444360449822	0.07862996796556643	0	0	0
2021-07-22	0	0	6.86807118066568e-7	0.02772801064356245	0.0836460660932179	0	0	0
2021-07-23	0	0	6.306900994790254e-7	0.026173148424614157	0.08366366208851517	0	0	0
2021-07-24	0	0	6.209480964969316e-7	0.02645868550972552	0.08986293685505387	0	0	0
2021-07-25	0	0	6.062380919491517e-7	0.02652960498516732	0.09634274093260164	0	0	0
2021-07-26	0	0	6.318440997077346e-7	0.028412020730497645	0.1112579000827032	0	0	0
2021-07-27	0	0	6.436371036144806e-7	0.0810598654465533	0.010251091217788888	0	0	0
2021-07-28	0	0	6.267210981292237e-7	0.0315261850865276	0	0	0	0
2021-07-29	0	0	5.498040756002354e-7	0.028528397364040226	0	0	0	0
2021-07-30	0	0	4.4080304850702134e-7	0.023509524434787377	0	0	0	0
2021-07-31	0	0	4.1682504337003934e-7	0.022758396148816695	0	0	0	0
2021-08-01	0	0	3.9265803852828185e-7	0.021930688777564544	0	0	0	0
2021-08-02	0	0	4.7666405689206215e-7	0.02725261627343678	0	0	0	0
2021-08-03	0	0	4.5253705116543586e-7	0.02658856798689846	0	0	0	0
2021-08-04	0	0	4.552820518366474e-7	0.027481690832756867	0	0	0	0
2021-08-05	0	0	4.366260477617345e-7	0.027092419802691392	0	0	0	0
2021-08-06	0	0	3.6577203355037113e-7	0.023301277381907237	0	0	0	0
2021-08-07	0	0	3.517270308339704e-7	0.022935853342132884	0	0	0	0
2021-08-08	0	0	3.0873802381314874e-7	0.02059024959459199	0	0	0	0
2021-08-09	0	0	4.368610477811785e-7	0.02981329818719969	0	0	0	0
2021-08-10	0	0	4.371530477609298e-7	0.030750244382394154	0	0	0	0
2021-08-11	0	0	3.912800381478121e-7	0.02837267213096273	0	0	0	0
2021-08-12	0	0	3.5385303132073886e-7	0.026389400109535277	0	0	0	0
2021-08-13	0	0	3.848280369922463e-7	0.029495039336363327	0	0	0	0
2021-08-14	0	0	3.759030353656101e-7	0.02968135571933428	0	0	0	0
2021-08-15	0	0	3.585680321549489e-7	0.02916820606120729	0	0	0	0
2021-08-16	0	0	4.697780551232711e-7	0.039456554931770915	0	0	0	0
2021-08-17	0	0	4.972760618837668e-7	0.04350857911413275	0	0	0	0
2021-08-18	0	0	4.1551404317274887e-7	0.037936341501632054	0	0	0	0
2021-08-19	0	0	3.9408003882357434e-7	0.03737898717047261	0	0	0	0
2021-08-20	0	0	4.0661904132655025e-7	0.04007868525290026	0	0	0	0
2021-08-21	0	0	3.918090383248085e-7	0.04021589964608596	0	0	0	0
2021-08-22	0	0	3.241840262901974e-7	0.03460530172690257	0	0	0	0
2021-08-23	0	0	4.643140538718171e-7	0.05154455016287329	0	0	0	0
2021-08-24	0	0	4.636580537287216e-7	0.05426844605942627	0	0	0	0
