2020-02-17	0	0	0	0	0	0	0	0
2020-02-18	0	0	0	0	0	0	0	0
2020-02-19	0	0	0	0	0	0	0	0
2020-02-20	0	0	0	0	0	0	0	0
2020-02-21	0	0	0	0	0	0	0	0
2020-02-22	0	0	0	0	0	0	0	0
2020-02-23	0	0	0	0	0	0	0	0
2020-02-24	0	0	0	0	0	0	0	0
2020-02-25	0	0	0	0	0	0	0	0
2020-02-26	0	0	0	0	0	0	0	0
2020-02-27	0	0	0	0	0	0	0	0
2020-02-28	0	0	0	0	0	0	0	0
2020-02-29	0	0	0	0	0	0	0	0
2020-03-01	0	0	0	0	0	0	0	0
2020-03-02	0	0	0	0	0	0	0	0
2020-03-03	0	0	0	0	0	0	0	0
2020-03-04	0	0	0	0	0	0	0	0
2020-03-05	0	0	0	0	0	0	0	0
2020-03-06	0	0	0	0	0	0	0	0
2020-03-07	0	0	0	0	0	0	0	0
2020-03-08	0	0	0	0	0	0	0	0
2020-03-09	0	0	0	0	0	0	0	0
2020-03-10	0	0	0	0	0	0	0	0
2020-03-11	0	0	0	0	0	0	0	0
2020-03-12	0	0	0	0	0	0	0	0
2020-03-13	0	0	0	0	0	0	0	0
2020-03-14	0	0	0	0	0	0	0	0
2020-03-15	0	0	0	0	0	0	0	0
2020-03-16	0	0	0	0	0	0	0	0
2020-03-17	0	0	0	0	0	0	0	0
2020-03-18	0	0	0	0	0	0	0	0
2020-03-19	0	0	0	0	0	0	0	0
2020-03-20	0	0	0	0	0	0	0	0
2020-03-21	0	0	0	0	0	0	0	0
2020-03-22	0	0	0	0	0	0	0	0
2020-03-23	0	0	0	0	0	0	0	0
2020-03-24	0	0	0	0	0	0	0	0
2020-03-25	0	0	0	0	0	0	0	0
2020-03-26	0	0	0	0	0	0	0	0
2020-03-27	0	0	0	0	0	0	0	0
2020-03-28	0	0	0	0	0	0	0	0
2020-03-29	0	0	0	0	0	0	0	0
2020-03-30	0	0	0	0	0	0	0	0
2020-03-31	0	0	0	0	0	0	0	0
2020-04-01	0	0	0	0	0	0	0	0
2020-04-02	0	0	0	0	0	0	0	0
2020-04-03	0	0	0	0	0	0	0	0
2020-04-04	0	0	0	0	0	0	0	0
2020-04-05	0	0	0	0	0	0	0	0
2020-04-06	0	0	0	0	0	0	0	0
2020-04-07	0	0	0	0	0	0	0	0
2020-04-08	0	0	0	0	0	0	0	0
2020-04-09	0	0	0	0	0	0	0	0
2020-04-10	0	0	0	0	0	0	0	0
2020-04-11	0	0	0	0	0	0	0	0
2020-04-12	0	0	0	0	0	0	0	0
2020-04-13	0	0	0	0	0	0	0	0
2020-04-14	0	0	0	0	0	0	0	0
2020-04-15	0	0	0	0	0	0	0	0
2020-04-16	0	0	0	0	0	0	0	0
2020-04-17	0	0	0	0	0	0	0	0
2020-04-18	0	0	0	0	0	0	0	0
2020-04-19	0	0	0	0	0	0	0	0
2020-04-20	0	0	0	0	0	0	0	0
2020-04-21	0	0	0	0	0	0	0	0
2020-04-22	0	0	0	0	0	0	0	0
2020-04-23	0	0	0	0	0	0	0	0
2020-04-24	0	0	0	0	0	0	0	0
2020-04-25	0	0	0	0	0	0	0	0
2020-04-26	0	0	0	0	0	0	0	0
2020-04-27	0	0	0	0	0	0	0	0
2020-04-28	0	0	0	0	0	0	0	0
2020-04-29	0	0	0	0	0	0	0	0
2020-04-30	0	0	0	0	0	0	0	0
2020-05-01	0	0	0	0	0	0	0	0
2020-05-02	0	0	0	0	0	0	0	0
2020-05-03	0	0	0	0	0	0	0	0
2020-05-04	0	0	0	0	0	0	0	0
2020-05-05	0	0	0	0	0	0	0	0
2020-05-06	0	0	0	0	0	0	0	0
2020-05-07	0	0	0	0	0	0	0	0
2020-05-08	0	0	0	0	0	0	0	0
2020-05-09	0	0	0	0	0	0	0	0
2020-05-10	0	0	0	0	0	0	0	0
2020-05-11	0	0	0	0	0	0	0	0
2020-05-12	0	0	0	0	0	0	0	0
2020-05-13	0	0	0	0	0	0	0	0
2020-05-14	0	0	0	0	0	0	0	0
2020-05-15	0	0	0	0	0	0	0	0
2020-05-16	0	0	0	0	0	0	0	0
2020-05-17	0	0	0	0	0	0	0	0
2020-05-18	0	0	0	0	0	0	0	0
2020-05-19	0	0	0	0	0	0	0	0
2020-05-20	0	0	0	0	0	0	0	0
2020-05-21	0	0	0	0	0	0	0	0
2020-05-22	0	0	0	0	0	0	0	0
2020-05-23	0	0	0	0	0	0	0	0
2020-05-24	0	0	0	0	0	0	0	0
2020-05-25	0	0	0	0	0	0	0	0
2020-05-26	0	0	0	0	0	0	0	0
2020-05-27	0	0	0	0	0	0	0	0
2020-05-28	0	0	0	0	0	0	0	0
2020-05-29	0	0	0	0	0	0	0	0
2020-05-30	0	0	0	0	0	0	0	0
2020-05-31	0	0	0	0	0	0	0	0
2020-06-01	0	0	0	0	0	0	0	0
2020-06-02	0	0	0	0	0	0	0	0
2020-06-03	0	0	0	0	0	0	0	0
2020-06-04	0	0	0	0	0	0	0	0
2020-06-05	0	0	0	0	0	0	0	0
2020-06-06	0	0	0	0	0	0	0	0
2020-06-07	0	0	0	0	0	0	0	0
2020-06-08	0	0	0	0	0	0	0	0
2020-06-09	0	0	0	0	0	0	0	0
2020-06-10	0	0	0	0	0	0	0	0
2020-06-11	0	0	0	0	0	0	0	0
2020-06-12	0	0	0	0	0	0	0	0
2020-06-13	0	0	0	0	0	0	0	0
2020-06-14	0	0	0	0	0	0	0	0
2020-06-15	0	0	0	0	0	0	0	0
2020-06-16	0	0	0	0	0	0	0	0
2020-06-17	0	0	0	0	0	0	0	0
2020-06-18	0	0	0	0	0	0	0	0
2020-06-19	0	0	0	0	0	0	0	0
2020-06-20	0	0	0	0	0	0	0	0
2020-06-21	0	0	0	0	0	0	0	0
2020-06-22	0	0	0	0	0	0	0	0
2020-06-23	0	0	0	0	0	0	0	0
2020-06-24	0	0	0	0	0	0	0	0
2020-06-25	0	0	0	0	0	0	0	0
2020-06-26	0	0	0	0	0	0	0	0
2020-06-27	0	0	0	0	0	0	0	0
2020-06-28	0	0	0	0	0	0	0	0
2020-06-29	0	0	0	0	0	0	0	0
2020-06-30	0	0	0	0	0	0	0	0
2020-07-01	0	0	0	0	0	0	0	0
2020-07-02	0	0	0	0	0	0	0	0
2020-07-03	0	0	0	0	0	0	0	0
2020-07-04	0	0	0	0	0	0	0	0
2020-07-05	0	0	0	0	0	0	0	0
2020-07-06	0	0	0	0	0	0	0	0
2020-07-07	0	0	0	0	0	0	0	0
2020-07-08	0	0	0	0	0	0	0	0
2020-07-09	0	0	0	0	0	0	0	0
2020-07-10	0	0	0	0	0	0	0	0
2020-07-11	0	0	0	0	0	0	0	0
2020-07-12	0	0	0	0	0	0	0	0
2020-07-13	0	0	0	0	0	0	0	0
2020-07-14	0	0	0	0	0	0	0	0
2020-07-15	0	0	0	0	0	0	0	0
2020-07-16	0	0	0	0	0	0	0	0
2020-07-17	0	0	0	0	0	0	0	0
2020-07-18	0	0	0	0	0	0	0	0
2020-07-19	0	0	0	0	0	0	0	0
2020-07-20	0	0	0	0	0	0	0	0
2020-07-21	0	0	0	0	0	0	0	0
2020-07-22	0	0	0	0	0	0	0	0
2020-07-23	0	0	0	0	0	0	0	0
2020-07-24	0	0	0	0	0	0	0	0
2020-07-25	0	0	0	0	0	0	0	0
2020-07-26	0	0	0	0	0	0	0	0
2020-07-27	0	0	0	0	0	0	0	0
2020-07-28	0	0	0	0	0	0	0	0
2020-07-29	0	0	0	0	0	0	0	0
2020-07-30	0	0	0	0	0	0	0	0
2020-07-31	0	0	0	0	0	0	0	0
2020-08-01	0	0	0	0	0	0	0	0
2020-08-02	0	0	0	0	0	0	0	0
2020-08-03	0	0	0	0	0	0	0	0
2020-08-04	0	0	0	0	0	0	0	0
2020-08-05	0	0	0	0	0	0	0	0
2020-08-06	0	0	0	0	0	0	0	0
2020-08-07	0	0	0	0	0	0	0	0
2020-08-08	0	0	0	0	0	0	0	0
2020-08-09	0	0	0	0	0	0	0	0
2020-08-10	0	0	0	0	0	0	0	0
2020-08-11	0	0	0	0	0	0	0	0
2020-08-12	0	0	0	0	0	0	0	0
2020-08-13	0	0	0	0	0	0	0	0
2020-08-14	0	0	0	0	0	0	0	0
2020-08-15	0	0	0	0	0	0	0	0
2020-08-16	0	0	0	0	0	0	0	0
2020-08-17	0	0	0	0	0	0	0	0
2020-08-18	0	0	0	0	0	0	0	0
2020-08-19	0	0	0	0	0	0	0	0
2020-08-20	0	0	0	0	0	0	0	0
2020-08-21	0	0	0	0	0	0	0	0
2020-08-22	0	0	0	0	0	0	0	0
2020-08-23	0	0	0	0	0	0	0	0
2020-08-24	0	0	0	0	0	0	0	0
2020-08-25	0	0	0	0	0	0	0	0
2020-08-26	0	0	0	0	0	0	0	0
2020-08-27	0	0	0	0	0	0	0	0
2020-08-28	0	0	0	0	0	0	0	0
2020-08-29	0	0	0	0	0	0	0	0
2020-08-30	0	0	0	0	0	0	0	0
2020-08-31	0	0	0	0	0	0	0	0
2020-09-01	0	0	0	0	0	0	0	0
2020-09-02	0	0	0	0	0	0	0	0
2020-09-03	0	0	0	0	0	0	0	0
2020-09-04	0	0	0	0	0	0	0	0
2020-09-05	0	0	0	0	0	0	0	0
2020-09-06	0	0	0	0	0	0	0	0
2020-09-07	0	0	0	0	0	0	0	0
2020-09-08	0	0	0	0	0	0	0	0
2020-09-09	0	0	0	0	0	0	0	0
2020-09-10	0	0	0	0	0	0	0	0
2020-09-11	0	0	0	0	0	0	0	0
2020-09-12	0	0	0	0	0	0	0	0
2020-09-13	0	0	0	0	0	0	0	0
2020-09-14	0	0	0	0	0	0	0	0
2020-09-15	0	0	0	0	0	0	0	0
2020-09-16	0	0	0	0	0	0	0	0
2020-09-17	0	0	0	0	0	0	0	0
2020-09-18	0	0	0	0	0	0	0	0
2020-09-19	0	0	0	0	0	0	0	0
2020-09-20	0	0	0	0	0	0	0	0
2020-09-21	0	0	0	0	0	0	0	0
2020-09-22	0	0	0	0	0	0	0	0
2020-09-23	0	0	0	0	0	0	0	0
2020-09-24	0	0	0	0	0	0	0	0
2020-09-25	0	0	0	0	0	0	0	0
2020-09-26	0	0	0	0	0	0	0	0
2020-09-27	0	0	0	0	0	0	0	0
2020-09-28	0	0	0	0	0	0	0	0
2020-09-29	0	0	0	0	0	0	0	0
2020-09-30	0	0	0	0	0	0	0	0
2020-10-01	0	0	0	0	0	0	0	0
2020-10-02	0	0	0	0	0	0	0	0
2020-10-03	0	0	0	0	0	0	0	0
2020-10-04	0	0	0	0	0	0	0	0
2020-10-05	0	0	0	0	0	0	0	0
2020-10-06	0	0	0	0	0	0	0	0
2020-10-07	0	0	0	0	0	0	0	0
2020-10-08	0	0	0	0	0	0	0	0
2020-10-09	0	0	0	0	0	0	0	0
2020-10-10	0	0	0	0	0	0	0	0
2020-10-11	0	0	0	0	0	0	0	0
2020-10-12	0	0	0	0	0	0	0	0
2020-10-13	0	0	0	0	0	0	0	0
2020-10-14	0	0	0	0	0	0	0	0
2020-10-15	0	0	0	0	0	0	0	0
2020-10-16	0	0	0	0	0	0	0	0
2020-10-17	0	0	0	0	0	0	0	0
2020-10-18	0	0	0	0	0	0	0	0
2020-10-19	0	0	0	0	0	0	0	0
2020-10-20	0	0	0	0	0	0	0	0
2020-10-21	0	0	0	0	0	0	0	0
2020-10-22	0	0	0	0	0	0	0	0
2020-10-23	0	0	0	0	0	0	0	0
2020-10-24	0	0	0	0	0	0	0	0
2020-10-25	0	0	0	0	0	0	0	0
2020-10-26	0	0	0	0	0	0	0	0
2020-10-27	0	0	0	0	0	0	0	0
2020-10-28	0	0	0	0	0	0	0	0
2020-10-29	0	0	0	0	0	0	0	0
2020-10-30	0	0	0	0	0	0	0	0
2020-10-31	0	0	0	0	0	0	0	0
2020-11-01	0	0	0	0	0	0	0	0
2020-11-02	0	0	0	0	0	0	0	0
2020-11-03	0	0	0	0	0	0	0	0
2020-11-04	0	0	0	0	0	0	0	0
2020-11-05	0	0	0	0	0	0	0	0
2020-11-06	0	0	0	0	0	0	0	0
2020-11-07	0	0	0	0	0	0	0	0
2020-11-08	0	0	0	0	0	0	0	0
2020-11-09	0	0	0	0	0	0	0	0
2020-11-10	0	0	0	0	0	0	0	0
2020-11-11	0	0	0	0	0	0	0	0
2020-11-12	0	0	0	0	0	0	0	0
2020-11-13	0	0	0	0	0	0	0	0
2020-11-14	0	0	0	0	0	0	0	0
2020-11-15	0	0	0	0	0	0	0	0
2020-11-16	0	0	0	0	0	0	0	0
2020-11-17	0	0	0	0	0	0	0	0
2020-11-18	0	0	0	0	0	0	0	0
2020-11-19	0	0	0	0	0	0	0	0
2020-11-20	0	0	0	0	0	0	0	0
2020-11-21	0	0	0	0	0	0	0	0
2020-11-22	0	0	0	0	0	0	0	0
2020-11-23	0	0	0	0	0	0	0	0
2020-11-24	0	0	0	0	0	0	0	0
2020-11-25	0	0	0	0	0	0	0	0
2020-11-26	0	0	0	0	0	0	0	0
2020-11-27	0	0	0	0	0	0	0	0
2020-11-28	0	0	0	0	0	0	0	0
2020-11-29	0	0	0	0	0	0	0	0
2020-11-30	0	0	0	0	0	0	0	0
2020-12-01	0	0	0	0	0	0	0	0
2020-12-02	0	0	0	0	0	0	0	0
2020-12-03	0	0	0	0	0	0	0	0
2020-12-04	0	0	0	0	0	0	0	0
2020-12-05	0	0	0	0	0	0	0	0
2020-12-06	0	0	0	0	0	0	0	0
2020-12-07	0	0	0	0	0	0	0	0
2020-12-08	0	0	0	0	0	0	0	0
2020-12-09	0	0	0	0	0	0	0	0
2020-12-10	0	0	0	0	0	0	0	0
2020-12-11	0	0	0	0	0	0	0	0
2020-12-12	0	0	0	0	0	0	0	0
2020-12-13	0	0	0	0	0	0	0	0
2020-12-14	0	0	0	0	0	0	0	0
2020-12-15	0	0	0	0	0	0	0	0
2020-12-16	0	0	0	0	0	0	0	0
2020-12-17	0	0	0	0	0	0	0	0
2020-12-18	0	0	0	0	0	0	0	0
2020-12-19	0	0	0	0	0	0	0	0
2020-12-20	0	0	0	0	0	0	0	0
2020-12-21	0	0	0	0	0	0	0	0
2020-12-22	0	0	0	0	0	0	0	0
2020-12-23	0	0	0	0	0	0	0	0
2020-12-24	0	0	0	0	0	0	0	0
2020-12-25	0	0	0	0	0	0	0	0
2020-12-26	0	0	0	0	0	0	0	0
2020-12-27	0	0	0	0	0	0	0	0
2020-12-28	0	0	0	0	0	0	0	0
2020-12-29	0	0	0	5.837085178916901e-5	2.0063006310544473e-4	2.856203947525504e-4	9.880244048043885e-5	4.883596237805765e-4
2020-12-30	0	0	0	3.379028544592266e-5	1.265740052447395e-4	4.187638407886496e-4	1.261039755531268e-4	4.928607279242048e-4
2020-12-31	0	0	0	1.8430084917087086e-5	1.929793102535271e-4	4.819980805375046e-4	1.5340588334122884e-4	4.1664339793023863e-4
2021-01-01	0	0	0	2.7650191133377078e-5	1.389748285007819e-4	4.219445092921159e-4	1.7380755226636957e-4	3.6143265839161387e-4
2021-01-02	0	0	0	3.6870339855443746e-5	1.0192259705399387e-4	8.554182935127663e-5	2.3900142804178515e-5	5.1000650266530556e-5
2021-01-03	0	0	0	3.994039880872435e-5	2.0079007916407043e-4	1.7670780641232398e-4	3.070023562612434e-5	8.500018062518322e-6
2021-01-04	0	0	0	3.0730236086906615e-5	1.930993218370869e-4	1.8514856999818363e-4	3.410029070738396e-5	4.8075778201117636e-4
2021-01-05	0	0	0	7.067124860649088e-5	3.3529810620502865e-4	4.082716714395307e-4	7.840153670035654e-5	0.010818660855677509
2021-01-06	0	0	0	1.0141257112739055e-4	4.2352484332330853e-4	6.442837753957154e-4	1.2270376405343342e-4	0.014626382768220703
2021-01-07	0	0	0	1.813282199809585e-4	5.41253238767192e-4	8.357646256273998e-4	2.1821190410875602e-4	0.013453952207500564
2021-01-08	0	0	0	8.299172190651127e-5	4.115623458911255e-4	5.285498412337386e-4	8.870196700971889e-5	0.01323650124127762
2021-01-09	0	0	0	1.4448521899468325e-4	4.7983756102132347e-4	5.597683351472593e-4	1.1600336419514967e-4	0.017287211924026602
2021-01-10	0	0	0	2.9517178159510493e-4	0.0010454632483509751	0.0015891913823122827	3.411290922643584e-4	0.02013424697531585
2021-01-11	0	0	0	3.014127124056909e-4	9.131884782991317e-4	0.0014774857410286835	3.2082573228753297e-4	0.00912441373148587
2021-01-12	0	0	0	1.9073909535061162e-4	0.001056829222001232	0.001401991394967883	3.789358981036717e-4	0.01794752844431491
2021-01-13	0	0	0	4.7390614675890674e-4	0.001723142304850711	0.0025682990399897854	7.582437333897296e-4	0.020734984899697606
2021-01-14	0	0	0	1.50845688605461e-4	5.757228642040424e-4	7.284626644634695e-4	1.1280318113948695e-4	0.0028357103132452544
2021-01-15	0	0	0	0	0	0	0	0
2021-01-16	0	0	0	1.5390059213471474e-5	1.5723618080420998e-4	1.7725785508670988e-4	3.420029241496536e-5	0
2021-01-17	0	0	0	4.310046441236004e-5	2.6469751619373483e-4	2.382841948393999e-4	4.7900573616255215e-5	1.9600096040850445e-5
2021-01-18	0	0	0	3.695034133199826e-5	2.2582274897842147e-4	2.0855087336668632e-4	5.130065793945704e-5	2.4500150064277193e-5
2021-01-19	0	0	0	3.448897372326787e-4	0.001223164032562618	0.001508869171544136	4.78657278197403e-4	0.020666071629145133
2021-01-20	0	0	0	6.685217303259439e-4	0.002687445590951132	0.0033365731801466847	0.0012247750184615214	0.04469726129174556
2021-01-21	0	0	0	6.134640845456563e-4	0.002209310262959452	0.002897909469823823	0.0010035517790434323	0.02169173281816361
2021-01-22	0	0	0	1.202836170370869e-4	4.8120789025851707e-4	5.992397720762099e-4	2.674178780803782e-4	0.0039409828364291855
2021-01-23	0	0	0	1.5114571125662835e-4	7.371058312515277e-4	8.543724880871739e-4	2.6401742630044467e-4	0.003805921259157685
2021-01-24	0	0	0	1.018125914509227e-4	4.943510957515773e-4	4.79787549023003e-4	1.029026472387784e-4	0.00121336806551553
2021-01-25	0	0	0	3.641031427747965e-4	0.0013254792237931134	0.0014447017908161275	2.4351482486739684e-4	0.001139224458091448
2021-01-26	0	0	0	5.803341969450315e-4	0.0023578698876016713	0.0027308343640810584	5.455744128599616e-4	0.0021518576228072295
2021-01-27	0	8.562102327358545e-6	0	6.88798610881669e-4	0.0025022753454762015	0.002666277258604799	7.141274945194898e-4	0.00650347379284355
2021-01-28	0	0	0	0.0011746849711955498	0.003880344267909397	0.004565140126092659	0.001677003084836537	0.041167592671593534
2021-01-29	0	0	0	0.0012782284670034283	0.003487140036408265	0.0047908881523219815	0.0027028263175257194	0.05813285727370121
2021-01-30	0	0	0	0.0011000725398981892	0.0028808948888401353	0.0034277673973326372	0.0020883903435566786	0.057975077399880615
2021-01-31	0	0	0	5.024831223221504e-4	0.0013634347385715895	0.001591813467528791	0.0013833784339729593	0.016175209349373887
2021-02-01	0	0	0	0.0010832133377838282	0.003206881021471375	0.003603376079793108	8.795934211465184e-4	0.010442662298972616
2021-02-02	0	0	0	0.0011216845440540357	0.003114424910630964	0.0035398927100998012	0.0011230152908359159	0.0356951356777635
2021-02-03	0	0	0	0.0012038423090763306	0.0032433598457723978	0.003929039337528861	0.0015582070022654992	0.05484406794725061
2021-02-04	0	0	0	0.0014763549059519931	0.00394090267848024	0.004893687043219241	0.001703225244058082	0.05523533557399296
2021-02-05	0	0	0	0.001515984552290739	0.003652996095117711	0.004670312955776135	0.0020614624068135967	0.07190975314950565
2021-02-06	0	0	0	0.001171413052134751	0.0033113312286263685	0.0038522900346276145	0.0030504262751149813	0.08343880869928921
2021-02-07	0	0	0	8.287016866213026e-4	0.001942122960398418	0.0023245208492947977	6.157948008091996e-4	0.023356784849627887
2021-02-08	0	0	0	0.0011017534651744931	0.0028442724714730083	0.0030449479269696322	0.00275319502070559	0.018268736685016496
2021-02-09	0	0	0	0.0013474539080085002	0.003029664717074443	0.003289855787776075	0.0058140507966664146	0.04552165527473795
2021-02-10	0	0	0	0.0017291174617992677	0.0038063120027655994	0.004630109478445554	0.005154141293117309	0.06825860944069428
2021-02-11	0	0	0	0.0017509764796581617	0.004315305465314667	0.004817702564499982	0.0074664369200703185	0.10141705474846319
2021-02-12	0	0	0	0.0019588392628142604	0.004644653200839066	0.005726097046847567	0.0088975917848928	0.1307179988027487
2021-02-13	0	0	0	0.0019279592567238435	0.004367578936441463	0.00580528533445368	0.012132700605998803	0.14978822833709105
2021-02-14	0	0	0	0.0010019709864643733	0.0021854740742324186	0.0022445294781445746	0.0028173844137338033	0.05023427048273299
2021-02-15	0	0	0	0.0013352957536874044	0.002979068712598565	0.0032496901214713603	0.001586229030634323	0.04991384805696342
2021-02-16	0	0	0	0.001657226600001005	0.003193389434019256	0.003731811604462676	0.0030759653907712625	0.06111269022668564
2021-02-17	0	0	0	0.0016218776217549191	0.0029113990611233653	0.003395893022354768	0.005135192550633105	0.06616670832256077
2021-02-18	0	0	0	0.002146161502298405	0.004389086019020549	0.004644412642197837	0.00816717568968639	0.10428166649156445
2021-02-19	0	0	0	0.0018606855376674947	0.004576997225901547	0.005329510921666003	0.020767118300628162	0.2303390155173788
2021-02-20	0	0	0	0.0011010430739626376	0.0025121477215437338	0.004059159193339212	0.031163998703802598	0.29574321183690166
2021-02-21	0	0	0	0.001217310461189891	0.0032655559639385157	0.004455743412339119	0.014992594472252208	0.12574388089567656
2021-02-22	0	0	0	5.565274306953416e-4	0.0014132693325514811	0.0019262676267424172	0.015494116914742007	0.13221982021438095
2021-02-23	0	0	0	8.705194510287839e-4	0.0020587496124917504	0.0029884326824745067	0.018597971132561897	0.1031119168490724
2021-02-24	0	0	0	0.0010443026420019486	0.0024924030182014167	0.004913595856059105	0.03687667223885294	0.11627135712173242
2021-02-25	0	0	0	0.0011544531905423039	0.0026179434069204532	0.0053461352906365445	0.052287495547661766	0.11539871590832251
2021-02-26	0	0	0	9.277851963427342e-4	0.00231103522094811	0.003894000810578113	0.05225350725511513	0.11591730542420198
2021-02-27	0	0	0	8.836452072129575e-4	0.00248145941020117	0.006251259561526279	0.09201310277035701	0.14639033235149546
2021-02-28	0	0	0	6.110233373797236e-4	0.0019877678052118153	0.004734924878400992	0.0666923679869258	0.06324012846197169
2021-03-01	0	0	0	6.78975251848124e-4	0.0018591140762871383	0.003779711554859455	0.04348524155834688	0.0615070802295925
2021-03-02	0	0	0	0.0010530672376518613	0.0021632699342020167	0.004575543900496415	0.059463785444858086	0.07346674048953927
2021-03-03	0	0	3.2930187110480347e-6	9.509960983948851e-4	0.0024062575188117385	0.006671146047396492	0.09348023875963984	0.10546966242290012
2021-03-04	0	0	0	0.0010422715825129103	0.002415578755180503	0.006321149231903078	0.09981200930013245	0.10272627172566384
2021-03-05	0	0	0	7.655065000504724e-4	0.0019900700947454997	0.005538368381081238	0.11575585446046821	0.09956857529665109
2021-03-06	0	0	0	0.0010926684811023435	0.0021386935024745313	0.007576992704611429	0.15490531408277053	0.09328166736667676
2021-03-07	0	0	0	4.691850336489001e-4	0.001089906974303112	0.0019936236337982916	0.06083987252212708	0.01970153764640825
2021-03-08	0	0	0	7.931972904853257e-4	0.002064205235813743	0.005038747243445885	0.06412076822958812	0.06127598663450806
2021-03-09	0	8.562175327631039e-6	0	0.0010563489682857696	0.0025455699816328003	0.009651015525166784	0.0984291756550324	0.05554552637507082
2021-03-10	0	0	0	0.0015669338203994077	0.004154995997935673	0.018852060041956387	0.11464178469978803	0.05921654994690351
2021-03-11	0	0	0	0.001393875722382365	0.003966813903135469	0.015492574969798723	0.0935142276953651	0.044996777496262075
2021-03-12	0	0	0	0.0017734062424252794	0.004027465118820794	0.01472113797582586	0.09445283448559061	0.056946526726554536
2021-03-13	0	0	0	0.0016689463454759856	0.0037753533231787983	0.01379228679375033	0.09906054804473063	0.03394415135276474
2021-03-14	0	0	0	6.234671778304612e-4	0.00154895981913028	0.005317879961822092	0.02912983684870807	0.01700932932098742
2021-03-15	0	0	0	3.461999636036328e-4	0.0010268736173566495	0.003427857551848934	0.03659835998846117	0.027365112343391562
2021-03-16	0	0	0	0.0013627642816218533	0.004178344640984655	0.015046126480517064	0.06862743107395253	0.043628767334788376
2021-03-17	0	0	0	0.0017051068473401543	0.005640192944111666	0.020674902902507064	0.09895134202198808	0.057929661418001155
2021-03-18	0	0	0	0.0023968862659429213	0.0072981256595356925	0.02097907034816826	0.11493925827309215	0.03261310363212999
2021-03-19	0	0	0	0.002652609083737767	0.007667698399687062	0.018641597287355927	0.12503845372765032	0.048883089099989396
2021-03-20	0	0	0	0.0016177843065154907	0.004255597527579313	0.012417800441953952	0.08602821337408417	0.021429708097283617
2021-03-21	0	0	0	5.674905113701723e-4	0.0017423489449615026	0.0044115955438106536	0.0421157337574829	0.007991465881734827
2021-03-22	0	0	0	6.866778816283503e-4	0.0017958162389910548	0.0045271337349634955	0.041700942143922726	0.02865294785519823
2021-03-23	0	0	0	5.0542386332042e-4	0.0011218746506829191	0.0029848773732332745	0.03624604392505426	0.0414869926395689
2021-03-24	0	0	0	0.001173514283943522	0.0032663272233826035	0.009063004512699369	0.059904435343454576	0.03110812892124515
2021-03-25	0	0	0	0.002502846059599495	0.007135940411388875	0.024334218548086595	0.10224090043019429	0.05380597061855097
2021-03-26	0	0	0	0.0023297969885018865	0.0076218732379136345	0.027247466102248374	0.1301749814487987	0.05054838480151047
2021-03-27	0	0	3.293029710915718e-6	0.001729547833927425	0.0055315695654643005	0.019593455878313737	0.08880278359348792	0.023742020888973148
2021-03-28	0	0	0	8.560832196198298e-4	0.00287421527836651	0.010848985119530807	0.040633571789084666	0.008203926100867065
2021-03-29	0	0	0	6.767544991630459e-4	0.002434181309661998	0.010187546526055025	0.0606084459294971	0.016974533698570937
2021-03-30	0	0	0	8.540623556267946e-4	0.002829731845579442	0.010552910982551511	0.05185503619468812	0.0298103644572687
2021-03-31	0	0	3.293040711005446e-6	0.0010652136700406434	0.002570822281801055	0.010799436959661346	0.033502097636511685	0.030307942849948866
2021-04-01	0	0	0	7.620951972724388e-4	0.001941502357851288	0.008394607358174433	0.028441225831702388	0.02651384600752782
2021-04-02	0	0	0	0.0017967670929965873	0.005958295320782403	0.020807245364918847	0.07682023721130005	0.025909525882868767
2021-04-03	0	0	0	0.0024439732513132917	0.007355244906910086	0.028727943687122615	0.09462780538814397	0.03615295911315952
2021-04-04	0	0	0	0.0020632842855106137	0.007415668033094125	0.02451679835033782	0.09381480438022494	0.014450705723980217
2021-04-05	0	0	0	0.001885618889649221	0.004740608341862629	0.02837841358946358	0.0901169669322679	0.017988496501597062
2021-04-06	0	0	0	0.0022301033402269965	0.006905340933351489	0.033261298494382974	0.10871630895838358	0.05991866149895664
2021-04-07	0	0	0	0.0030472414200679587	0.007568942221588326	0.03894881249876603	0.08575372535297854	0.04174107942795269
2021-04-08	0	0	3.2930507110062734e-6	0.0032636528574936374	0.0077057345863789095	0.052206314826952704	0.12056497851082915	0.03975685181659161
2021-04-09	0	0	0	0.002892852148388192	0.007712450473074783	0.06229898075064222	0.10789503462413585	0.0453649957089175
2021-04-10	0	0	0	0.003355584987652316	0.00754590517121323	0.09768021615712574	0.14227257112352465	0.027434563823040214
2021-04-11	0	0	0	0.0013864805821011128	0.0032969975482082248	0.03955628491915131	0.035658685462223394	0.005968405465951454
2021-04-12	0	0	0	0.0011277979820720763	0.003285057901353916	0.03399953204481654	0.03526419078798271	0.015044584883579848
2021-04-13	0	0	0	0.0018191773515590093	0.004744627873414453	0.048400666120220315	0.05558553800893562	0.07063253888742071
2021-04-14	0	0	3.2930617110960014e-6	0.0023385972592853133	0.004846873044577649	0.048622630037951975	0.043087125087067024	0.03763336758902258
2021-04-15	0	0	0	0.0028304728942012414	0.005910884639304781	0.05869484109272505	0.06505638325040586	0.02942850928975438
2021-04-16	0	0	0	0.002063654667646908	0.005566727112686687	0.055480419229469335	0.0676901904715177	0.04100821849605496
2021-04-17	0	0	0	0.0026814375268024992	0.006693350234340034	0.07428610640105737	0.08254616743974785	0.04723918515349146
2021-04-18	0	0	0	0.00187541929938706	0.0035474360756777568	0.04841557702465771	0.039298696894399354	0.02308654716500036
2021-04-19	0	0	0	0.0014995321491666491	0.0034568474485707767	0.03347123082320502	0.03609949335512419	0.022047927779846432
2021-04-20	0	0	0	0.0016691064791096721	0.003889652348848749	0.040535440483804086	0.05926168688305644	0.0388071996868844
2021-04-21	0	0	0	0.0019093514056975902	0.0038420102607108486	0.03410272903185496	0.03948567972585315	0.05145284891537716
2021-04-22	0	0	0	0.0018360327540685173	0.003389261773842911	0.02906413092662996	0.0404601560570399	0.0605661650883782
2021-04-23	0	0	0	8.266508379020099e-4	0.0019264077617160424	0.019089492177902567	0.0102913781158811	0.020628786710284563
2021-04-24	0	0	0	0.0013007529895849856	0.0027647609758132408	0.040291756408622925	0.037487528702046635	0.033615805596475035
2021-04-25	0	0	0	6.809559252429764e-4	0.001707669033381931	0.017280897353334268	0.011499358813279237	0.008886743552743104
2021-04-26	0	0	0	4.530813206706785e-4	0.0011665502098479053	0.01307747508867374	0.014109569991334947	0.012964519692715726
2021-04-27	0	0	0	8.961307625858783e-4	0.0021915006687953653	0.019287411056313708	0.03670032852852545	0.02737768440078736
2021-04-28	0	0	0	0.001188973414445016	0.0035531662475958292	0.02673322634773978	0.04906658237652817	0.05563933386832787
2021-04-29	0	0	0	8.06422579344046e-4	0.0036277501427746106	0.018694167979107723	0.040852736520299304	0.0420633309527092
2021-04-30	0	0	0	8.106042698206029e-4	0.004162591792608028	0.030910210274808225	0.05047482704121009	0.050934275094859593
2021-05-01	0	0	0	6.948407008999791e-4	0.003177063433014382	0.0224486150797496	0.06018052386310968	0.05119677750676943
2021-05-02	0	0	0	2.823399289588746e-4	0.002896627612881897	0.020616762726328508	0.0347534505818361	0.013990634463170393
2021-05-03	0	0	0	3.212558013223621e-4	0.0020736349905183804	0.00846205157923241	0.027417935800895465	0.031089946188501028
2021-05-04	0	0	0	1.129931918653071e-4	0.0023316691702799375	0.011781521059619715	0.022325405937569265	0.042900411322918997
2021-05-05	0	0	0	3.531811842372168e-4	0.002206577245785546	0.02481563392173447	0.03636215151571287	0.04907867918770248
2021-05-06	0	0	0	3.356381632442229e-4	0.0030552035672093414	0.03882373051273125	0.03773437068270491	0.04266763169869381
2021-05-07	0	0	0	6.079223924086996e-4	0.0026209873937295125	0.03264436361902279	0.026235880354493757	0.06174336064596431
2021-05-08	0	0	0	4.031506326080958e-4	0.001994964971309132	0.03389333961760865	0.016452168461773775	0.016247192818621414
2021-05-09	0	0	0	6.757741676814977e-4	0.0016967097059565894	0.02608820865774253	0.013929709199596463	0.00824067719013799
2021-05-10	0	0	0	1.3098428922098115e-4	0.0012717143143243792	0.033409732557388994	0.016963842992266498	0.02335354703983561
2021-05-11	0	0	0	2.867905622065958e-4	0.0019251265280373353	0.03752809956422554	0.017834416603900394	0.06033281205254193
2021-05-12	0	0	0	4.037607556870437e-4	0.0029453687993410416	0.031502664467132124	0.02641351848975204	0.02177918320527228
2021-05-13	0	0	0	0.00043226671362783797	0.003864062745224661	0.03702983211664668	0.02288543579285718	0.02974143828785758
2021-05-14	0	0	0	6.132640231906183e-4	0.005318080495037902	0.06789620361637927	0.05719017914773761	0.0815088220166349
2021-05-15	0	0	3.2930727111857294e-6	3.5113082321380773e-4	0.005300203038061113	0.07251936455901054	0.034056155430679524	0.031235615925562232
2021-05-16	0	8.562248328125577e-6	0	2.44804982369784e-4	0.0021022448583609687	0.03337797225801431	0.011457518683596124	0.021436885009729956
2021-05-17	0	0	0	1.8453851361566187e-4	0.003339117426296667	0.022794193817952557	0.009540053153543004	0.019704870480159897
2021-05-18	0	0	0	3.052632964199997e-4	0.0026723153172887315	0.024483986397477953	0.022084834984068324	0.024595636331639525
2021-05-19	0	0	0	2.840501711249832e-4	0.004018216515992323	0.019392699195522	0.031119302750926003	0.02060726484105735
2021-05-20	0	0	0	4.368677133497201e-4	0.006965971188650277	0.02410217875518672	0.029912286216676964	0.044685191586786965
2021-05-21	0	0	0	2.771492029201017e-4	0.006805869966500122	0.022906405857325174	0.034628177672224814	0.059272507537444064
2021-05-22	0	0	0	1.3149432268932948e-4	0.007801917479087761	0.035830261917265016	0.013959114217433788	0.012961902730599384
2021-05-23	0	0	0	0.0011306095694996188	0.008714495608427297	0.026286707751097982	0.013367573001990873	0.010498755969225337
2021-05-24	0	0	0	1.0680028515785978e-5	0.0027756560666500896	0.004424484014699193	0.003975350853602233	0
2021-05-25	0	0	0	8.540182336780333e-5	0.00834230852789375	0.014142270956954972	0.02003656599421011	0.03738643640679995
2021-05-26	0	0	0	2.669178112795212e-4	0.008065663732862882	0.008615928556221508	0.013880567538799848	0.01932415574885149
2021-05-27	0	0	0	5.518261280188508e-4	0.006497885629413336	0.009104151393147353	0.026579213649557065	0.051072294824664466
2021-05-28	0	0	0	9.155495577481965e-4	0.008726126320138805	0.012930539714325784	0.029024201061819133	0.03571712831374518
2021-05-29	0	0	0	6.061218459230133e-4	0.01168622194584179	0.019761075021501373	0.019290228226255257	0.018433548931553023
2021-05-30	0	0	0	3.353281112354889e-4	0.007994849404249216	0.010661305860663717	0.022367071471553368	0.0062402351336308115
2021-05-31	0	0	0	1.320343582678074e-4	0.005562425143368799	0.007387252876264405	0.01736377517205634	0.012578756277371372
2021-06-01	0	0	0	5.068242176968774e-4	0.007647400684306582	0.01395058470339161	0.028912685850776443	0.03200203252137479
2021-06-02	0	0	0	0.0018075167792268587	0.018301788868950952	0.021085691597536593	0.055096403417382867	0.033060143268228925
2021-06-03	0	0	0	0.002147362791739882	0.02081033753710204	0.01915192909703456	0.05416074661857029	0.03419054839997271
2021-06-04	0	0	0	0.0014379869516183419	0.020609790869925426	0.02230636346273296	0.039799602081460606	0.03540100783900435
2021-06-05	0	0	0	0.0014723819771715885	0.021546937630311014	0.02665530633900648	0.040317678806077506	0.02561857788318922
2021-06-06	0	0	0	9.673339337348263e-4	0.013271895804561673	0.015408616364567695	0.023229603621098383	0.007476675167891633
2021-06-07	0	0	0	4.8587901960539526e-4	0.00711421300667614	0.008367855250372758	0.023782097034843686	0.02268505290634093
2021-06-08	0	0	0	4.789073380595532e-4	0.009447805256038944	0.013429900557244467	0.05151084170324416	0.07047238941755496
2021-06-09	0	0	0	8.827147963528237e-4	0.017817455429495643	0.01451354071602906	0.028260869181726767	0.050217242870375545
2021-06-10	0	0	0	0.0019008933488808832	0.024533158972289915	0.017319632416763042	0.06673002402664929	0.08438907917082483
2021-06-11	0	0	0	0.001557446409829799	0.019808140608592373	0.014812230543417959	0.05121761091701149	0.04796864779276655
2021-06-12	0	0	0	8.214086780540253e-4	0.016644116654804586	0.01556626716838938	0.05246319675339639	0.03007685429101059
2021-06-13	0	0	0	5.069742557239909e-4	0.010029789167687042	0.007571903430389826	0.021961476613764352	0.010282834169640154
2021-06-14	0	0	0	9.78123918160545e-5	0.007274158344906745	0.006626748448750774	0.027299515891984205	0.020833912982541003
2021-06-15	0	0	0	4.529212844224251e-4	0.014411946047216961	0.007155510332027992	0.03973909899727879	0.08100557582884038
2021-06-16	0	0	0	0.0020453158292101925	0.031704656307900425	0.012930378673157827	0.05186704765819439	0.04651798063048451
2021-06-17	0	0	0	0.0015878202933208296	0.030552087512848214	0.02447743622098808	0.1611702634555856	0.07990968962394907
2021-06-18	0	0	0	8.22309048042591e-4	0.024592305370863432	0.010167876427762623	0.10487752374681603	0.013114900151495856
2021-06-19	0	0	0	0.0011216745384425852	0.021054654620294988	0.011704418352241008	0.06994342051845548	0.033391345488381186
2021-06-20	0	0	0	4.5201107850378897e-4	0.01129265099160448	0.006570783799936253	0.07520525769629138	0.0275875684837108
2021-06-21	0	0	0	5.434038219283011e-4	0.006160287284858068	0.0022528888770732003	0.027663821758572515	0.01413444563837607
2021-06-22	0	0	0	3.904281085269634e-4	0.009572498180353106	0.004823005345139908	0.02272804096148673	0.05064113103820733
2021-06-23	0	0	0	9.6381223350539e-4	0.01969551836087602	0.006158230952114874	0.06164358282590343	0.02268505290634093
2021-06-24	0	0	0	0.0010451630914718457	0.02297042004931038	0.006834698275127948	0.09777456646169314	0.04669899912993447
2021-06-25	0	0	0	0.0020161762416592843	0.018417228577115363	0.005884516884741675	0.0869228975286962	0.03252252871856243
2021-06-26	0	0	0	0.0032091446523498934	0.022212913380209143	0.006900183131813176	0.05273997627435478	0.08514574967179289
2021-06-27	0	0	0	4.816680010157892e-4	0.011918482556613208	0.003246915615253032	0.019704870480159897	0.03670032852852545
2021-06-28	0	0	0	3.8624729674352487e-4	0.01127414659536341	0.0031900440953325226	0.048590253175925247	0.028505034244317384
2021-06-29	0	0	3.293083711053413e-6	6.40362516037829e-4	0.009498414971743863	0.0036514031863073004	0.038179518916167554	0.06915686810139854
2021-06-30	0	0	0	0.0018013011714776983	0.02274141296592158	0.005499711707215749	0.06209948655768183	0.03149803149704722
2021-07-01	0	0	3.2930947111431408e-6	0.0033336182526635394	0.033662521335668494	0.006966362551800831	0.09529351342523129	0.09923615354247661
2021-07-02	0	0	0	0.0044535184566609765	0.02515521622584216	0.0046740817600749995	0.11619587005442633	0.11017768030960129
2021-07-03	0	0	0	0.006728839319647406	0.030088966475896983	0.007371253845814829	0.09472889068248347	0.08166739067491213
2021-07-04	0	0	3.293105711010824e-6	0.004334937921696369	0.015323744284725827	0.003083076339929436	0.03858887532470656	0.07382638373380268
2021-07-05	0	0	0	5.225582667855999e-4	0.018049940084261307	0.0029529900375404594	0.04690768267344825	0.015686516701556963
2021-07-06	0	0	0	0.003692839265460046	0.022093217565600343	0.004923099226498584	0.15157721286497883	0.09762054258357811
2021-07-07	0	0	0	0.00846593802666784	0.023679631233842757	0.005017884791946203	0.11725848826770702	0.20331694503454512
2021-07-08	0	0	0	0.014791487022081107	0.03784364537379448	0.006270570012069099	0.19277693684481756	0.2062912165014077
2021-07-09	0	0	0	0.013620308198857956	0.03142958469858126	0.005621219527243371	0.20112390643490952	0.22936870015240052
2021-07-10	0	0	3.2931157110116516e-6	0.014494814914853826	0.02761257355457669	0.007779992069149033	0.25198524033691294	0.14304658109041424
2021-07-11	0	0	0	0.01279104269329534	0.019944586634000228	0.0026182538132577537	0.11224037547149557	0.12383369607062811
2021-07-12	0	0	0	0.007502080302215219	0.009164778290277509	0.0021191026490092746	0.17053592546888185	0.1413592063015512
2021-07-13	0	0	0	0.013344750592091392	0.015391726309698095	0.0031379416694803375	0.2609225434156188	0.16467408888775292
2021-07-14	0	0	0	0.017369827728832332	0.016982178597479303	0.00472358807106632	0.6559569947356596	0.19722436226800544
2021-07-15	0	0	0	0.023361611219695044	0.022664327940245643	0.005355279755314468	1.4654774092706653	1.4452997205697478
2021-07-16	0	0	6.601511088888401e-7	0.015199455864645328	0.043121005273959234	0	0	0
2021-07-17	0	0	8.772461923545194e-7	0.020535921012962532	0.0601129001923848	0	0	0
2021-07-18	0	0	8.778371927142814e-7	0.020980687310000024	0.06400236570392481	0	0	0
2021-07-19	0	0	8.97438201308276e-7	0.021911468108669396	0.06993452960786839	0	0	0
2021-07-20	0	0	9.008782029251705e-7	0.02248868524096692	0.07548884128982003	0	0	0
2021-07-21	0	0	8.782711928834175e-7	0.02242546537431367	0.07956376830679446	0	0	0
2021-07-22	0	0	8.611771853406225e-7	0.022490879919892848	0.08472492837190626	0	0	0
2021-07-23	0	0	7.908131562928133e-7	0.02111837645603476	0.08484036174526688	0	0	0
2021-07-24	0	0	7.785981515073814e-7	0.021238953284151485	0.09124365096013376	0	0	0
2021-07-25	0	0	7.601531444301202e-7	0.02118299987088257	0.09797085195836175	0	0	0
2021-07-26	0	0	7.922601570342636e-7	0.022560746824317635	0.11334541582196356	0	0	0
2021-07-27	0	0	8.070471628762732e-7	0.03568610451384324	0.09590292264286071	0	0	0
2021-07-28	0	0	7.858371544600118e-7	0.0237376489949519	0	0	0	0
2021-07-29	0	0	6.893921189465857e-7	0.021314598022212028	0	0	0	0
2021-07-30	0	0	5.527160762408556e-7	0.017442036156319674	0	0	0	0
2021-07-31	0	0	5.226510684241958e-7	0.01678195853305131	0	0	0	0
2021-08-01	0	0	4.923480605434349e-7	0.016074779635079084	0	0	0	0
2021-08-02	0	0	5.976820893760504e-7	0.019850147084822245	0	0	0	0
2021-08-03	0	0	5.674310805670046e-7	0.019222122498335326	0	0	0	0
2021-08-04	0	0	5.708730814735219e-7	0.01971833316570848	0	0	0	0
2021-08-05	0	0	5.474800748306308e-7	0.019286704240111474	0	0	0	0
2021-08-06	0	0	4.5863605246942996e-7	0.0164613842932122	0	0	0	0
2021-08-07	0	0	4.4102604856988137e-7	0.016091665424029733	0	0	0	0
2021-08-08	0	0	3.871230374041801e-7	0.014348681162777766	0	0	0	0
2021-08-09	0	0	5.477740749881832e-7	0.020630181092982314	0	0	0	0
2021-08-10	0	0	5.481410751961846e-7	0.02107895053895592	0	0	0	0
2021-08-11	0	0	4.906210602229066e-7	0.01926224855484726	0	0	0	0
2021-08-12	0	0	4.4369204932337425e-7	0.017753516840047556	0	0	0	0
2021-08-13	0	0	4.825310582212694e-7	0.019664381979660472	0	0	0	0
2021-08-14	0	0	4.7134005565219184e-7	0.01959133510277722	0	0	0	0
2021-08-15	0	0	4.496040506563048e-7	0.01905685089147502	0	0	0	0
2021-08-16	0	0	5.89050086707843e-7	0.025491281356296414	0	0	0	0
2021-08-17	0	0	6.235290972433916e-7	0.027699951832885983	0	0	0	0
2021-08-18	0	0	5.210080677997553e-7	0.023776723140829015	0	0	0	0
2021-08-19	0	0	4.941330609131711e-7	0.023092161986300264	0	0	0	0
2021-08-20	0	0	5.098550650561862e-7	0.02439477627740616	0	0	0	0
2021-08-21	0	0	4.91285060411073e-7	0.024088493884404816	0	0	0	0
2021-08-22	0	0	4.064900414046946e-7	0.020400848656476178	0	0	0	0
2021-08-23	0	0	5.821980848530472e-7	0.029895901227551924	0	0	0	0
2021-08-24	0	0	5.81376084607399e-7	0.030773380232737013	0	0	0	0
