2020-02-17	0	0	0	0	0	0	0	0
2020-02-18	0	0	0	0	0	0	0	0
2020-02-19	0	0	0	0	0	0	0	0
2020-02-20	0	0	0	0	0	0	0	0
2020-02-21	0	0	0	0	0	0	0	0
2020-02-22	0	0	0	0	0	0	0	0
2020-02-23	0	0	0	0	0	0	0	0
2020-02-24	0	0	0	0	0	0	0	0
2020-02-25	0	0	0	0	0	0	0	0
2020-02-26	0	0	0	0	0	0	0	0
2020-02-27	0	0	0	0	0	0	0	0
2020-02-28	0	0	0	0	0	0	0	0
2020-02-29	0	0	0	0	0	0	0	0
2020-03-01	0	0	0	0	0	0	0	0
2020-03-02	0	0	0	0	0	0	0	0
2020-03-03	0	0	0	0	0	0	0	0
2020-03-04	0	0	0	0	0	0	0	0
2020-03-05	0	0	0	0	0	0	0	0
2020-03-06	0	0	0	0	0	0	0	0
2020-03-07	0	0	0	0	0	0	0	0
2020-03-08	0	0	0	0	0	0	0	0
2020-03-09	0	0	0	0	0	0	0	0
2020-03-10	0	0	0	0	0	0	0	0
2020-03-11	0	0	0	0	0	0	0	0
2020-03-12	0	0	0	0	0	0	0	0
2020-03-13	0	0	0	0	0	0	0	0
2020-03-14	0	0	0	0	0	0	0	0
2020-03-15	0	0	0	0	0	0	0	0
2020-03-16	0	0	0	0	0	0	0	0
2020-03-17	0	0	0	0	0	0	0	0
2020-03-18	0	0	0	0	0	0	0	0
2020-03-19	0	0	0	0	0	0	0	0
2020-03-20	0	0	0	0	0	0	0	0
2020-03-21	0	0	0	0	0	0	0	0
2020-03-22	0	0	0	0	0	0	0	0
2020-03-23	0	0	0	0	0	0	0	0
2020-03-24	0	0	0	0	0	0	0	0
2020-03-25	0	0	0	0	0	0	0	0
2020-03-26	0	0	0	0	0	0	0	0
2020-03-27	0	0	0	0	0	0	0	0
2020-03-28	0	0	0	0	0	0	0	0
2020-03-29	0	0	0	0	0	0	0	0
2020-03-30	0	0	0	0	0	0	0	0
2020-03-31	0	0	0	0	0	0	0	0
2020-04-01	0	0	0	0	0	0	0	0
2020-04-02	0	0	0	0	0	0	0	0
2020-04-03	0	0	0	0	0	0	0	0
2020-04-04	0	0	0	0	0	0	0	0
2020-04-05	0	0	0	0	0	0	0	0
2020-04-06	0	0	0	0	0	0	0	0
2020-04-07	0	0	0	0	0	0	0	0
2020-04-08	0	0	0	0	0	0	0	0
2020-04-09	0	0	0	0	0	0	0	0
2020-04-10	0	0	0	0	0	0	0	0
2020-04-11	0	0	0	0	0	0	0	0
2020-04-12	0	0	0	0	0	0	0	0
2020-04-13	0	0	0	0	0	0	0	0
2020-04-14	0	0	0	0	0	0	0	0
2020-04-15	0	0	0	0	0	0	0	0
2020-04-16	0	0	0	0	0	0	0	0
2020-04-17	0	0	0	0	0	0	0	0
2020-04-18	0	0	0	0	0	0	0	0
2020-04-19	0	0	0	0	0	0	0	0
2020-04-20	0	0	0	0	0	0	0	0
2020-04-21	0	0	0	0	0	0	0	0
2020-04-22	0	0	0	0	0	0	0	0
2020-04-23	0	0	0	0	0	0	0	0
2020-04-24	0	0	0	0	0	0	0	0
2020-04-25	0	0	0	0	0	0	0	0
2020-04-26	0	0	0	0	0	0	0	0
2020-04-27	0	0	0	0	0	0	0	0
2020-04-28	0	0	0	0	0	0	0	0
2020-04-29	0	0	0	0	0	0	0	0
2020-04-30	0	0	0	0	0	0	0	0
2020-05-01	0	0	0	0	0	0	0	0
2020-05-02	0	0	0	0	0	0	0	0
2020-05-03	0	0	0	0	0	0	0	0
2020-05-04	0	0	0	0	0	0	0	0
2020-05-05	0	0	0	0	0	0	0	0
2020-05-06	0	0	0	0	0	0	0	0
2020-05-07	0	0	0	0	0	0	0	0
2020-05-08	0	0	0	0	0	0	0	0
2020-05-09	0	0	0	0	0	0	0	0
2020-05-10	0	0	0	0	0	0	0	0
2020-05-11	0	0	0	0	0	0	0	0
2020-05-12	0	0	0	0	0	0	0	0
2020-05-13	0	0	0	0	0	0	0	0
2020-05-14	0	0	0	0	0	0	0	0
2020-05-15	0	0	0	0	0	0	0	0
2020-05-16	0	0	0	0	0	0	0	0
2020-05-17	0	0	0	0	0	0	0	0
2020-05-18	0	0	0	0	0	0	0	0
2020-05-19	0	0	0	0	0	0	0	0
2020-05-20	0	0	0	0	0	0	0	0
2020-05-21	0	0	0	0	0	0	0	0
2020-05-22	0	0	0	0	0	0	0	0
2020-05-23	0	0	0	0	0	0	0	0
2020-05-24	0	0	0	0	0	0	0	0
2020-05-25	0	0	0	0	0	0	0	0
2020-05-26	0	0	0	0	0	0	0	0
2020-05-27	0	0	0	0	0	0	0	0
2020-05-28	0	0	0	0	0	0	0	0
2020-05-29	0	0	0	0	0	0	0	0
2020-05-30	0	0	0	0	0	0	0	0
2020-05-31	0	0	0	0	0	0	0	0
2020-06-01	0	0	0	0	0	0	0	0
2020-06-02	0	0	0	0	0	0	0	0
2020-06-03	0	0	0	0	0	0	0	0
2020-06-04	0	0	0	0	0	0	0	0
2020-06-05	0	0	0	0	0	0	0	0
2020-06-06	0	0	0	0	0	0	0	0
2020-06-07	0	0	0	0	0	0	0	0
2020-06-08	0	0	0	0	0	0	0	0
2020-06-09	0	0	0	0	0	0	0	0
2020-06-10	0	0	0	0	0	0	0	0
2020-06-11	0	0	0	0	0	0	0	0
2020-06-12	0	0	0	0	0	0	0	0
2020-06-13	0	0	0	0	0	0	0	0
2020-06-14	0	0	0	0	0	0	0	0
2020-06-15	0	0	0	0	0	0	0	0
2020-06-16	0	0	0	0	0	0	0	0
2020-06-17	0	0	0	0	0	0	0	0
2020-06-18	0	0	0	0	0	0	0	0
2020-06-19	0	0	0	0	0	0	0	0
2020-06-20	0	0	0	0	0	0	0	0
2020-06-21	0	0	0	0	0	0	0	0
2020-06-22	0	0	0	0	0	0	0	0
2020-06-23	0	0	0	0	0	0	0	0
2020-06-24	0	0	0	0	0	0	0	0
2020-06-25	0	0	0	0	0	0	0	0
2020-06-26	0	0	0	0	0	0	0	0
2020-06-27	0	0	0	0	0	0	0	0
2020-06-28	0	0	0	0	0	0	0	0
2020-06-29	0	0	0	0	0	0	0	0
2020-06-30	0	0	0	0	0	0	0	0
2020-07-01	0	0	0	0	0	0	0	0
2020-07-02	0	0	0	0	0	0	0	0
2020-07-03	0	0	0	0	0	0	0	0
2020-07-04	0	0	0	0	0	0	0	0
2020-07-05	0	0	0	0	0	0	0	0
2020-07-06	0	0	0	0	0	0	0	0
2020-07-07	0	0	0	0	0	0	0	0
2020-07-08	0	0	0	0	0	0	0	0
2020-07-09	0	0	0	0	0	0	0	0
2020-07-10	0	0	0	0	0	0	0	0
2020-07-11	0	0	0	0	0	0	0	0
2020-07-12	0	0	0	0	0	0	0	0
2020-07-13	0	0	0	0	0	0	0	0
2020-07-14	0	0	0	0	0	0	0	0
2020-07-15	0	0	0	0	0	0	0	0
2020-07-16	0	0	0	0	0	0	0	0
2020-07-17	0	0	0	0	0	0	0	0
2020-07-18	0	0	0	0	0	0	0	0
2020-07-19	0	0	0	0	0	0	0	0
2020-07-20	0	0	0	0	0	0	0	0
2020-07-21	0	0	0	0	0	0	0	0
2020-07-22	0	0	0	0	0	0	0	0
2020-07-23	0	0	0	0	0	0	0	0
2020-07-24	0	0	0	0	0	0	0	0
2020-07-25	0	0	0	0	0	0	0	0
2020-07-26	0	0	0	0	0	0	0	0
2020-07-27	0	0	0	0	0	0	0	0
2020-07-28	0	0	0	0	0	0	0	0
2020-07-29	0	0	0	0	0	0	0	0
2020-07-30	0	0	0	0	0	0	0	0
2020-07-31	0	0	0	0	0	0	0	0
2020-08-01	0	0	0	0	0	0	0	0
2020-08-02	0	0	0	0	0	0	0	0
2020-08-03	0	0	0	0	0	0	0	0
2020-08-04	0	0	0	0	0	0	0	0
2020-08-05	0	0	0	0	0	0	0	0
2020-08-06	0	0	0	0	0	0	0	0
2020-08-07	0	0	0	0	0	0	0	0
2020-08-08	0	0	0	0	0	0	0	0
2020-08-09	0	0	0	0	0	0	0	0
2020-08-10	0	0	0	0	0	0	0	0
2020-08-11	0	0	0	0	0	0	0	0
2020-08-12	0	0	0	0	0	0	0	0
2020-08-13	0	0	0	0	0	0	0	0
2020-08-14	0	0	0	0	0	0	0	0
2020-08-15	0	0	0	0	0	0	0	0
2020-08-16	0	0	0	0	0	0	0	0
2020-08-17	0	0	0	0	0	0	0	0
2020-08-18	0	0	0	0	0	0	0	0
2020-08-19	0	0	0	0	0	0	0	0
2020-08-20	0	0	0	0	0	0	0	0
2020-08-21	0	0	0	0	0	0	0	0
2020-08-22	0	0	0	0	0	0	0	0
2020-08-23	0	0	0	0	0	0	0	0
2020-08-24	0	0	0	0	0	0	0	0
2020-08-25	0	0	0	0	0	0	0	0
2020-08-26	0	0	0	0	0	0	0	0
2020-08-27	0	0	0	0	0	0	0	0
2020-08-28	0	0	0	0	0	0	0	0
2020-08-29	0	0	0	0	0	0	0	0
2020-08-30	0	0	0	0	0	0	0	0
2020-08-31	0	0	0	0	0	0	0	0
2020-09-01	0	0	0	0	0	0	0	0
2020-09-02	0	0	0	0	0	0	0	0
2020-09-03	0	0	0	0	0	0	0	0
2020-09-04	0	0	0	0	0	0	0	0
2020-09-05	0	0	0	0	0	0	0	0
2020-09-06	0	0	0	0	0	0	0	0
2020-09-07	0	0	0	0	0	0	0	0
2020-09-08	0	0	0	0	0	0	0	0
2020-09-09	0	0	0	0	0	0	0	0
2020-09-10	0	0	0	0	0	0	0	0
2020-09-11	0	0	0	0	0	0	0	0
2020-09-12	0	0	0	0	0	0	0	0
2020-09-13	0	0	0	0	0	0	0	0
2020-09-14	0	0	0	0	0	0	0	0
2020-09-15	0	0	0	0	0	0	0	0
2020-09-16	0	0	0	0	0	0	0	0
2020-09-17	0	0	0	0	0	0	0	0
2020-09-18	0	0	0	0	0	0	0	0
2020-09-19	0	0	0	0	0	0	0	0
2020-09-20	0	0	0	0	0	0	0	0
2020-09-21	0	0	0	0	0	0	0	0
2020-09-22	0	0	0	0	0	0	0	0
2020-09-23	0	0	0	0	0	0	0	0
2020-09-24	0	0	0	0	0	0	0	0
2020-09-25	0	0	0	0	0	0	0	0
2020-09-26	0	0	0	0	0	0	0	0
2020-09-27	0	0	0	0	0	0	0	0
2020-09-28	0	0	0	0	0	0	0	0
2020-09-29	0	0	0	0	0	0	0	0
2020-09-30	0	0	0	0	0	0	0	0
2020-10-01	0	0	0	0	0	0	0	0
2020-10-02	0	0	0	0	0	0	0	0
2020-10-03	0	0	0	0	0	0	0	0
2020-10-04	0	0	0	0	0	0	0	0
2020-10-05	0	0	0	0	0	0	0	0
2020-10-06	0	0	0	0	0	0	0	0
2020-10-07	0	0	0	0	0	0	0	0
2020-10-08	0	0	0	0	0	0	0	0
2020-10-09	0	0	0	0	0	0	0	0
2020-10-10	0	0	0	0	0	0	0	0
2020-10-11	0	0	0	0	0	0	0	0
2020-10-12	0	0	0	0	0	0	0	0
2020-10-13	0	0	0	0	0	0	0	0
2020-10-14	0	0	0	0	0	0	0	0
2020-10-15	0	0	0	0	0	0	0	0
2020-10-16	0	0	0	0	0	0	0	0
2020-10-17	0	0	0	0	0	0	0	0
2020-10-18	0	0	0	0	0	0	0	0
2020-10-19	0	0	0	0	0	0	0	0
2020-10-20	0	0	0	0	0	0	0	0
2020-10-21	0	0	0	0	0	0	0	0
2020-10-22	0	0	0	0	0	0	0	0
2020-10-23	0	0	0	0	0	0	0	0
2020-10-24	0	0	0	0	0	0	0	0
2020-10-25	0	0	0	0	0	0	0	0
2020-10-26	0	0	0	0	0	0	0	0
2020-10-27	0	0	0	0	0	0	0	0
2020-10-28	0	0	0	0	0	0	0	0
2020-10-29	0	0	0	0	0	0	0	0
2020-10-30	0	0	0	0	0	0	0	0
2020-10-31	0	0	0	0	0	0	0	0
2020-11-01	0	0	0	0	0	0	0	0
2020-11-02	0	0	0	0	0	0	0	0
2020-11-03	0	0	0	0	0	0	0	0
2020-11-04	0	0	0	0	0	0	0	0
2020-11-05	0	0	0	0	0	0	0	0
2020-11-06	0	0	0	0	0	0	0	0
2020-11-07	0	0	0	0	0	0	0	0
2020-11-08	0	0	0	0	0	0	0	0
2020-11-09	0	0	0	0	0	0	0	0
2020-11-10	0	0	0	0	0	0	0	0
2020-11-11	0	0	0	0	0	0	0	0
2020-11-12	0	0	0	0	0	0	0	0
2020-11-13	0	0	0	0	0	0	0	0
2020-11-14	0	0	0	0	0	0	0	0
2020-11-15	0	0	0	0	0	0	0	0
2020-11-16	0	0	0	0	0	0	0	0
2020-11-17	0	0	0	0	0	0	0	0
2020-11-18	0	0	0	0	0	0	0	0
2020-11-19	0	0	0	0	0	0	0	0
2020-11-20	0	0	0	0	0	0	0	0
2020-11-21	0	0	0	0	0	0	0	0
2020-11-22	0	0	0	0	0	0	0	0
2020-11-23	0	0	0	0	0	0	0	0
2020-11-24	0	0	0	0	0	0	0	0
2020-11-25	0	0	0	0	0	0	0	0
2020-11-26	0	0	0	0	0	0	0	0
2020-11-27	0	0	0	0	0	0	0	0
2020-11-28	0	0	0	0	0	0	0	0
2020-11-29	0	0	0	0	0	0	0	0
2020-11-30	0	0	0	0	0	0	0	0
2020-12-01	0	0	0	0	0	0	0	0
2020-12-02	0	0	0	0	0	0	0	0
2020-12-03	0	0	0	0	0	0	0	0
2020-12-04	0	0	0	0	0	0	0	0
2020-12-05	0	0	0	0	0	0	0	0
2020-12-06	0	0	0	0	0	0	0	0
2020-12-07	0	0	0	0	0	0	0	0
2020-12-08	0	0	0	0	0	0	0	0
2020-12-09	0	0	0	0	0	0	0	0
2020-12-10	0	0	0	0	0	0	0	0
2020-12-11	0	0	0	0	0	0	0	0
2020-12-12	0	0	0	0	0	0	0	0
2020-12-13	0	0	0	0	0	0	0	0
2020-12-14	0	0	0	0	0	0	0	0
2020-12-15	0	0	0	0	0	0	0	0
2020-12-16	0	0	0	0	0	0	0	0
2020-12-17	0	0	0	0	0	0	0	0
2020-12-18	0	0	0	0	0	0	0	0
2020-12-19	0	0	0	0	0	0	0	0
2020-12-20	0	0	0	0	0	0	0	0
2020-12-21	0	0	0	0	0	0	0	0
2020-12-22	0	0	0	0	0	0	0	0
2020-12-23	0	0	0	0	0	0	0	0
2020-12-24	0	0	0	0	0	0	0	0
2020-12-25	0	0	0	0	0	0	0	0
2020-12-26	0	0	0	0	0	0	0	0
2020-12-27	0	0	0	0	0	0	0	0
2020-12-28	0	0	0	0	0	0	0	0
2020-12-29	0	0	0	2.9068774540785824e-6	5.167668085181987e-5	1.5628892329644373e-4	5.892891343939333e-5	9.29908172071503e-5
2020-12-30	0	0	0	2.180174726529316e-5	1.0336003838506969e-4	2.6241535051751974e-4	5.714653086008603e-5	2.1844745565768875e-4
2020-12-31	0	0	0	1.744175905993295e-5	9.536294066880835e-5	1.8040998736856828e-4	4.107625136784421e-5	2.9205339107996053e-4
2021-01-01	0	0	0	1.8895575419675126e-5	7.935504012279715e-5	1.7761194408105752e-4	4.6435992901550094e-5	3.63556887753802e-4
2021-01-02	0	0	0	1.3081780386947628e-5	4.732518940286923e-5	9.483560006362524e-5	2.5005023331470255e-5	2.4461693998856227e-4
2021-01-03	0	0	0	2.907092943482681e-6	8.73728724704037e-6	9.908926350332692e-6	1.7861073888791879e-6	0
2021-01-04	0	0	0	1.3081989552743423e-5	7.135625303300586e-5	1.075863221757789e-4	1.7861177569855613e-5	5.45691967047679e-4
2021-01-05	0	0	0	4.21539352744027e-5	2.454063240688864e-4	3.5962616160412075e-4	1.2146132271873e-4	0.015558447475970016
2021-01-06	0	0	0	1.2210864191675164e-4	3.4089344923660114e-4	5.276163888721097e-4	1.3040843309819472e-4	0.020100745944920062
2021-01-07	0	0	0	9.595359340819343e-5	3.162335295070484e-4	5.959290948340801e-4	1.4471915792402257e-4	0.017876450665181398
2021-01-08	0	0	0	7.269866912951173e-5	2.376099364325146e-4	4.544646513005013e-4	1.375921992212703e-4	0.009895525824539009
2021-01-09	0	0	0	6.83416428004513e-5	1.778826284364321e-4	4.01467274709022e-4	1.8765389336006244e-4	0.011201405017391641
2021-01-10	0	0	0	8.870524161452842e-5	3.4928110522503e-4	5.499534328903266e-4	1.7338837106040117e-4	0.00974859152239782
2021-01-11	0	0	0	2.210629352565885e-4	7.156490083917166e-4	0.0013720169835951257	3.8618944024637614e-4	0.00928544243931051
2021-01-12	0	0	1.506226552372425e-6	1.7019574359622425e-4	6.124810864889252e-4	0.0011590786512343243	3.720284705506227e-4	0.03553296575258602
2021-01-13	0	0	0	3.026317338334916e-4	9.869445956056655e-4	0.001660396559866495	4.5448242822332396e-4	0.02658064057600118
2021-01-14	0	0	0	1.353466020639349e-4	7.63382807970503e-4	0.0010204102306632379	3.2041973400454005e-4	0.005830805235871095
2021-01-15	0	0	0	0	0	0	0	0
2021-01-16	0	0	0	1.4554880816142202e-6	4.389775481339342e-6	7.136211546132643e-7	0	0
2021-01-17	0	0	0	5.821967155483776e-6	2.4875630991516573e-5	4.49586621213971e-5	5.371461158309998e-6	0
2021-01-18	0	0	0	1.164401904985013e-5	2.6339568251598777e-5	4.353334467377401e-5	3.5809917378060163e-6	0
2021-01-19	0	0	0	1.3245625955859985e-4	3.38791500959168e-4	3.925651062426372e-4	1.1638593047202939e-4	0.0018995184736678716
2021-01-20	0	0	0	3.6687204044927313e-4	0.0012900539438220893	0.0022045107718919876	9.278025103960363e-4	0.011091765994875713
2021-01-21	0	0	0	4.0924590317792386e-4	0.0012506539481389467	0.0020145483530009667	8.031437664299812e-4	0.008380281062507766
2021-01-22	0	0	0	7.284323918810287e-5	3.258246908672824e-4	5.234676739023225e-4	1.1839510069910908e-4	0.001992791281132611
2021-01-23	0	0	0	6.702056440488491e-5	3.053751176720354e-4	4.0534983272344505e-4	9.687966743654464e-5	0.0014040565388726556
2021-01-24	0	0	0	2.9141052896974884e-5	1.0646806341951809e-4	1.2056908619584306e-4	1.4353637750375015e-5	1.2017959021770608e-4
2021-01-25	0	0	0	1.2968472418650734e-4	4.876486886875586e-4	6.166320301690398e-4	1.5251485808454035e-4	4.886598967441813e-4
2021-01-26	0	0	0	3.454036384227255e-4	0.0010604234465578788	0.0016345292853072735	3.8226454401346643e-4	0.001239473421343229
2021-01-27	0	0	0	4.7820800982156797e-4	0.001670925512275545	0.0024084157860968514	7.18202505983756e-4	0.006821994395687092
2021-01-28	0	0	0	8.256668961139635e-4	0.002325607466781676	0.0034360696590001183	0.0013262374506708419	0.04503037872559745
2021-01-29	0	0	0	9.621600830445054e-4	0.0027221392482377205	0.0035102529151112005	0.0017852647260785393	0.05139285872033872
2021-01-30	0	0	0	8.987690606530041e-4	0.0022973615529928715	0.0033298655213251926	0.002556976241250508	0.044965544667767254
2021-01-31	0	0	0	4.4315593380228613e-4	0.0011936913589856157	0.0015370952159270423	6.125621458312747e-4	0.017858686686369474
2021-02-01	0	0	0	7.1702160319842e-4	0.001894087646574949	0.002547432711278441	8.534629828391704e-4	0.008854831481544867
2021-02-02	0	0	0	0.0010500329682823217	0.002950078263129541	0.0042811061467198375	0.001938745349156834	0.03382434961267866
2021-02-03	0	0	0	0.0013620389350312845	0.0034583510840062726	0.0048311594564938165	0.002995267038888638	0.06164824202169461
2021-02-04	0	0	0	0.0011245234326697773	0.0028880405116396	0.004304106300722754	0.0042156199377696435	0.03426204594227822
2021-02-05	0	0	0	0.0014183632771491705	0.0035865376252379733	0.005089663689507029	0.005298729700549343	0.04760733720261445
2021-02-06	0	0	0	0.0014233227258477754	0.0035042640525377866	0.004299264947960069	0.0035607584466659237	0.06994141663602527
2021-02-07	0	0	0	7.589800318921203e-4	0.001692763739596037	0.001950595741955441	0.0014006042744465486	0.01977405547290534
2021-02-08	0	0	0	0.001301008861958497	0.002719322375522637	0.002929700798330215	0.0019860318233604346	0.019465944106707544
2021-02-09	0	0	0	0.0014149945385717455	0.003277099490444302	0.003792614295640817	0.003518956882325286	0.05613364805882459
2021-02-10	0	0	0	0.0016152821316772759	0.0037087890792197875	0.004329029035269327	0.005403580336067693	0.07103936676388822
2021-02-11	0	0	0	0.0019143552848057688	0.004351501715149642	0.005150444712515023	0.008762757241516539	0.0781738692171916
2021-02-12	0	0	1.5062288210021535e-6	0.0020249681924853213	0.004292707547231878	0.0059023960925495	0.014705658330170568	0.12698489381041989
2021-02-13	0	0	1.506231089631882e-6	0.0017492870838509145	0.003434769680587424	0.004347888792057164	0.021205003907557085	0.185439529317855
2021-02-14	0	0	0	9.713526061270183e-4	0.0018167729683513656	0.002209610009845875	0.005017559080263245	0.02999936657662783
2021-02-15	0	0	0	0.0011527907103006108	0.0022986692403055287	0.0027615576116810647	0.0064742215441073725	0.04992383778738074
2021-02-16	0	0	0	0.0013617246505441827	0.0029208824315176685	0.0037675553043072796	0.010638441729193593	0.07303127162671319
2021-02-17	0	0	0	0.0012917908347751528	0.002522402343811958	0.0035810262477076193	0.015259589108476579	0.08498352442131751
2021-02-18	0	0	0	0.0013952974789490646	0.002943897522268424	0.00444220576306642	0.020668586265368383	0.10336269539124232
2021-02-19	0	0	0	0.001548724127995671	0.0033910219689254895	0.005071900812166241	0.03007978386042054	0.2092483611693543
2021-02-20	0	0	0	0.001409928608980815	0.0031652407609579214	0.005612273553939895	0.04455747747790606	0.23053378391450519
2021-02-21	0	0	0	9.336496624026136e-4	0.0019474089765669778	0.0032151197060814596	0.022761940940052128	0.1063214883376129
2021-02-22	0	0	0	7.915315466706652e-4	0.0018387547691811612	0.002766658575617864	0.020439091747523896	0.10476612660152074
2021-02-23	0	0	0	7.605264473200535e-4	0.001547824595021119	0.0029840398464826556	0.02732597838131734	0.08761870174802988
2021-02-24	0	0	0	0.00104150620002752	0.0023671166656247244	0.004436313877137943	0.05873766351218079	0.14675871612431424
2021-02-25	0	0	0	0.0010923966093654425	0.002604584048286007	0.005032590049901531	0.05683683284620611	0.14496179587000224
2021-02-26	0	0	0	0.0012552639046528036	0.00285265791338718	0.005538199917900943	0.05918634743352902	0.12828591674170076
2021-02-27	0	0	0	0.0011479142823085375	0.002670931525710518	0.0066285940699379875	0.10240867812919707	0.11022232269822863
2021-02-28	0	0	0	6.20716033586044e-4	0.001332974223096306	0.0028436261695250487	0.03964935391289037	0.04957390881054291
2021-03-01	0	3.818269464828106e-6	0	7.604971987333897e-4	0.00163059305263058	0.003521443155593884	0.04374106911196507	0.07157844977660321
2021-03-02	0	0	0	7.413632013257843e-4	0.001721034243151287	0.0041625698300507	0.06626686026535977	0.09130490915775202
2021-03-03	0	0	1.5062333584836551e-6	0.001092483341486039	0.002358175637949822	0.0062149147613359546	0.09618092378539833	0.13624164954941875
2021-03-04	0	0	0	0.0011027946655703946	0.002718877131609787	0.006913215860433919	0.11729909674120065	0.13482642164015313
2021-03-05	0	0	0	0.0013702220158813283	0.00311977255397089	0.0088288597888124265	0.13327956366940175	0.1396834664561324
2021-03-06	0	0	0	0.001429991704148037	0.00299605655123103	0.00788223933354204	0.18737978396485166	0.09795532569438392
2021-03-07	0	0	0	4.574091187912188e-4	0.001053377443883674	0.0021195673723335418	0.051330023662062185	0.01748641265281181
2021-03-08	0	0	0	8.51254074580865e-4	0.0016154217843173946	0.0034825102008710918	0.05474151782348491	0.035838906151280936
2021-03-09	0	0	0	0.0014339158009202269	0.002985270385219785	0.011921247029519577	0.1078021851723805	0.04900228570066201
2021-03-10	0	0	0	0.0020862495258353597	0.004981066128588729	0.021508539848871244	0.1129815458774297	0.058053409968970016
2021-03-11	0	0	0	0.001705737633663107	0.004352835097604757	0.014756866732865026	0.09805829733041427	0.04989781018413342
2021-03-12	0	0	0	0.0018361303899872006	0.004374352807282156	0.015351148586812524	0.07769063411770216	0.04405322838100578
2021-03-13	0	0	0	0.0017794973022433602	0.004677602159808503	0.016435214503342177	0.08155615511342695	0.025665970862117415
2021-03-14	0	0	0	5.699116059600939e-4	0.0015126582869804395	0.0031898020837575203	0.03570315024678883	0.006870511544635471
2021-03-15	0	0	0	7.012598618318933e-4	0.0016095154737134632	0.003513592304482227	0.05002018970498723	0.021578369963483945
2021-03-16	0	0	0	0.0015055991594694618	0.0038682307129955795	0.0128819341206301	0.06758508575724531	0.03383671949590972
2021-03-17	0	0	0	0.002684364791885052	0.006467010232154902	0.021043154266721542	0.10140886321469611	0.05063536777095945
2021-03-18	0	0	1.5062356271133837e-6	0.0027303555450057804	0.006770624392471891	0.021075311784396478	0.07908706463947102	0.04872503655413252
2021-03-19	0	0	0	0.0029866278896955034	0.007488022192785326	0.025167488286622408	0.10092517054272432	0.055816770883928335
2021-03-20	0	0	0	0.0028489643333882153	0.007398032913666253	0.021742117414128348	0.11465891567950237	0.03943693792353398
2021-03-21	0	0	0	7.545162870283839e-4	0.0019355656858541792	0.008023372784616845	0.03368187447091531	0.007539179021113229
2021-03-22	0	0	0	8.379596052332516e-4	0.0021579033619154586	0.007913700476817276	0.02559541926261444	0.016055623039294975
2021-03-23	0	0	0	7.588491270438258e-4	0.002332094803330298	0.010034565457851308	0.03592896459873307	0.027933938658696977
2021-03-24	0	0	0	0.0012794458819349597	0.004306201536234067	0.01540649548062456	0.03292658833862716	0.035619785947682114
2021-03-25	0	0	0	0.0016732579271587777	0.00578838968614348	0.023013503072411456	0.0688164376542475	0.0637493789508885
2021-03-26	0	0	0	0.0023770638317404114	0.00692378690969897	0.02380314126598493	0.0761136542567229	0.05936717102579392
2021-03-27	0	0	0	0.0032243693029572196	0.009320779232135035	0.032924284438079265	0.0929923192972677	0.04467638135724261
2021-03-28	0	0	0	8.717900537387191e-4	0.002510141146059519	0.01083165450091017	0.021109559343222006	0.011543851696084406
2021-03-29	0	0	0	0.0012488767256570998	0.0028780050709849014	0.014962278212965696	0.0519257415795642	0.024877038509730776
2021-03-30	0	0	0	0.0011221928752140897	0.00312117672607104	0.018282510741047586	0.03707226997434776	0.03558475383433457
2021-03-31	0	0	0	0.0012217264005738304	0.003223030374199354	0.014731355735567275	0.03507926289848795	0.0361220886022835
2021-04-01	0	0	0	9.486846260677861e-4	0.0018427793236328593	0.011316735048403137	0.01920642474615497	0.02603837763448902
2021-04-02	0	0	1.5062378959651568e-6	0.001810636428555501	0.0047126367790699675	0.028174646882993093	0.05615869663310313	0.052586739634060686
2021-04-03	0	0	0	0.003925870807420573	0.009501284725596637	0.058663929112081625	0.08852627873285801	0.044103994233016364
2021-04-04	0	0	0	0.0012841585055398674	0.0035464216980618524	0.02765795613564248	0.02188988330422803	0.012109092135733857
2021-04-05	0	0	0	0.0016553930855573995	0.004737250496891665	0.03873095118066194	0.05047042664023027	0.0287194398454651
2021-04-06	0	0	0	0.00184887196670247	0.004861965291943049	0.04488136150833921	0.030705899565588224	0.03572555446856973
2021-04-07	0	0	0	0.001956679843889253	0.00505746382206107	0.050065440684277984	0.037882476825256584	0.028211529958952486
2021-04-08	0	0	0	0.0025865491022745157	0.006229962230222652	0.06163046705731512	0.04196022134215194	0.04701216320141155
2021-04-09	0	0	1.5062401645948853e-6	0.0022931182569849717	0.006301135333485863	0.07435958688100675	0.040298303539757274	0.046928902515559257
2021-04-10	0	0	1.5062424334466584e-6	0.003411357769502521	0.008156675690889736	0.116362034084184	0.04652639167700068	0.03306012826614513
2021-04-11	0	0	0	0.0012906553689473466	0.003684532623679848	0.04583471794479155	0.014965412148139956	0.006507762885687107
2021-04-12	0	0	0	0.0010763367830248782	0.0029585552391868664	0.03385423316625635	0.014919486327251485	0.017993939493627042
2021-04-13	0	0	0	0.0015522343334983812	0.004350001756233901	0.04287030088902588	0.019366896927453636	0.027402548306591168
2021-04-14	0	0	0	0.002589035790640848	0.005446772029684244	0.04691383768918844	0.024177581875886478	0.03149803149704722
2021-04-15	0	0	0	0.0025924890782331733	0.007021831171793114	0.05864079225785512	0.026175197331809397	0.04599745136772038
2021-04-16	0	0	1.5062447022984315e-6	0.002653277600399351	0.008044465154889435	0.07064742736517382	0.023767926754482582	0.0436037412604342
2021-04-17	0	0	1.50624697092816e-6	0.00297074799472008	0.008925660129742052	0.08641627264917262	0.02630732004237024	0.04800291145111335
2021-04-18	0	0	0	0.001696674880824034	0.005235950092882691	0.053473337404641	0.012025218434439378	0.014885906024115991
2021-04-19	0	0	0	0.0015494907963702342	0.0051973292116866965	0.04075424657192883	0.016731412263223833	0.0216222568418194
2021-04-20	0	0	0	0.0016922858336991808	0.00507530977261772	0.0363587430166008	0.01830628642452603	0.044075403896912446
2021-04-21	0	0	0	0.00227266222080047	0.006216863428500696	0.038160578255550526	0.020226011077049577	0.050817964129034054
2021-04-22	0	0	1.5062492397799332e-6	0.001967674754177695	0.004532779239755591	0.02876842050671291	0.0166853117239254	0.03909171802386924
2021-04-23	0	0	0	0.001149144795768553	0.0031064069827946295	0.020011763500979995	0.00887342868938057	0.01304590461148103
2021-04-24	0	0	0	9.75859181942651e-4	0.0027077145592508955	0.01618106247909612	0.004778979350645862	0.01707244208027081
2021-04-25	0	0	0	7.188343136115272e-4	0.0018963541596095368	0.011358762910422593	0.0048706103962314895	0.008231379021202523
2021-04-26	0	0	0	2.3808998637098178e-4	0.0011994917911193337	0.005034474336755412	0.0031007236438111985	0.0021807879127726526
2021-04-27	0	0	0	5.079695083718416e-4	0.002815338485862906	0.010774250968225818	0.006433442814257173	0.019756822855057532
2021-04-28	0	0	0	8.365614359557849e-4	0.003383247498492503	0.013947594934826668	0.012061953103581935	0.052379302466295075
2021-04-29	0	0	0	7.872164366198309e-4	0.0032711301266346027	0.01495936596812486	0.013554692005132818	0.05479189121930572
2021-04-30	0	0	1.5062515086317063e-6	5.457775157002853e-4	0.0034798661278891974	0.015539852055695746	0.015105902360023515	0.05899222635579249
2021-05-01	0	0	0	5.343842986407221e-4	0.00554807839106175	0.02576748561076303	0.014899816848783054	0.052915194320922954
2021-05-02	0	0	0	1.5871524213406651e-4	0.001747618626179337	0.008665034884940859	0.004488682786775833	0.01676475507117936
2021-05-03	0	0	0	1.1195247208606318e-4	7.383803951863666e-4	0.0031989151983640163	0.004508921932701249	0.018763741056579075
2021-05-04	0	0	0	1.7212789803133788e-4	0.001314888196362718	0.008873748278707128	0.006388606004362751	0.02670656856327458
2021-05-05	0	0	0	3.343000198858803e-4	0.0011236577736555287	0.017092126251697426	0.007103755643480092	0.03767716711191138
2021-05-06	0	0	0	2.9427944333138e-4	0.0021723223283205417	0.029345447898498023	0.007456389286448095	0.04355109760251907
2021-05-07	0	0	0	4.0309176810127134e-4	0.001689177430411748	0.03379003913890943	0.005916499480562498	0.03437908159907255
2021-05-08	0	0	1.5062537772614348e-6	3.3464514463354966e-4	0.0034141484057317317	0.0530549947693435	0.007174774107779225	0.03899533887379003
2021-05-09	0	0	0	2.9625724329451764e-4	0.0013511299182134007	0.027188759572135623	0.0027645536175777696	0.007632291500242028
2021-05-10	0	0	0	9.207991369453161e-5	4.9700718900203e-4	0.03168977797667738	0.004159770323979961	0.017522678722673213
2021-05-11	0	0	0	1.9590221177878675e-4	0.0012694681441256517	0.028051624259072483	0.005261538054088799	0.03872722216135638
2021-05-12	0	0	0	3.935753469015424e-4	0.00382208159588604	0.03416900159895797	0.00942171052910945	0.05162644050827869
2021-05-13	0	0	0	3.652450900384352e-4	0.0026491595409958713	0.03388247545240208	0.007306319226351388	0.044861106369878945
2021-05-14	0	0	1.506256046113208e-6	2.731895860472733e-4	0.004853393110344051	0.031094866412086475	0.0077565688569143365	0.025405661584402495
2021-05-15	0	0	0	3.9901186283808343e-4	0.0049592054383176265	0.04411708304650963	0.0076573624061555545	0.032851254870730484
2021-05-16	0	0	0	2.851141099848853e-4	0.003402995211773563	0.016148453625364656	0.002890174920366917	0.017346381404487632
2021-05-17	0	0	0	1.4930311951077968e-4	0.0015651237623852676	0.01650439119907321	0.00443004108146372	0.024757806667785154
2021-05-18	0	0	0	4.3794096124494253e-4	0.005649699537043196	0.018300174540188507	0.005340895636142484	0.03361583949964997
2021-05-19	0	0	1.506258314964981e-6	5.489402576903668e-4	0.008206015931457644	0.01657635097903931	0.007651947141035675	0.03668310404978725
2021-05-20	0	0	0	7.037956892492758e-4	0.007638709953053491	0.019503290360421532	0.00795753683687006	0.03512468342869646
2021-05-21	0	0	1.5062605838167542e-6	4.8406860364424986e-4	0.006131076748196573	0.023266712350565655	0.007772799903876582	0.02927233361122661
2021-05-22	0	0	0	4.069412104565906e-4	0.009442724703146332	0.015836979581324906	0.0052468390796451825	0.018662927609932156
2021-05-23	0	0	0	1.1606748240478026e-4	0.004914180538498014	0.010908615135387212	0.002677377371678613	0.013716859298049888
2021-05-24	0	0	0	3.701058755467557e-5	0.0051172035258408854	0.008537894755831665	0.0014257261482761852	0.006406850419214294
2021-05-25	0	0	0	8.411907563599108e-5	0.006532260322319461	0.009495236223562076	0.0036133724183073923	0.02591902188524542
2021-05-26	0	0	0	1.884474959172877e-4	0.00878177558675497	0.009697827285498617	0.0042174565090340455	0.029960084484969896
2021-05-27	0	0	0	6.328347113411237e-4	0.00832638053067214	0.010416308159524323	0.00567737613946484	0.04825524081802013
2021-05-28	0	0	0	5.776509012396236e-4	0.007976105897463892	0.014485666339095982	0.004344775433825276	0.026395878086044045
2021-05-29	0	0	0	5.30796081288587e-4	0.013081608745272755	0.0211011066531972	0.006163342852625986	0.024631481633431207
2021-05-30	0	0	0	2.849100124500126e-4	0.006400892666313274	0.010815684213642651	0.002667757905230994	0.012586657429221049
2021-05-31	0	0	0	4.03046801788598e-4	0.005678047331244773	0.010981682472993803	0.001984255853564987	0.021718944657685313
2021-06-01	0	0	0	0.0015103441730457412	0.01013129689462211	0.013373673470622016	0.0046710846179078835	0.031415565609471896
2021-06-02	0	0	0	0.002087558848312243	0.01494976359107092	0.014477699955691481	0.007740673952755239	0.03379763436533678
2021-06-03	0	0	0	0.002893705337801755	0.017686762581430093	0.014648945152232917	0.006045353879705617	0.051993443978599396
2021-06-04	0	0	1.5062628526685273e-6	0.0016187450925100322	0.018031952828991393	0.01736658616662079	0.0082903739144633	0.05034116044799397
2021-06-05	1.6287507075052332e-5	0	0	0.0017779618802569175	0.025101227583345542	0.02385489172497457	0.006667129693992857	0.051430504979851355
2021-06-06	0	0	0	8.571298728086152e-4	0.00858874486207406	0.008275759242084124	0.0020559124073489254	0.011377581138790838
2021-06-07	0	0	0	6.480549993621576e-4	0.008507025133993373	0.009208552930092484	0.003943009480896764	0.03639675470882531
2021-06-08	0	0	1.5062651215203005e-6	0.0014252158302083817	0.014692730442279034	0.011154616294076769	0.00594087454919312	0.04819985410293359
2021-06-09	0	0	1.5062673903720736e-6	0.00357260565780515	0.03029690255284878	0.01645704025279726	0.010334112575563603	0.08017857973344666
2021-06-10	0	0	0	0.0032058013310949374	0.030326459596979216	0.016264186077960208	0.009523863643129404	0.0790829063647347
2021-06-11	0	0	0	0.0020654299107139007	0.021569457510531853	0.015040496605077669	0.006374297374418969	0.06405083753114393
2021-06-12	0	0	0	7.517449022773626e-4	0.0189045322159469	0.016283520241325622	0.007253476259257541	0.03620208724205365
2021-06-13	0	0	1.5062696592238467e-6	8.282474123033623e-4	0.011545541745650478	0.005662048929348407	0.0020580949368222967	0.01634586660621884
2021-06-14	0	0	0	4.8177605106469734e-4	0.00852823114946033	0.0053186595559993055	0.002718984919832801	0.0333754061478313
2021-06-15	0	0	0	0.0014567456114666921	0.018021652581182268	0.008341151172305938	0.0062103184512458665	0.06967324807607911
2021-06-16	0	0	0	0.0026069875200944725	0.024194727682150807	0.009692708255080396	0.008146673372572799	0.05320102560147211
2021-06-17	0	0	0	0.0023619920295285812	0.026262381364865917	0.02404726577343763	0.016749511293869146	0.10818939414616535
2021-06-18	0	0	0	0.001304346830612202	0.0259283107986803	0.012378013493956397	0.0074773877378258025	0.08865210545180768
2021-06-19	0	0	0	0.001124893759546719	0.021075618505060678	0.013066919122559417	0.008318078858976063	0.04456429060955269
2021-06-20	0	0	0	7.007250627539818e-4	0.013612231403810737	0.007464508925822955	0.004041503427641535	0.014235056370589083
2021-06-21	0	0	0	8.338123464834979e-4	0.007709737733820221	0.004408815686714362	0.0021763868542763465	0.010820638460648846
2021-06-22	0	0	0	2.6882025559848977e-4	0.007854585948537496	0.005172593958888916	0.0034711056831029374	0.03299951472021512
2021-06-23	1.6287772362399977e-5	0	0	0.0033847461780800447	0.016769753417980038	0.006654401179429614	0.004878177452511956	0.10818939414616535
2021-06-24	0	0	0	0.0017876988881699862	0.01746040315184949	0.008100976990696118	0.00550317475026918	0.09467795351013275
2021-06-25	0	0	0	0.0018910275692660683	0.021272982169491916	0.006304141680498754	0.0047277822946287795	0.04684490763922833
2021-06-26	0	0	0	0.004589211030014528	0.032518365296118956	0.010160326615925586	0.007078952280606954	0.11495409651318367
2021-06-27	0	0	0	0.0025717936253282225	0.015171973062830801	0.005093087272700414	0.003968964603515479	0.061040783943598464
2021-06-28	0	0	0	0.001794798900690786	0.012154778123178112	0.004638339063592456	0.0028600627502728404	0.05901008233810856
2021-06-29	0	0	0	0.0021123585044877657	0.012394677822003208	0.0038258454762956084	0.0025607549361199577	0.07549910270124749
2021-06-30	0	0	0	0.003772721976815774	0.022154584547999567	0.006827837779741497	0.005137962554787157	0.07472945624084648
2021-07-01	0	0	3.0125449905771262e-6	0.003969395650822438	0.026002322209974338	0.005531226211600293	0.005267923932656737	0.2534720980670775
2021-07-02	0	0	3.0125540659842187e-6	0.004615470108997988	0.02951605767753951	0.00633230499491777	0.005607778834129329	0.18808971857750967
2021-07-03	0	0	0	0.012823174316860309	0.034112769574231816	0.008520158963512658	0.0038623173391840737	0.3529894723588074
2021-07-04	0	0	0	0.004378995047017886	0.018608013884769514	0.003697749177564047	0.0019901023546511354	0.10442084338768609
2021-07-05	0	0	0	0.0034605907457765372	0.01467468960010887	0.0037569162925348287	0.0014691223977358892	0.198533092486036
2021-07-06	0	0	0	0.006796366709352242	0.016396499519829577	0.004501058325329099	0.0033645276689258097	0.3575401318130629
2021-07-07	0	0	0	0.00986587744701839	0.018089095166015534	0.005828228859883211	0.004432021486791671	0.5616100955438477
2021-07-08	0	0	1.5062810034827123e-6	0.015054463551611663	0.021093966220056437	0.005389541668402442	0.00360303371073023	1.4836022205056778
2021-07-09	0	0	1.4495506337475206e-6	0.008515627685310667	0.044045949266816375	0	0	0
2021-07-10	0	0	1.703922562157345e-6	0.010099759992852286	0.054273614816032545	0	0	0
2021-07-11	0	0	1.6409818761609074e-6	0.00982498114392194	0.05523885332447742	0	0	0
2021-07-12	0	0	1.6149135311227525e-6	0.009764440549362652	0.05752661611777632	0	0	0
2021-07-13	0	0	1.36146334739351e-6	0.00830990614955951	0.05133255531325154	0	0	0
2021-07-14	0	0	1.0968866968052993e-6	0.006748355820378915	0.0434780085539328	0	0	0
2021-07-15	0	0	9.152788034150205e-7	0.005667706722134458	0.037855995769249695	0	0	0
2021-07-16	0	0	8.417660988246922e-7	0.005241596993650788	0.0361563252503756	0	0	0
2021-07-17	0	0	1.0335951305950886e-6	0.006471954106205491	0.046162227503496744	0	0	0
2021-07-18	0	0	9.830490168560857e-7	0.006195050964745263	0.04600196869764139	0	0	0
2021-07-19	0	0	1.2627403653819869e-6	0.008010792101251996	0.06215912392989531	0	0	0
2021-07-20	0	0	1.3150905291414716e-6	0.008410969544259794	0.06907697436258142	0	0	0
2021-07-21	0	0	1.1271952082836378e-6	0.007268172269521811	0.06342824215968923	0	0	0
2021-07-22	0	0	1.0964512611177923e-6	0.007121331923049645	0.06584640228514749	0	0	0
2021-07-23	0	0	8.323196583059911e-7	0.005442234911231747	0.05327518434370937	0	0	0
2021-07-24	0	0	7.844806368950685e-7	0.0051570905598448125	0.052995224572771615	0	0	0
2021-07-25	0	0	6.964777743423411e-7	0.004601629691454834	0.04960373595782541	0	0	0
2021-07-26	0	0	9.278010157931504e-7	0.006160687590786695	0.06984034703240649	0	0	0
2021-07-27	0	0	9.996528675948468e-7	0.006679735647061369	0.0810235780207631	0	0	0
2021-07-28	0	0	9.255835797805645e-7	0.00960611788518162	0.07007264364706689	0	0	0
2021-07-29	0	0	6.768839513338065e-7	0.004594989998185195	0	0	0	0
2021-07-30	0	0	5.903698601095186e-7	0.004025596418596233	0	0	0	0
2021-07-31	0	0	5.385568124793849e-7	0.003686808377514117	0	0	0	0
2021-08-01	0	0	4.6767125416735666e-7	0.003212999386959847	0	0	0	0
2021-08-02	0	0	7.235658670001754e-7	0.004989274186781856	0	0	0	0
2021-08-03	0	0	6.596265902381049e-7	0.004570683675303888	0	0	0	0
2021-08-04	0	0	6.57284173533057e-7	0.004575343466212578	0	0	0	0
2021-08-05	0	0	5.964410572101286e-7	0.004170451672459219	0	0	0	0
2021-08-06	0	0	4.67821554162029e-7	0.003284069289350988	0	0	0	0
2021-08-07	0	0	4.340093036070414e-7	0.0030565649514329163	0	0	0	0
2021-08-08	0	0	3.298936519513518e-7	0.002330010606192312	0	0	0	0
2021-08-09	0	0	7.013132015121215e-7	0.004968153030599609	0	0	0	0
2021-08-10	0	0	7.020318562034333e-7	0.004998078172479659	0	0	0	0
2021-08-11	0	0	5.766716288935214e-7	0.004125275923551497	0	0	0	0
2021-08-12	0	0	4.7430419014560243e-7	0.003406406318689381	0	0	0	0
2021-08-13	0	0	3.471616243366782e-7	0.0025012281139331627	0	0	0	0
2021-08-14	0	0	3.2352707557414817e-7	0.0023366902568187076	0	0	0	0
2021-08-15	0	0	2.7541604397107733e-7	0.0019936905966093654	0	0	0	0
2021-08-16	0	0	5.793881854287974e-7	0.004204792230328103	0	0	0	0
2021-08-17	0	0	6.546251605232811e-7	0.004771522555128582	0	0	0	0
