2020-02-17	0	0	0	0	0	0	0	0
2020-02-18	0	0	0	0	0	0	0	0
2020-02-19	0	0	0	0	0	0	0	0
2020-02-20	0	0	0	0	0	0	0	0
2020-02-21	0	0	0	0	0	0	0	0
2020-02-22	0	0	0	0	0	0	0	0
2020-02-23	0	0	0	0	0	0	0	0
2020-02-24	0	0	0	0	0	0	0	0
2020-02-25	0	0	0	0	0	0	0	0
2020-02-26	0	0	0	0	0	0	0	0
2020-02-27	0	0	0	0	0	0	0	0
2020-02-28	0	0	0	0	0	0	0	0
2020-02-29	0	0	0	0	0	0	0	0
2020-03-01	0	0	0	0	0	0	0	0
2020-03-02	0	0	0	0	0	0	0	0
2020-03-03	0	0	0	0	0	0	0	0
2020-03-04	0	0	0	0	0	0	0	0
2020-03-05	0	0	0	0	0	0	0	0
2020-03-06	0	0	0	0	0	0	0	0
2020-03-07	0	0	0	0	0	0	0	0
2020-03-08	0	0	0	0	0	0	0	0
2020-03-09	0	0	0	0	0	0	0	0
2020-03-10	0	0	0	0	0	0	0	0
2020-03-11	0	0	0	0	0	0	0	0
2020-03-12	0	0	0	0	0	0	0	0
2020-03-13	0	0	0	0	0	0	0	0
2020-03-14	0	0	0	0	0	0	0	0
2020-03-15	0	0	0	0	0	0	0	0
2020-03-16	0	0	0	0	0	0	0	0
2020-03-17	0	0	0	0	0	0	0	0
2020-03-18	0	0	0	0	0	0	0	0
2020-03-19	0	0	0	0	0	0	0	0
2020-03-20	0	0	0	0	0	0	0	0
2020-03-21	0	0	0	0	0	0	0	0
2020-03-22	0	0	0	0	0	0	0	0
2020-03-23	0	0	0	0	0	0	0	0
2020-03-24	0	0	0	0	0	0	0	0
2020-03-25	0	0	0	0	0	0	0	0
2020-03-26	0	0	0	0	0	0	0	0
2020-03-27	0	0	0	0	0	0	0	0
2020-03-28	0	0	0	0	0	0	0	0
2020-03-29	0	0	0	0	0	0	0	0
2020-03-30	0	0	0	0	0	0	0	0
2020-03-31	0	0	0	0	0	0	0	0
2020-04-01	0	0	0	0	0	0	0	0
2020-04-02	0	0	0	0	0	0	0	0
2020-04-03	0	0	0	0	0	0	0	0
2020-04-04	0	0	0	0	0	0	0	0
2020-04-05	0	0	0	0	0	0	0	0
2020-04-06	0	0	0	0	0	0	0	0
2020-04-07	0	0	0	0	0	0	0	0
2020-04-08	0	0	0	0	0	0	0	0
2020-04-09	0	0	0	0	0	0	0	0
2020-04-10	0	0	0	0	0	0	0	0
2020-04-11	0	0	0	0	0	0	0	0
2020-04-12	0	0	0	0	0	0	0	0
2020-04-13	0	0	0	0	0	0	0	0
2020-04-14	0	0	0	0	0	0	0	0
2020-04-15	0	0	0	0	0	0	0	0
2020-04-16	0	0	0	0	0	0	0	0
2020-04-17	0	0	0	0	0	0	0	0
2020-04-18	0	0	0	0	0	0	0	0
2020-04-19	0	0	0	0	0	0	0	0
2020-04-20	0	0	0	0	0	0	0	0
2020-04-21	0	0	0	0	0	0	0	0
2020-04-22	0	0	0	0	0	0	0	0
2020-04-23	0	0	0	0	0	0	0	0
2020-04-24	0	0	0	0	0	0	0	0
2020-04-25	0	0	0	0	0	0	0	0
2020-04-26	0	0	0	0	0	0	0	0
2020-04-27	0	0	0	0	0	0	0	0
2020-04-28	0	0	0	0	0	0	0	0
2020-04-29	0	0	0	0	0	0	0	0
2020-04-30	0	0	0	0	0	0	0	0
2020-05-01	0	0	0	0	0	0	0	0
2020-05-02	0	0	0	0	0	0	0	0
2020-05-03	0	0	0	0	0	0	0	0
2020-05-04	0	0	0	0	0	0	0	0
2020-05-05	0	0	0	0	0	0	0	0
2020-05-06	0	0	0	0	0	0	0	0
2020-05-07	0	0	0	0	0	0	0	0
2020-05-08	0	0	0	0	0	0	0	0
2020-05-09	0	0	0	0	0	0	0	0
2020-05-10	0	0	0	0	0	0	0	0
2020-05-11	0	0	0	0	0	0	0	0
2020-05-12	0	0	0	0	0	0	0	0
2020-05-13	0	0	0	0	0	0	0	0
2020-05-14	0	0	0	0	0	0	0	0
2020-05-15	0	0	0	0	0	0	0	0
2020-05-16	0	0	0	0	0	0	0	0
2020-05-17	0	0	0	0	0	0	0	0
2020-05-18	0	0	0	0	0	0	0	0
2020-05-19	0	0	0	0	0	0	0	0
2020-05-20	0	0	0	0	0	0	0	0
2020-05-21	0	0	0	0	0	0	0	0
2020-05-22	0	0	0	0	0	0	0	0
2020-05-23	0	0	0	0	0	0	0	0
2020-05-24	0	0	0	0	0	0	0	0
2020-05-25	0	0	0	0	0	0	0	0
2020-05-26	0	0	0	0	0	0	0	0
2020-05-27	0	0	0	0	0	0	0	0
2020-05-28	0	0	0	0	0	0	0	0
2020-05-29	0	0	0	0	0	0	0	0
2020-05-30	0	0	0	0	0	0	0	0
2020-05-31	0	0	0	0	0	0	0	0
2020-06-01	0	0	0	0	0	0	0	0
2020-06-02	0	0	0	0	0	0	0	0
2020-06-03	0	0	0	0	0	0	0	0
2020-06-04	0	0	0	0	0	0	0	0
2020-06-05	0	0	0	0	0	0	0	0
2020-06-06	0	0	0	0	0	0	0	0
2020-06-07	0	0	0	0	0	0	0	0
2020-06-08	0	0	0	0	0	0	0	0
2020-06-09	0	0	0	0	0	0	0	0
2020-06-10	0	0	0	0	0	0	0	0
2020-06-11	0	0	0	0	0	0	0	0
2020-06-12	0	0	0	0	0	0	0	0
2020-06-13	0	0	0	0	0	0	0	0
2020-06-14	0	0	0	0	0	0	0	0
2020-06-15	0	0	0	0	0	0	0	0
2020-06-16	0	0	0	0	0	0	0	0
2020-06-17	0	0	0	0	0	0	0	0
2020-06-18	0	0	0	0	0	0	0	0
2020-06-19	0	0	0	0	0	0	0	0
2020-06-20	0	0	0	0	0	0	0	0
2020-06-21	0	0	0	0	0	0	0	0
2020-06-22	0	0	0	0	0	0	0	0
2020-06-23	0	0	0	0	0	0	0	0
2020-06-24	0	0	0	0	0	0	0	0
2020-06-25	0	0	0	0	0	0	0	0
2020-06-26	0	0	0	0	0	0	0	0
2020-06-27	0	0	0	0	0	0	0	0
2020-06-28	0	0	0	0	0	0	0	0
2020-06-29	0	0	0	0	0	0	0	0
2020-06-30	0	0	0	0	0	0	0	0
2020-07-01	0	0	0	0	0	0	0	0
2020-07-02	0	0	0	0	0	0	0	0
2020-07-03	0	0	0	0	0	0	0	0
2020-07-04	0	0	0	0	0	0	0	0
2020-07-05	0	0	0	0	0	0	0	0
2020-07-06	0	0	0	0	0	0	0	0
2020-07-07	0	0	0	0	0	0	0	0
2020-07-08	0	0	0	0	0	0	0	0
2020-07-09	0	0	0	0	0	0	0	0
2020-07-10	0	0	0	0	0	0	0	0
2020-07-11	0	0	0	0	0	0	0	0
2020-07-12	0	0	0	0	0	0	0	0
2020-07-13	0	0	0	0	0	0	0	0
2020-07-14	0	0	0	0	0	0	0	0
2020-07-15	0	0	0	0	0	0	0	0
2020-07-16	0	0	0	0	0	0	0	0
2020-07-17	0	0	0	0	0	0	0	0
2020-07-18	0	0	0	0	0	0	0	0
2020-07-19	0	0	0	0	0	0	0	0
2020-07-20	0	0	0	0	0	0	0	0
2020-07-21	0	0	0	0	0	0	0	0
2020-07-22	0	0	0	0	0	0	0	0
2020-07-23	0	0	0	0	0	0	0	0
2020-07-24	0	0	0	0	0	0	0	0
2020-07-25	0	0	0	0	0	0	0	0
2020-07-26	0	0	0	0	0	0	0	0
2020-07-27	0	0	0	0	0	0	0	0
2020-07-28	0	0	0	0	0	0	0	0
2020-07-29	0	0	0	0	0	0	0	0
2020-07-30	0	0	0	0	0	0	0	0
2020-07-31	0	0	0	0	0	0	0	0
2020-08-01	0	0	0	0	0	0	0	0
2020-08-02	0	0	0	0	0	0	0	0
2020-08-03	0	0	0	0	0	0	0	0
2020-08-04	0	0	0	0	0	0	0	0
2020-08-05	0	0	0	0	0	0	0	0
2020-08-06	0	0	0	0	0	0	0	0
2020-08-07	0	0	0	0	0	0	0	0
2020-08-08	0	0	0	0	0	0	0	0
2020-08-09	0	0	0	0	0	0	0	0
2020-08-10	0	0	0	0	0	0	0	0
2020-08-11	0	0	0	0	0	0	0	0
2020-08-12	0	0	0	0	0	0	0	0
2020-08-13	0	0	0	0	0	0	0	0
2020-08-14	0	0	0	0	0	0	0	0
2020-08-15	0	0	0	0	0	0	0	0
2020-08-16	0	0	0	0	0	0	0	0
2020-08-17	0	0	0	0	0	0	0	0
2020-08-18	0	0	0	0	0	0	0	0
2020-08-19	0	0	0	0	0	0	0	0
2020-08-20	0	0	0	0	0	0	0	0
2020-08-21	0	0	0	0	0	0	0	0
2020-08-22	0	0	0	0	0	0	0	0
2020-08-23	0	0	0	0	0	0	0	0
2020-08-24	0	0	0	0	0	0	0	0
2020-08-25	0	0	0	0	0	0	0	0
2020-08-26	0	0	0	0	0	0	0	0
2020-08-27	0	0	0	0	0	0	0	0
2020-08-28	0	0	0	0	0	0	0	0
2020-08-29	0	0	0	0	0	0	0	0
2020-08-30	0	0	0	0	0	0	0	0
2020-08-31	0	0	0	0	0	0	0	0
2020-09-01	0	0	0	0	0	0	0	0
2020-09-02	0	0	0	0	0	0	0	0
2020-09-03	0	0	0	0	0	0	0	0
2020-09-04	0	0	0	0	0	0	0	0
2020-09-05	0	0	0	0	0	0	0	0
2020-09-06	0	0	0	0	0	0	0	0
2020-09-07	0	0	0	0	0	0	0	0
2020-09-08	0	0	0	0	0	0	0	0
2020-09-09	0	0	0	0	0	0	0	0
2020-09-10	0	0	0	0	0	0	0	0
2020-09-11	0	0	0	0	0	0	0	0
2020-09-12	0	0	0	0	0	0	0	0
2020-09-13	0	0	0	0	0	0	0	0
2020-09-14	0	0	0	0	0	0	0	0
2020-09-15	0	0	0	0	0	0	0	0
2020-09-16	0	0	0	0	0	0	0	0
2020-09-17	0	0	0	0	0	0	0	0
2020-09-18	0	0	0	0	0	0	0	0
2020-09-19	0	0	0	0	0	0	0	0
2020-09-20	0	0	0	0	0	0	0	0
2020-09-21	0	0	0	0	0	0	0	0
2020-09-22	0	0	0	0	0	0	0	0
2020-09-23	0	0	0	0	0	0	0	0
2020-09-24	0	0	0	0	0	0	0	0
2020-09-25	0	0	0	0	0	0	0	0
2020-09-26	0	0	0	0	0	0	0	0
2020-09-27	0	0	0	0	0	0	0	0
2020-09-28	0	0	0	0	0	0	0	0
2020-09-29	0	0	0	0	0	0	0	0
2020-09-30	0	0	0	0	0	0	0	0
2020-10-01	0	0	0	0	0	0	0	0
2020-10-02	0	0	0	0	0	0	0	0
2020-10-03	0	0	0	0	0	0	0	0
2020-10-04	0	0	0	0	0	0	0	0
2020-10-05	0	0	0	0	0	0	0	0
2020-10-06	0	0	0	0	0	0	0	0
2020-10-07	0	0	0	0	0	0	0	0
2020-10-08	0	0	0	0	0	0	0	0
2020-10-09	0	0	0	0	0	0	0	0
2020-10-10	0	0	0	0	0	0	0	0
2020-10-11	0	0	0	0	0	0	0	0
2020-10-12	0	0	0	0	0	0	0	0
2020-10-13	0	0	0	0	0	0	0	0
2020-10-14	0	0	0	0	0	0	0	0
2020-10-15	0	0	0	0	0	0	0	0
2020-10-16	0	0	0	0	0	0	0	0
2020-10-17	0	0	0	0	0	0	0	0
2020-10-18	0	0	0	0	0	0	0	0
2020-10-19	0	0	0	0	0	0	0	0
2020-10-20	0	0	0	0	0	0	0	0
2020-10-21	0	0	0	0	0	0	0	0
2020-10-22	0	0	0	0	0	0	0	0
2020-10-23	0	0	0	0	0	0	0	0
2020-10-24	0	0	0	0	0	0	0	0
2020-10-25	0	0	0	0	0	0	0	0
2020-10-26	0	0	0	0	0	0	0	0
2020-10-27	0	0	0	0	0	0	0	0
2020-10-28	0	0	0	0	0	0	0	0
2020-10-29	0	0	0	0	0	0	0	0
2020-10-30	0	0	0	0	0	0	0	0
2020-10-31	0	0	0	0	0	0	0	0
2020-11-01	0	0	0	0	0	0	0	0
2020-11-02	0	0	0	0	0	0	0	0
2020-11-03	0	0	0	0	0	0	0	0
2020-11-04	0	0	0	0	0	0	0	0
2020-11-05	0	0	0	0	0	0	0	0
2020-11-06	0	0	0	0	0	0	0	0
2020-11-07	0	0	0	0	0	0	0	0
2020-11-08	0	0	0	0	0	0	0	0
2020-11-09	0	0	0	0	0	0	0	0
2020-11-10	0	0	0	0	0	0	0	0
2020-11-11	0	0	0	0	0	0	0	0
2020-11-12	0	0	0	0	0	0	0	0
2020-11-13	0	0	0	0	0	0	0	0
2020-11-14	0	0	0	0	0	0	0	0
2020-11-15	0	0	0	0	0	0	0	0
2020-11-16	0	0	0	0	0	0	0	0
2020-11-17	0	0	0	0	0	0	0	0
2020-11-18	0	0	0	0	0	0	0	0
2020-11-19	0	0	0	0	0	0	0	0
2020-11-20	0	0	0	0	0	0	0	0
2020-11-21	0	0	0	0	0	0	0	0
2020-11-22	0	0	0	0	0	0	0	0
2020-11-23	0	0	0	0	0	0	0	0
2020-11-24	0	0	0	0	0	0	0	0
2020-11-25	0	0	0	0	0	0	0	0
2020-11-26	0	0	0	0	0	0	0	0
2020-11-27	0	0	0	0	0	0	0	0
2020-11-28	0	0	0	0	0	0	0	0
2020-11-29	0	0	0	0	0	0	0	0
2020-11-30	0	0	0	0	0	0	0	0
2020-12-01	0	0	0	0	0	0	0	0
2020-12-02	0	0	0	0	0	0	0	0
2020-12-03	0	0	0	0	0	0	0	0
2020-12-04	0	0	0	0	0	0	0	0
2020-12-05	0	0	0	0	0	0	0	0
2020-12-06	0	0	0	0	0	0	0	0
2020-12-07	0	0	0	0	0	0	0	0
2020-12-08	0	0	0	0	0	0	0	0
2020-12-09	0	0	0	0	0	0	0	0
2020-12-10	0	0	0	0	0	0	0	0
2020-12-11	0	0	0	0	0	0	0	0
2020-12-12	0	0	0	0	0	0	0	0
2020-12-13	0	0	0	0	0	0	0	0
2020-12-14	0	0	0	0	0	0	0	0
2020-12-15	0	0	0	0	0	0	0	0
2020-12-16	0	0	0	0	0	0	0	0
2020-12-17	0	0	0	0	0	0	0	0
2020-12-18	0	0	0	0	0	0	0	0
2020-12-19	0	0	0	0	0	0	0	0
2020-12-20	0	0	0	0	0	0	0	0
2020-12-21	0	0	0	0	0	0	0	0
2020-12-22	0	0	0	0	0	0	0	0
2020-12-23	0	0	0	0	0	0	0	0
2020-12-24	0	0	0	0	0	0	0	0
2020-12-25	0	0	0	0	0	0	0	0
2020-12-26	0	0	0	0	0	0	0	0
2020-12-27	0	0	0	0	0	0	0	0
2020-12-28	0	0	0	0	0	0	0	0
2020-12-29	0	0	0	0	0	0	0	0
2020-12-30	0	0	0	0	0	0	0	0
2020-12-31	0	0	0	0	0	0	0	0
2021-01-01	0	0	0	0	0	0	0	0
2021-01-02	0	0	0	0	0	0	0	0
2021-01-03	0	0	0	0	0	0	0	0
2021-01-04	0	0	0	0	0	0	0	0
2021-01-05	0	0	0	0	0	0	0	0
2021-01-06	0	0	0	0	0	0	0	0
2021-01-07	0	0	0	0	0	0	0	0
2021-01-08	0	0	0	0	0	0	0	0
2021-01-09	0	0	0	0	0	0	0	0
2021-01-10	0	0	0	0	0	0	0	0
2021-01-11	0	0	0	0	0	0	0	0
2021-01-12	0	0	0	0	0	0	0	0
2021-01-13	0	0	0	0	0	0	0	0
2021-01-14	0	0	0	0	0	0	0	0
2021-01-15	0	0	0	0	0	0	0	0
2021-01-16	0	0	0	0	0	0	0	0
2021-01-17	0	0	0	0	0	0	0	0
2021-01-18	0	0	0	0	0	0	0	0
2021-01-19	0	0	0	0.001228878764255592	0.002019368085719675	0.001551332717227627	0.0021486129748011784	0.0023580162067255994
2021-01-20	0	0	0	0.005657719962918861	0.005739861587048312	0.006188771928925529	0.004616659083560792	0.007953347125292165
2021-01-21	0	0	0	0.0028268565365316967	0.003901898922720415	0.005760933714435312	0.001065246413785248	0.010272727658399372
2021-01-22	0	0	0	0.001629328172687572	0.0015305373838465641	0.0020231922902120836	0.0026092639942438822	0.003869656070553118
2021-01-23	0	0	0	0.0030651359008166956	0.004384047358877652	0.00476724800550854	0.004533751323041679	0.009466763918560828
2021-01-24	0	0	0	0.012153821216023042	0.00524732750791812	0.006687840748830887	0.007213006867015981	0.008757123338187789
2021-01-25	0	0	0	0.003432300452806736	0.008301830487223105	0.007964880985873224	0.005183938535669119	0.011076604704421733
2021-01-26	0	0	0	0.023625323902022766	0.014933542256629906	0.021028266604929957	0.018906568887853137	0.1016862307415809
2021-01-27	0	0	0	0.020873957851500924	0.017679231286321206	0.02534251906066043	0.02562383404380153	0.16493560027110044
2021-01-28	0	0	0	0.03837855210710672	0.025392919972599737	0.03906452213217082	0.03875632273315155	0.15735743989837014
2021-01-29	0	0	0	0.02900719857373346	0.02063801442262525	0.03133666564969828	0.04487835351067471	0.07494087546605077
2021-01-30	0	0	0	0.01634586660621884	0.011638468042547423	0.016341438766830585	0.019735501364961383	0.07771930055911103
2021-01-31	0	0	0	0.013254720294248568	0.010701293497505926	0.01950847194089289	0.02797340563346129	0.03906766886633739
2021-02-01	0	0	0	0.0046747239614179925	0.004204851388506459	0.005222915090540514	0.0062103184512458665	0.008748820984437966
2021-02-02	0	0	0	0.0013740984102366127	0.002430599807576428	0.0025162517826864406	0.0022900434691388583	0.003255701499220942
2021-02-03	0	0	0	0.0010158988820232473	0.0019665395158252608	0.0019043995939422853	0.0012779554020521111	0.002321911267073151
2021-02-04	0	0	0	5.388656975082728e-4	0.001014320670629676	0.0012157991002570423	0.0017047879216729456	4.6421802207818885e-4
2021-02-05	0	0	0	0	7.098491794133022e-4	7.521766376707983e-4	3.638458536519007e-4	2.0131053207039784e-4
2021-02-06	0	0	0	5.296610262373047e-4	8.005477752648371e-4	7.599726023410636e-4	5.057273704640597e-4	2.1032790988173566e-4
2021-02-07	0	0	0	4.655493545380196e-4	5.737509082919257e-4	3.9791756868279293e-4	4.8762648536526676e-4	1.925539396183673e-4
2021-02-08	0	0	0	1.064877672931619e-4	2.295005281653939e-4	3.5357072710673343e-4	3.568179008253125e-4	8.851267727161272e-5
2021-02-09	0	0	0	1.932273807707663e-4	2.7988722328387006e-4	3.429431533430449e-4	3.1596075964546166e-4	9.01479553774287e-5
2021-02-10	0	0	0	8.768276380277662e-5	4.580187695077953e-4	5.280714044575419e-4	3.110500550187467e-4	6.197418776565655e-5
2021-02-11	0	0	0	1.5857284464959598e-4	3.534780500065171e-4	7.248552556122778e-4	5.529772002605959e-4	9.949794998931338e-5
2021-02-12	0	0	0	1.447439842676701e-4	3.0306524312151417e-4	3.406318745931003e-4	1.7715576455312743e-4	4.058303057896673e-5
2021-02-13	0	0	0	0	4.669308575906417e-4	4.633984779318645e-4	4.216784912824956e-5	4.552527222267955e-5
2021-02-14	0	0	0	1.8195878671156684e-4	2.409147887398877e-4	2.9065915665715814e-4	9.219634753709904e-5	1.7482033568771982e-5
2021-02-15	0	0	0	0	1.537135550175872e-4	2.1119753120224516e-4	0	2.7995403156122478e-5
2021-02-16	0	0	0	1.1056748771487435e-4	7.392368438163821e-5	1.798051463084427e-4	2.588745429354944e-5	1.3608710119017431e-5
2021-02-17	0	0	0	5.293876309497847e-5	1.7276466689919445e-4	2.3289490320843598e-4	2.4211169824095435e-5	2.9008037205624504e-5
2021-02-18	0	0	0	1.0144817272994544e-4	3.4302207599323786e-4	3.4790424199027115e-4	5.673259941407771e-5	1.1344767492960095e-4
2021-02-19	0	0	0	1.9408054388247997e-4	4.4384321549051364e-4	5.074280950065901e-4	1.7948398390865705e-4	4.966636619285758e-5
2021-02-20	0	0	0	5.593101950434054e-4	7.739039874938847e-4	6.969763057167455e-4	1.2451413558789426e-4	3.29444709199489e-5
2021-02-21	0	0	0	3.598740469976658e-4	5.900627400328151e-4	6.417598363210875e-4	1.8157502403126635e-4	4.282469430139102e-5
2021-02-22	0	0	0	8.70189484172279e-5	4.0368210016672457e-4	6.172153858294838e-4	1.0165571756437508e-4	1.9807177131125897e-5
2021-02-23	0	0	0	1.6849909461646995e-4	3.852806093029848e-4	4.013652449130767e-4	6.949833785241388e-5	3.2412301767204e-5
2021-02-24	0	0	0	1.6314544443485346e-4	4.156132071333474e-4	4.347819837142719e-4	8.907297307736428e-5	2.3447495994810552e-5
2021-02-25	0	0	0	3.9543666479779915e-4	5.538171955650206e-4	7.566443096860276e-4	9.833405724068989e-5	4.84101221427391e-5
2021-02-26	0	0	0	4.981081546668875e-4	7.91228913123776e-4	8.356587098321544e-4	1.7246184050945246e-4	2.286753719293877e-5
2021-02-27	0	0	0	1.1184744017911363e-4	2.916362115508164e-4	2.611497512927663e-4	4.959659844394615e-5	1.440067724356453e-5
2021-02-28	0	0	0	1.080098289731879e-4	1.5178043897234872e-4	1.2547626701153725e-4	6.630980937671893e-6	8.140273187517977e-6
2021-03-01	0	0	0	1.7708674628957866e-4	2.631546204805435e-4	1.498955417549297e-4	3.4371535996058356e-5	1.0136503220792292e-5
2021-03-02	0	0	0	3.115831037006078e-4	4.1859978830816047e-4	3.601316105081853e-4	3.282227558543127e-5	1.615456689640915e-5
2021-03-03	0	0	0	3.716938288684801e-4	8.195434121580636e-4	7.1327073439309e-4	7.57437085652235e-5	4.019074528116562e-5
2021-03-04	0	0	0	3.302128244144775e-4	5.963239109354479e-4	6.17355251920193e-4	5.294801300270713e-5	3.600018000371463e-5
2021-03-05	0	0	0	3.863365671405994e-4	5.908283870965647e-4	7.854409634611148e-4	1.1560686542244625e-4	3.779505631062996e-5
2021-03-06	0	0	0	6.879192211131091e-4	6.195045070680472e-4	5.938461332131162e-4	7.510604464044945e-5	3.3638137735714224e-5
2021-03-07	0	0	0	3.0275965598303145e-4	4.040134111515936e-4	1.8659860301095677e-4	2.3431213679092622e-5	1.1811593275901089e-5
2021-03-08	0	0	0	3.570153545044974e-4	7.779610670617387e-4	6.505244558039358e-4	3.10707444621805e-5	5.1071469619357046e-5
2021-03-09	0	0	0	4.3935122999250176e-4	7.134155600418968e-4	5.732596542971091e-4	4.257667984486346e-5	9.016787891513722e-5
2021-03-10	0	0	0	5.137939485639897e-4	7.900873826529597e-4	8.740510408709046e-4	9.46762369091747e-5	1.212878817893337e-4
2021-03-11	0	0	0	5.234700644127788e-4	7.410300000996184e-4	6.84799817555426e-4	6.895877990986676e-5	1.2691228762906626e-4
2021-03-12	0	0	0	5.050337323433407e-4	8.388428752781341e-4	7.791077685990189e-4	9.159276552805906e-5	1.9300794643051233e-4
2021-03-13	0	0	0	6.998399654394305e-4	9.19863037486035e-4	4.7441886176780024e-4	5.3098503684401166e-5	2.5308594607986734e-4
2021-03-14	0	0	0	5.031446620498148e-4	6.120151263950824e-4	3.2471790346333407e-4	2.5195195277216698e-5	1.4586693357032665e-4
2021-03-15	0	0	0	4.484360848107105e-4	6.824456568690351e-4	4.866067046054301e-4	4.285676021242857e-5	5.503328596989654e-4
2021-03-16	0	0	0	0.0010072287723561502	0.0011669281358086536	0.0010238582346726588	1.1663404752160211e-4	0.0011278145214308477
2021-03-17	0	0	0	0.0010522792138005777	0.0015709203243154946	0.0010747351042450504	1.241566420846496e-4	0.0014503843189690446
2021-03-18	0	0	0	0.0014507022270491277	0.002131224475046656	0.0013969475994548564	1.5708308813322525e-4	0.0017035115647208166
2021-03-19	0	0	0	0.001259870490994519	0.0017679073093979092	0.0011765939977448348	1.3794095887931235e-4	0.0017895946456794043
2021-03-20	0	0	0	8.516799772981809e-4	0.0010521965329362004	7.895334355236816e-4	1.294868998873433e-4	0.0015528813832654809
2021-03-21	0	0	0	3.902058372908801e-4	3.4653036732423814e-4	2.945683429660395e-4	4.839610712426001e-5	9.969973864183412e-4
2021-03-22	0	0	0	4.261558256695164e-4	6.495245778037617e-4	4.054085496825177e-4	4.318517221002516e-5	0.0013642433448388669
2021-03-23	0	0	0	9.682495423648518e-4	0.001923921899113834	0.001213963019834008	1.7240979187027605e-4	0.0026577514334042984
2021-03-24	0	0	0	0.001976117412771483	0.00259681297104164	0.0019236025568447612	4.035752841302642e-4	0.004740397860360179
2021-03-25	0	0	0	0.0020199549193180566	0.002723734313689663	0.0021889295848840362	2.870578972615778e-4	0.005508160920310035
2021-03-26	0	0	0	0.0014492202810676424	0.0019238968252408561	0.0011722748365690094	2.2358749492390473e-4	0.002888338858574979
2021-03-27	0	0	0	0.0012755398078128088	0.0017675722431929053	0.001012875916035938	1.473191597931578e-4	0.0020314364015867614
2021-03-28	0	0	0	7.710342455387043e-4	0.0013017267642820851	0.00057193478876360615	9.786315800486278e-5	8.823672402531457e-4
2021-03-29	0	0	0	0.001638994075617628	0.002495513427592133	0.0013031962741130165	1.857789478978411e-4	0.0013781770494958323
2021-03-30	0	0	0	0.0023226031619838494	0.003226031214266012	0.0017058350616856455	3.2226379127919813e-4	0.007058896929421854
2021-03-31	0	0	0	0.0026744566280094695	0.00405702972891997	0.0023307502815290704	4.617645972651019e-4	0.006305407642150929
2021-04-01	0	0	0	0.002556556130518528	0.00380138650046824	0.002107669829842118	3.7516916439561676e-4	0.0027688538450831857
2021-04-02	0	0	0	0.003219415496212852	0.004257112170444	0.002206010287429061	3.782892834691687e-4	0.0016541018814357766
2021-04-03	0	0	0	0.002185561549935988	0.0028692606876383753	0.0013961330519742798	2.7551133819336826e-4	6.847163461209949e-4
2021-04-04	0	0	0	0.0014473686106248884	0.0022689902822301544	9.195514043411901e-4	1.762251999797293e-4	2.7998100697690376e-4
2021-04-05	0	0	0	0.003059256643777486	0.004315900752329238	0.0020527011127942085	3.342460534470071e-4	7.414227915889526e-4
2021-04-06	0	0	0	0.0032892395540451425	0.005301719339633193	0.002475027021661136	5.805131535949748e-4	0.0014534951569200594
2021-04-07	0	0	0	0.005066715845139846	0.0072927727059370895	0.0035095810280496575	9.137229326203755e-4	0.004983108728784824
2021-04-08	0	0	0	0.005446263470384238	0.007054223886061584	0.0034593040229069505	9.313020283843176e-4	0.006653234522291163
2021-04-09	0	0	0	0.005543243678518994	0.006687237086492326	0.0030004543722093047	0.0010082163828397661	0.008040426642555332
2021-04-10	0	0	0	0.0045747944069234325	0.004530667161354529	0.00214246189390499	9.404702226711859e-4	0.006767205651266872
2021-04-11	0	0	0	0.004243389024819022	0.005041066579736686	0.0021364123932026136	7.226913647788713e-4	0.0032854903291943405
2021-04-12	0	0	0	0.0054917387188822	0.007406792108186622	0.002757880240273458	7.17948493428322e-4	0.003782392428157255
2021-04-13	0	0	0	0.007226532163113308	0.009653941651545539	0.003696461520492411	0.0017242791240312805	0.011817750769075541
2021-04-14	0	0	0	0.007862659084998613	0.010079170745483257	0.004443257424215474	0.002158051677922934	0.01652992585896018
2021-04-15	0	0	0	0.008337444695795782	0.01001612240429628	0.0044155860531187585	0.003104477652158266	0.015535547352758527
2021-04-16	0	0	0	0.010135675317376913	0.010851841230033799	0.004504073781025353	0.003391626617435861	0.014692194556474414
2021-04-17	0	0	0	0.009888160024861925	0.009723428532577572	0.004344852166886737	0.006543579722370074	0.02239088366184161
2021-04-18	0	0	0	0.0053214241929757655	0.0055344745499608106	0.0024727023759936184	0.0018281308414012098	0.009722805583414651
2021-04-19	0	0	0	0.007688136761640374	0.008625904335627377	0.003235333753191849	0.002276753605001236	0.008682353008751198
2021-04-20	0	0	0.038838648618159555	0.008980805919402757	0.009866707108329376	0.004571953883717006	0.0037253429096790747	0.03447867570696572
2021-04-21	0	0	0	0.009257457054804297	0.010276113751186422	0.004620195766170232	0.006456010637205356	0.0479137404079355
2021-04-22	0	0	0	0.01139351879592776	0.012593955929825817	0.005915165938746192	0.00902736040743779	0.06663447567877068
2021-04-23	0	0	0	0.010612294072338768	0.010023290197890056	0.004762980046407073	0.0059654195997389525	0.054010295012416165
2021-04-24	0	0.36700683814454793	0	0.009343131532958182	0.009313162726518165	0.0043208634459595	0.005271435654819134	0.04352203553503364
2021-04-25	0	0	0	0.005134019398831846	0.0051115127174199415	0.002003643009830691	8.096978904732488e-4	0.002848129507678099
2021-04-26	0	0	0	0.006197094681854809	0.006038080940789614	0.0022135298906209577	0.001002391904675104	0.0038051380149350944
2021-04-27	0	0	0	0.00915185359249393	0.009704151102414293	0.004068206231162108	0.00481388282575157	0.024452141717467013
2021-04-28	0	0	0	0.012241136485365178	0.012090037927101838	0.005684139695750545	0.015503595730827824	0.10394080545023576
2021-04-29	0	0	0	0.014064599887219309	0.013696703914306996	0.006576063749058614	0.020504815327585968	0.12103044760123538
2021-04-30	0	0	0	0.015285917874613641	0.014280524836956188	0.007257736494751921	0.02514201143624617	0.13519690807130869
2021-05-01	0	0	0	0.015158711627670574	0.013495502725793473	0.007138526088750874	0.02845761574659722	0.13799867416915101
2021-05-02	0	0	0	0.009991073232449521	0.008257714385907278	0.004177811213765814	0.014134505264544517	0.056677855854572856
2021-05-03	0	0	0	0.009921648647794434	0.008460449678798554	0.003917738022321204	0.008244485594366413	0.04774186181232887
2021-05-04	0	0	0	0.011317582843597407	0.009753091736022013	0.004608375369736795	0.015371977933140046	0.06105497959228123
2021-05-05	0	0	0	0.009785991437610608	0.009882305205330955	0.005319747588363288	0.021833100862056476	0.06489288674722427
2021-05-06	0	0	0	0.011260903374140652	0.011115632705324341	0.006478708628635754	0.03249717353919235	0.10048643753127595
2021-05-07	0	0	0	0.011319241893605447	0.011052829453903401	0.006059482392546833	0.04327231772673512	0.15235941121399232
2021-05-08	0	0	0	0.010800958624888501	0.01062742032542996	0.0072694523809355704	0.056243324588177046	0.15694806944251183
2021-05-09	0	0	0	0.005650598030047194	0.005350245647799401	0.0031354599626032265	0.022469922815519627	0.0776261190581975
2021-05-10	0	0	0	0.006184475822555324	0.0062947922425919955	0.003279146479531647	0.01912919896504306	0.07465242878933642
2021-05-11	0	0	0	0.0069503641326713606	0.006431330337832719	0.0038672896010572	0.029434405587903223	0.0811847736249296
2021-05-12	0	0	0	0.007840470835229985	0.008197878115028256	0.005647317419711584	0.04178629338942752	0.09862784476879427
2021-05-13	0	0	0	0.009464282106383282	0.009206501547673218	0.006623954434983315	0.044357857319664795	0.09372071380314329
2021-05-14	0	0	0.03149803149704722	0.008630044960982408	0.009928054164343614	0.006900488497656898	0.04989385068931784	0.09967902944431084
2021-05-15	0	0	0	0.014886305191362581	0.012793351873054748	0.009750659108563431	0.10462829533901097	0.13400682746835413
2021-05-16	0	0	0	0.007204083880250511	0.006240801420194231	0.005456711344046239	0.043878188284616204	0.07512178657228152
2021-05-17	0	0	0	0.008526765290143068	0.008424714455015359	0.00555135558076203	0.05182127008220139	0.08469887612941673
2021-05-18	0	0	0	0.00986138974273909	0.008953171932430726	0.007170209017262064	0.0659421862985563	0.07717650843172419
2021-05-19	0	0	0	0.01330944018314928	0.012246990966539029	0.010775599068356678	0.0965936783110104	0.101310714789699
2021-05-20	0	0	0.03252249264814111	0.012514035568581106	0.011153075292994474	0.010711841865452376	0.09226575732139963	0.09781443205066243
2021-05-21	0	0	0	0.011577675011623656	0.00984856992676364	0.009301701045544508	0.08310198913999867	0.10334014084120802
2021-05-22	0	0	0	0.012983915189639372	0.01196145991270181	0.00971036702285244	0.0998650053170782	0.08668808234556447
2021-05-23	0	0	0	0.005850545350789105	0.0049976056469565044	0.0031019572931993977	0.03877477966395859	0.034516604614794666
2021-05-24	0	0	0	0.0037321008463115923	0.0029126235622780605	0.0015829170018828442	0.025025185661420313	0.019667337646311234
2021-05-25	0	0	0	0.007919895206816907	0.00781271383480342	0.006008165182747938	0.05700841464412254	0.05438748693576034
2021-05-26	0	0	0	0.015971435000577294	0.014904614432136976	0.015545521520201389	0.08426822284288926	0.07299229316978173
2021-05-27	0	0	0	0.020161207823669924	0.01659260183400124	0.019372700150003253	0.09501442320251852	0.09017443485355336
2021-05-28	0	0	0.15773525411264688	0.024820562903483667	0.01927271757777027	0.02015729633344865	0.10673979811255419	0.08733171290629493
2021-05-29	0	0	0	0.02190449363816893	0.017116416914398025	0.016313968551182834	0.11275823256224626	0.0741893004726697
2021-05-30	0	0	0	0.006718839725501802	0.005250780770973407	0.004262219419407964	0.04901059687942455	0.022313494702473013
2021-05-31	0	0	0	0.010239658371781868	0.007811737267828578	0.00802704890402639	0.07305124526715856	0.05225767515327595
2021-06-01	0	0	0	0.022036864999049	0.014582226022298528	0.0171313398505768	0.08630938586860015	0.07298579061329402
2021-06-02	0	0	0.03603898787606852	0.029345566176758764	0.018129259971453537	0.024148052659950903	0.10225894171992822	0.07223461813474708
2021-06-03	0	0	0.037386474149367244	0.03470752448398362	0.01941077510176359	0.0241986950121984	0.12335790050625794	0.08682736338593
2021-06-04	0	0	0	0.024924649495535522	0.015398193807859561	0.017262080113171097	0.10271703709881752	0.06119798044564706
2021-06-05	0	0	0	0.028306935660955324	0.018008919365675613	0.02364571151090189	0.10647357952949554	0.06065316176504454
2021-06-06	0	0	0.03603898787606852	0.010082232064092977	0.00671997285716075	0.009874954729477192	0.05308462848910689	0.014942277120808534
2021-06-07	0	0	0.037386474149367244	0.010228573339298608	0.0075161864417740976	0.015513908880649518	0.08418238098491049	0.03129222492249206
2021-06-08	0	0	0.038838648618159555	0.017118717164796626	0.012296403303740489	0.022515996843082142	0.09590319207660292	0.04886057521635445
2021-06-09	0	0	0	0.023511120006912467	0.015150382080645564	0.02853552766056633	0.099877272438053	0.05950854515555415
2021-06-10	0	0	0	0.025211896177969484	0.016107066391960023	0.031435367098270106	0.09230996936011993	0.053579849603596186
2021-06-11	0	0	0	0.020612237112442866	0.013243380258659787	0.032443736009744484	0.08195838862670857	0.044940250021636485
2021-06-12	0	0	0	0.038084377307936235	0.023472435380969214	0.05814797478648215	0.09277810410223264	0.048912965976537714
2021-06-13	0	0	0	0.015149955564255357	0.010211828816160784	0.027922060794474346	0.040183161691673464	0.014912611688982391
2021-06-14	0	0	0	0.01224297930602325	0.007569483275652988	0.030243438626191388	0.0477849260353862	0.027705485437351518
2021-06-15	0	0	0	0.01857029181818315	0.010786464479796587	0.03295168016550609	0.050033422834110386	0.036106590616467704
2021-06-16	0	0	0	0.022022378319247915	0.012654736022024382	0.043705515229277125	0.05983006621096543	0.05179266491658563
2021-06-17	0	0	0.037386474149367244	0.02323140983568872	0.012701813423394048	0.04291292877818642	0.058977383720894894	0.04488953394184669
2021-06-18	0	0	0	0.023808421616063224	0.012899330623477034	0.047958540591809484	0.06747960341251957	0.043351255240898334
2021-06-19	0	0	0	0.02547625834295819	0.013015075638650453	0.057790360382587114	0.0664032439899076	0.041635444461237237
2021-06-20	0	0	0	0.007760747038559002	0.003531374012984756	0.02399136982656702	0.022396199459693733	0.009484429002272643
2021-06-21	0	0	0	0.009592664855849753	0.004217073863410192	0.028518079157147547	0.03235776517280797	0.00885023255851447
2021-06-22	0	0	0	0.016839333126333678	0.008602992728225844	0.05012925504780785	0.04250185116688332	0.02500188610048304
2021-06-23	0	0	0	0.017518585676139287	0.007569073826236616	0.047716032468259284	0.04388370234971095	0.031199931704545047
2021-06-24	0	0	0.038838648618159555	0.021665217435141937	0.009477794327694022	0.05464875516696899	0.04985897478750734	0.032858943842112964
2021-06-25	0	0	0	0.02113128418387955	0.0095538998922311	0.05577516622661194	0.041255192040723365	0.03472540513686706
2021-06-26	0	0	0	0.03103219479832542	0.012443213199496483	0.07526778920028421	0.059274601360524315	0.039303552985561874
2021-06-27	0	0	0	0.016344248239338555	0.007407189709221829	0.04328352371350275	0.022973980276409733	0.00715804035919132
2021-06-28	0	0	0	0.01600936144837406	0.007127176260639301	0.050399497828031325	0.038082184774430594	0.02269267046139234
2021-06-29	0	0	0	0.020482926058964734	0.009875393410939015	0.05445845004327676	0.04128271683416407	0.031134990707458066
2021-06-30	0	0	0	0.018877388171387288	0.009166433635722449	0.054473333249532185	0.041853338649182614	0.04136970103064974
2021-07-01	0	0	0	0.023008224252968112	0.011160953752004987	0.05306156985539823	0.040284489554946346	0.03270776290678912
2021-07-02	0	0	0.038838648618159555	0.0255644548567473	0.009962249938137324	0.05289081022963105	0.04032948500181921	0.03252864371605502
2021-07-03	0	0	0	0.022587795859614346	0.011297554789378994	0.06512179811260554	0.036634506883660434	0.026203276527195563
2021-07-04	0	0	0	0.012682947779474318	0.006376933104167426	0.033442863382261434	0.014996462515821873	0.013669616876873736
2021-07-05	0	0	0	0.018332192502973355	0.008612023421858073	0.04438744755950319	0.02596294013295264	0.016262880972249816
2021-07-06	0	0	0	0.01860831251462791	0.009755751705610605	0.052098201608987926	0.03483552355584241	0.024650801923117083
2021-07-07	0	0	0.040408205773457606	0.022356634063517067	0.00953993025207267	0.04415387020009165	0.03288621542315662	0.024959380536073272
2021-07-08	0	0	0	0.016237510102872	0.009151115545573685	0.03912557948885387	0.022271083980967	0.025275799242163943
2021-07-09	2	0.8452994616207483	0.31674917693965376	0	0	0	0.3136538166449305	0.17063704011041891
2021-07-10	0	0	0.1195802075659207	0	0	0	0.056370133550326385	0.05465443744540899
2021-07-11	0	0	0	0.018713795360281393	0	0	0.08180105841777219	0.056131189046320085
2021-07-12	0	0	0	0.019957710260213313	0	0	0.0379915005494047	0.021179968837813812
2021-07-13	0	0	0	0.01613792896929711	0	0.004854227010163248	0.04244903185033433	0.03209717988058092
2021-07-14	0	0	0	0.01723789517444385	0.0048453446478524675	0.05403921161612901	0.04897453170673627	0.04496340502334095
2021-07-15	0	0	0	0.01666176994453572	0.0074991384433393815	0.05292364045306974	0.05459748504465045	0.04479743224818877
2021-07-16	0	0	0	0.010703645762590641	0.004436290767980022	0.0216863408561645	0.028749276293031922	0.03125454847908404
2021-07-17	0	0	0	0.008075831466441086	0.003646830328993822	0.015887291269399695	0.017532777675571154	0.02458329380588542
2021-07-18	0	0	0	0.008541780536665877	0.003328534225016222	0.016408305614597163	0.01837819500987692	0.017715140857249123
2021-07-19	0	0	0	0.0025564151717547556	0.0013405325402073842	0.006294563422836408	0.007359895716292364	0.005753338061336821
2021-07-20	0	0	0	0.001690365232998925	7.00359454480326e-4	0.0025162754964886958	0.005965575723789973	0.003976506419153258
2021-07-21	0	0	0	0.00311037355781818	0.0016744520114642114	0.006937790251209552	0.017325817735099225	0.01967619351400751
2021-07-22	0	0	0	0.0033063072745294075	0.0011989873235376258	0.0054507104549457175	0.016513107859438936	0.029807926943739016
2021-07-23	0	0	0	0.0029449226420896757	0.0018052516332429658	0.0073555717481619265	0.023432403708641525	0.03149803149704722
2021-07-24	0	0	0.23570283979356788	0.004943619343072525	0.0021762871609682932	0.010723601316371845	0.032383738468107826	0.047374621338189815
2021-07-25	0	0	0.1465811866687805	0.004208141511067076	0.003082057362497004	0.016230452490075153	0.028421338994007783	0.03245482709321079
2021-07-26	0	0	0	0.0036517480521758294	0.0017344192916490808	0.00960113457793521	0.013336901775071741	0.016700859743004726
2021-07-27	0	0	0	8.71470794526541e-4	9.857515489100077e-4	0.00480616643298637	0.016649613286476406	0.025311951695166313
2021-07-28	0	0	0	7.21612847421893e-4	6.727623892786028e-4	0.00680771737814756	0.01671898543886341	0.024617699958631833
2021-07-29	0	0	0	0.0015579039682018792	0.0010871193846797578	0.03687269452596653	0.021764371386811643	0.03125192260460552
2021-07-30	0	0	0	0.0016594606776076937	9.487434275885498e-4	0.037386276179465217	0.01959212936740573	0.03321701905938612
2021-07-31	0	0	0	0.002730130867414804	0.001581558227837121	0.053877610865883385	0.02450218941084681	0.04179932633412187
2021-08-01	0	0	0	0.0030264688369989745	0.00233779528370337	0.048656336939683964	0.0234949993983693	0.029146388137651913
2021-08-02	0	0	0	0.0020170949173106134	0.0013708914388292914	0.03356789694503792	0.009871960619083797	0.011007815215367867
2021-08-03	0	0	0.07695296818756958	6.939080883523463e-4	7.796973904401483e-4	0.05985828304994856	0.01425873696433655	0.02232331408903665
2021-08-04	0	0	0	9.496307516168034e-4	0.001123001658444922	0.05488026773448751	0.025139988906604627	0.03434901781018507
2021-08-05	0	0	0	8.86771318402424e-4	0.0016168023436575751	0.05757589811869468	0.0195585561819267	0.040705219204470566
2021-08-06	0	0	0	0.0020230532279654767	0.0021866364408875683	0.07566475567198716	0.024522193793595104	0.034703414099048535
2021-08-07	0	0	0	0.0027972393340649493	0.0036856280726171864	0.0919425297592984	0.023835048241326318	0.031037939877231135
2021-08-08	0	0	0	0.0029703573198420763	0.005098497904256094	0.11796458228656204	0.05347132424967005	0.035835056510364005
2021-08-09	0	0	0	0.0015183446246787025	0.003437268629863821	0.05706542543137205	0.01649800988089245	0.012961899349513528
2021-08-10	0	0	0	6.038478506962264e-4	0.0031485330389775523	0.06536706936157688	0.02134836627168779	0.02834218106340214
2021-08-11	0	0	0	0.0010858201604198037	0.005216049390993849	0.051468530880451224	0.019767927042088074	0.029852421395422102
2021-08-12	0	0	0	9.77426633106182e-4	0.007440751424406367	0.06099166465858241	0.03302569868439842	0.04349871107986525
2021-08-13	0	0	0.0773740062657533	0.0018921357409433792	0.009978828827329478	0.08288053415896468	0.03881471757013122	0.058879759455289005
2021-08-14	0	0	0.08346229712362963	9.419381122655057e-4	0.011112506575356784	0.07468802475310166	0.02297459762795029	0.04201168420143642
2021-08-15	0	0	0.09062334080425205	8.405570113574345e-4	0.010822175427632752	0.045362491019795614	0.02811975812127776	0.018560014113300882
2021-08-16	0	0	0	3.3004166116690214e-4	0.006865824413477162	0.0297010084152316	0.011052583991397968	0.00655739470083283
2021-08-17	0	0	0	1.2756330370766733e-4	0.004677576016099971	0.02720731596520043	0.007782789016738123	0.004948461191010001
