2020-02-17	0	0	0	0	0	0	0	0
2020-02-18	0	0	0	0	0	0	0	0
2020-02-19	0	0	0	0	0	0	0	0
2020-02-20	0	0	0	0	0	0	0	0
2020-02-21	0	0	0	0	0	0	0	0
2020-02-22	0	0	0	0	0	0	0	0
2020-02-23	0	0	0	0	0	0	0	0
2020-02-24	0	0	0	0	0	0	0	0
2020-02-25	0	0	0	0	0	0	0	0
2020-02-26	0	0	0	0	0	0	0	0
2020-02-27	0	0	0	0	0	0	0	0
2020-02-28	0	0	0	0	0	0	0	0
2020-02-29	0	0	0	0	0	0	0	0
2020-03-01	0	0	0	0	0	0	0	0
2020-03-02	0	0	0	0	0	0	0	0
2020-03-03	0	0	0	0	0	0	0	0
2020-03-04	0	0	0	0	0	0	0	0
2020-03-05	0	0	0	0	0	0	0	0
2020-03-06	0	0	0	0	0	0	0	0
2020-03-07	0	0	0	0	0	0	0	0
2020-03-08	0	0	0	0	0	0	0	0
2020-03-09	0	0	0	0	0	0	0	0
2020-03-10	0	0	0	0	0	0	0	0
2020-03-11	0	0	0	0	0	0	0	0
2020-03-12	0	0	0	0	0	0	0	0
2020-03-13	0	0	0	0	0	0	0	0
2020-03-14	0	0	0	0	0	0	0	0
2020-03-15	0	0	0	0	0	0	0	0
2020-03-16	0	0	0	0	0	0	0	0
2020-03-17	0	0	0	0	0	0	0	0
2020-03-18	0	0	0	0	0	0	0	0
2020-03-19	0	0	0	0	0	0	0	0
2020-03-20	0	0	0	0	0	0	0	0
2020-03-21	0	0	0	0	0	0	0	0
2020-03-22	0	0	0	0	0	0	0	0
2020-03-23	0	0	0	0	0	0	0	0
2020-03-24	0	0	0	0	0	0	0	0
2020-03-25	0	0	0	0	0	0	0	0
2020-03-26	0	0	0	0	0	0	0	0
2020-03-27	0	0	0	0	0	0	0	0
2020-03-28	0	0	0	0	0	0	0	0
2020-03-29	0	0	0	0	0	0	0	0
2020-03-30	0	0	0	0	0	0	0	0
2020-03-31	0	0	0	0	0	0	0	0
2020-04-01	0	0	0	0	0	0	0	0
2020-04-02	0	0	0	0	0	0	0	0
2020-04-03	0	0	0	0	0	0	0	0
2020-04-04	0	0	0	0	0	0	0	0
2020-04-05	0	0	0	0	0	0	0	0
2020-04-06	0	0	0	0	0	0	0	0
2020-04-07	0	0	0	0	0	0	0	0
2020-04-08	0	0	0	0	0	0	0	0
2020-04-09	0	0	0	0	0	0	0	0
2020-04-10	0	0	0	0	0	0	0	0
2020-04-11	0	0	0	0	0	0	0	0
2020-04-12	0	0	0	0	0	0	0	0
2020-04-13	0	0	0	0	0	0	0	0
2020-04-14	0	0	0	0	0	0	0	0
2020-04-15	0	0	0	0	0	0	0	0
2020-04-16	0	0	0	0	0	0	0	0
2020-04-17	0	0	0	0	0	0	0	0
2020-04-18	0	0	0	0	0	0	0	0
2020-04-19	0	0	0	0	0	0	0	0
2020-04-20	0	0	0	0	0	0	0	0
2020-04-21	0	0	0	0	0	0	0	0
2020-04-22	0	0	0	0	0	0	0	0
2020-04-23	0	0	0	0	0	0	0	0
2020-04-24	0	0	0	0	0	0	0	0
2020-04-25	0	0	0	0	0	0	0	0
2020-04-26	0	0	0	0	0	0	0	0
2020-04-27	0	0	0	0	0	0	0	0
2020-04-28	0	0	0	0	0	0	0	0
2020-04-29	0	0	0	0	0	0	0	0
2020-04-30	0	0	0	0	0	0	0	0
2020-05-01	0	0	0	0	0	0	0	0
2020-05-02	0	0	0	0	0	0	0	0
2020-05-03	0	0	0	0	0	0	0	0
2020-05-04	0	0	0	0	0	0	0	0
2020-05-05	0	0	0	0	0	0	0	0
2020-05-06	0	0	0	0	0	0	0	0
2020-05-07	0	0	0	0	0	0	0	0
2020-05-08	0	0	0	0	0	0	0	0
2020-05-09	0	0	0	0	0	0	0	0
2020-05-10	0	0	0	0	0	0	0	0
2020-05-11	0	0	0	0	0	0	0	0
2020-05-12	0	0	0	0	0	0	0	0
2020-05-13	0	0	0	0	0	0	0	0
2020-05-14	0	0	0	0	0	0	0	0
2020-05-15	0	0	0	0	0	0	0	0
2020-05-16	0	0	0	0	0	0	0	0
2020-05-17	0	0	0	0	0	0	0	0
2020-05-18	0	0	0	0	0	0	0	0
2020-05-19	0	0	0	0	0	0	0	0
2020-05-20	0	0	0	0	0	0	0	0
2020-05-21	0	0	0	0	0	0	0	0
2020-05-22	0	0	0	0	0	0	0	0
2020-05-23	0	0	0	0	0	0	0	0
2020-05-24	0	0	0	0	0	0	0	0
2020-05-25	0	0	0	0	0	0	0	0
2020-05-26	0	0	0	0	0	0	0	0
2020-05-27	0	0	0	0	0	0	0	0
2020-05-28	0	0	0	0	0	0	0	0
2020-05-29	0	0	0	0	0	0	0	0
2020-05-30	0	0	0	0	0	0	0	0
2020-05-31	0	0	0	0	0	0	0	0
2020-06-01	0	0	0	0	0	0	0	0
2020-06-02	0	0	0	0	0	0	0	0
2020-06-03	0	0	0	0	0	0	0	0
2020-06-04	0	0	0	0	0	0	0	0
2020-06-05	0	0	0	0	0	0	0	0
2020-06-06	0	0	0	0	0	0	0	0
2020-06-07	0	0	0	0	0	0	0	0
2020-06-08	0	0	0	0	0	0	0	0
2020-06-09	0	0	0	0	0	0	0	0
2020-06-10	0	0	0	0	0	0	0	0
2020-06-11	0	0	0	0	0	0	0	0
2020-06-12	0	0	0	0	0	0	0	0
2020-06-13	0	0	0	0	0	0	0	0
2020-06-14	0	0	0	0	0	0	0	0
2020-06-15	0	0	0	0	0	0	0	0
2020-06-16	0	0	0	0	0	0	0	0
2020-06-17	0	0	0	0	0	0	0	0
2020-06-18	0	0	0	0	0	0	0	0
2020-06-19	0	0	0	0	0	0	0	0
2020-06-20	0	0	0	0	0	0	0	0
2020-06-21	0	0	0	0	0	0	0	0
2020-06-22	0	0	0	0	0	0	0	0
2020-06-23	0	0	0	0	0	0	0	0
2020-06-24	0	0	0	0	0	0	0	0
2020-06-25	0	0	0	0	0	0	0	0
2020-06-26	0	0	0	0	0	0	0	0
2020-06-27	0	0	0	0	0	0	0	0
2020-06-28	0	0	0	0	0	0	0	0
2020-06-29	0	0	0	0	0	0	0	0
2020-06-30	0	0	0	0	0	0	0	0
2020-07-01	0	0	0	0	0	0	0	0
2020-07-02	0	0	0	0	0	0	0	0
2020-07-03	0	0	0	0	0	0	0	0
2020-07-04	0	0	0	0	0	0	0	0
2020-07-05	0	0	0	0	0	0	0	0
2020-07-06	0	0	0	0	0	0	0	0
2020-07-07	0	0	0	0	0	0	0	0
2020-07-08	0	0	0	0	0	0	0	0
2020-07-09	0	0	0	0	0	0	0	0
2020-07-10	0	0	0	0	0	0	0	0
2020-07-11	0	0	0	0	0	0	0	0
2020-07-12	0	0	0	0	0	0	0	0
2020-07-13	0	0	0	0	0	0	0	0
2020-07-14	0	0	0	0	0	0	0	0
2020-07-15	0	0	0	0	0	0	0	0
2020-07-16	0	0	0	0	0	0	0	0
2020-07-17	0	0	0	0	0	0	0	0
2020-07-18	0	0	0	0	0	0	0	0
2020-07-19	0	0	0	0	0	0	0	0
2020-07-20	0	0	0	0	0	0	0	0
2020-07-21	0	0	0	0	0	0	0	0
2020-07-22	0	0	0	0	0	0	0	0
2020-07-23	0	0	0	0	0	0	0	0
2020-07-24	0	0	0	0	0	0	0	0
2020-07-25	0	0	0	0	0	0	0	0
2020-07-26	0	0	0	0	0	0	0	0
2020-07-27	0	0	0	0	0	0	0	0
2020-07-28	0	0	0	0	0	0	0	0
2020-07-29	0	0	0	0	0	0	0	0
2020-07-30	0	0	0	0	0	0	0	0
2020-07-31	0	0	0	0	0	0	0	0
2020-08-01	0	0	0	0	0	0	0	0
2020-08-02	0	0	0	0	0	0	0	0
2020-08-03	0	0	0	0	0	0	0	0
2020-08-04	0	0	0	0	0	0	0	0
2020-08-05	0	0	0	0	0	0	0	0
2020-08-06	0	0	0	0	0	0	0	0
2020-08-07	0	0	0	0	0	0	0	0
2020-08-08	0	0	0	0	0	0	0	0
2020-08-09	0	0	0	0	0	0	0	0
2020-08-10	0	0	0	0	0	0	0	0
2020-08-11	0	0	0	0	0	0	0	0
2020-08-12	0	0	0	0	0	0	0	0
2020-08-13	0	0	0	0	0	0	0	0
2020-08-14	0	0	0	0	0	0	0	0
2020-08-15	0	0	0	0	0	0	0	0
2020-08-16	0	0	0	0	0	0	0	0
2020-08-17	0	0	0	0	0	0	0	0
2020-08-18	0	0	0	0	0	0	0	0
2020-08-19	0	0	0	0	0	0	0	0
2020-08-20	0	0	0	0	0	0	0	0
2020-08-21	0	0	0	0	0	0	0	0
2020-08-22	0	0	0	0	0	0	0	0
2020-08-23	0	0	0	0	0	0	0	0
2020-08-24	0	0	0	0	0	0	0	0
2020-08-25	0	0	0	0	0	0	0	0
2020-08-26	0	0	0	0	0	0	0	0
2020-08-27	0	0	0	0	0	0	0	0
2020-08-28	0	0	0	0	0	0	0	0
2020-08-29	0	0	0	0	0	0	0	0
2020-08-30	0	0	0	0	0	0	0	0
2020-08-31	0	0	0	0	0	0	0	0
2020-09-01	0	0	0	0	0	0	0	0
2020-09-02	0	0	0	0	0	0	0	0
2020-09-03	0	0	0	0	0	0	0	0
2020-09-04	0	0	0	0	0	0	0	0
2020-09-05	0	0	0	0	0	0	0	0
2020-09-06	0	0	0	0	0	0	0	0
2020-09-07	0	0	0	0	0	0	0	0
2020-09-08	0	0	0	0	0	0	0	0
2020-09-09	0	0	0	0	0	0	0	0
2020-09-10	0	0	0	0	0	0	0	0
2020-09-11	0	0	0	0	0	0	0	0
2020-09-12	0	0	0	0	0	0	0	0
2020-09-13	0	0	0	0	0	0	0	0
2020-09-14	0	0	0	0	0	0	0	0
2020-09-15	0	0	0	0	0	0	0	0
2020-09-16	0	0	0	0	0	0	0	0
2020-09-17	0	0	0	0	0	0	0	0
2020-09-18	0	0	0	0	0	0	0	0
2020-09-19	0	0	0	0	0	0	0	0
2020-09-20	0	0	0	0	0	0	0	0
2020-09-21	0	0	0	0	0	0	0	0
2020-09-22	0	0	0	0	0	0	0	0
2020-09-23	0	0	0	0	0	0	0	0
2020-09-24	0	0	0	0	0	0	0	0
2020-09-25	0	0	0	0	0	0	0	0
2020-09-26	0	0	0	0	0	0	0	0
2020-09-27	0	0	0	0	0	0	0	0
2020-09-28	0	0	0	0	0	0	0	0
2020-09-29	0	0	0	0	0	0	0	0
2020-09-30	0	0	0	0	0	0	0	0
2020-10-01	0	0	0	0	0	0	0	0
2020-10-02	0	0	0	0	0	0	0	0
2020-10-03	0	0	0	0	0	0	0	0
2020-10-04	0	0	0	0	0	0	0	0
2020-10-05	0	0	0	0	0	0	0	0
2020-10-06	0	0	0	0	0	0	0	0
2020-10-07	0	0	0	0	0	0	0	0
2020-10-08	0	0	0	0	0	0	0	0
2020-10-09	0	0	0	0	0	0	0	0
2020-10-10	0	0	0	0	0	0	0	0
2020-10-11	0	0	0	0	0	0	0	0
2020-10-12	0	0	0	0	0	0	0	0
2020-10-13	0	0	0	0	0	0	0	0
2020-10-14	0	0	0	0	0	0	0	0
2020-10-15	0	0	0	0	0	0	0	0
2020-10-16	0	0	0	0	0	0	0	0
2020-10-17	0	0	0	0	0	0	0	0
2020-10-18	0	0	0	0	0	0	0	0
2020-10-19	0	0	0	0	0	0	0	0
2020-10-20	0	0	0	0	0	0	0	0
2020-10-21	0	0	0	0	0	0	0	0
2020-10-22	0	0	0	0	0	0	0	0
2020-10-23	0	0	0	0	0	0	0	0
2020-10-24	0	0	0	0	0	0	0	0
2020-10-25	0	0	0	0	0	0	0	0
2020-10-26	0	0	0	0	0	0	0	0
2020-10-27	0	0	0	0	0	0	0	0
2020-10-28	0	0	0	0	0	0	0	0
2020-10-29	0	0	0	0	0	0	0	0
2020-10-30	0	0	0	0	0	0	0	0
2020-10-31	0	0	0	0	0	0	0	0
2020-11-01	0	0	0	0	0	0	0	0
2020-11-02	0	0	0	0	0	0	0	0
2020-11-03	0	0	0	0	0	0	0	0
2020-11-04	0	0	0	0	0	0	0	0
2020-11-05	0	0	0	0	0	0	0	0
2020-11-06	0	0	0	0	0	0	0	0
2020-11-07	0	0	0	0	0	0	0	0
2020-11-08	0	0	0	0	0	0	0	0
2020-11-09	0	0	0	0	0	0	0	0
2020-11-10	0	0	0	0	0	0	0	0
2020-11-11	0	0	0	0	0	0	0	0
2020-11-12	0	0	0	0	0	0	0	0
2020-11-13	0	0	0	0	0	0	0	0
2020-11-14	0	0	0	0	0	0	0	0
2020-11-15	0	0	0	0	0	0	0	0
2020-11-16	0	0	0	0	0	0	0	0
2020-11-17	0	0	0	0	0	0	0	0
2020-11-18	0	0	0	0	0	0	0	0
2020-11-19	0	0	0	0	0	0	0	0
2020-11-20	0	0	0	0	0	0	0	0
2020-11-21	0	0	0	0	0	0	0	0
2020-11-22	0	0	0	0	0	0	0	0
2020-11-23	0	0	0	0	0	0	0	0
2020-11-24	0	0	0	0	0	0	0	0
2020-11-25	0	0	0	0	0	0	0	0
2020-11-26	0	0	0	0	0	0	0	0
2020-11-27	0	0	0	0	0	0	0	0
2020-11-28	0	0	0	0	0	0	0	0
2020-11-29	0	0	0	0	0	0	0	0
2020-11-30	0	0	0	0	0	0	0	0
2020-12-01	0	0	0	0	0	0	0	0
2020-12-02	0	0	0	0	0	0	0	0
2020-12-03	0	0	0	0	0	0	0	0
2020-12-04	0	0	0	0	0	0	0	0
2020-12-05	0	0	0	0	0	0	0	0
2020-12-06	0	0	0	0	0	0	0	0
2020-12-07	0	0	0	0	0	0	0	0
2020-12-08	0	0	0	0	0	0	0	0
2020-12-09	0	0	0	0	0	0	0	0
2020-12-10	0	0	0	0	0	0	0	0
2020-12-11	0	0	0	0	0	0	0	0
2020-12-12	0	0	0	0	0	0	0	0
2020-12-13	0	0	0	0	0	0	0	0
2020-12-14	0	0	0	0	0	0	0	0
2020-12-15	0	0	0	0	0	0	0	0
2020-12-16	0	0	0	0	0	0	0	0
2020-12-17	0	0	0	0	0	0	0	0
2020-12-18	0	0	0	0	0	0	0	0
2020-12-19	0	0	0	0	0	0	0	0
2020-12-20	0	0	0	0	0	0	0	0
2020-12-21	0	0	0	0	0	0	0	0
2020-12-22	0	0	0	0	0	0	0	0
2020-12-23	0	0	0	0	0	0	0	0
2020-12-24	0	0	0	0	0	0	0	0
2020-12-25	0	0	0	0	0	0	0	0
2020-12-26	0	0	0	0	0	0	0	0
2020-12-27	0	0	0	0	0	0	0	0
2020-12-28	0	0	0	0	0	0	0	0
2020-12-29	0	0	0	0	0	0	0	0
2020-12-30	0	0	0	0	0	0	0	0
2020-12-31	0	0	0	0	0	0	0	0
2021-01-01	0	0	0	0	0	0	0	0
2021-01-02	0	0	0	0	0	0	0	0
2021-01-03	0	0	0	0	0	0	0	0
2021-01-04	0	0	0	0	0	0	0	0
2021-01-05	0	0	0	0	0	0	0	0
2021-01-06	0	0	0	0	0	0	0	0
2021-01-07	0	0	0	0	0	0	0	0
2021-01-08	0	0	0	0	0	0	0	0
2021-01-09	0	0	0	0	0	0	0	0
2021-01-10	0	0	0	0	0	0	0	0
2021-01-11	0	0	0	0	0	0	0	0
2021-01-12	0	0	0	0	0	0	0	0
2021-01-13	0	0	0	0	0	0	0	0
2021-01-14	0	0	0	0	0	0	0	0
2021-01-15	0	0	0	0	0	0	0	0
2021-01-16	0	0	0	0	0	0	0	0
2021-01-17	0	0	0	0	0	0	0	0
2021-01-18	0	0	0	0	0	0	0	0
2021-01-19	0	0	0	6.358289780776794e-4	0.0017245984277720616	0.0019978029159437583	9.883865194679764e-4	6.250683670061541e-5
2021-01-20	0	0	0	0.006398155119299975	0.009281487214393369	0.0089027357107474	0.003758224429423862	4.78218642418593e-4
2021-01-21	0	0	0	0.008125985863921992	0.011173271781915295	0.009711119097362886	0.0075182091707095555	0.0020409356634274456
2021-01-22	0	0	0	0.004157528459615589	0.0034598426490153322	0.003357550114228447	0.0016809079871102917	2.838435004455242e-4
2021-01-23	0	0	0	0.0062402648212755985	0.006200283598945866	0.0062178408275648245	0.001635992093820482	0.003596155026514447
2021-01-24	0	0	0	0.007198075642978363	0.007092819774267678	0.005206283356302244	0.0040241489461978475	0.0029701540921778236
2021-01-25	0	0	0	0.022968425605234266	0.01480610994118492	0.01299331247943325	0.006583376594514245	0.002976071679704928
2021-01-26	0	0	0	0.01404073523110383	0.014365997406418973	0.013562848405630712	0.007176198237520914	0.040062146917694275
2021-01-27	0	0	0	0.014921507662816191	0.014940328247604828	0.016243413757043523	0.013075426843662363	0.0964861350549906
2021-01-28	0	0	0	0.015857534650408844	0.015086517942718203	0.015315140260171667	0.01894281042320234	0.0999233048231356
2021-01-29	0	0	0	0.007758092598125321	0.012016422308031016	0.014929323304727182	0.020827326821672543	0.07435927887519167
2021-01-30	0	0	0	0.008452726250232523	0.014323112318877174	0.015104684705036897	0.01718034038858085	0.08157742297135795
2021-01-31	0	0	0	0.00940899067462131	0.010554488146155894	0.013833169472138085	0.019888563693647887	0.04358816290651535
2021-02-01	0	0	0	0.002467613524502754	0.0036123683534734496	0.004023929584137997	0.0030374788601188474	0.0037730797650925574
2021-02-02	0	0	0	3.148862492947657e-4	7.841302463440503e-4	6.741522044533266e-4	3.196164622885078e-4	5.686951771293192e-4
2021-02-03	0	0	0	2.861025692342256e-4	0.001073099117296028	0.0012784498421458679	7.091947317048319e-4	2.2005086626997183e-4
2021-02-04	0	0	0	0	5.592660817677064e-4	6.020353562019576e-4	1.7799664808237914e-4	2.801378586880787e-4
2021-02-05	0	0	0	2.3284242467869198e-4	6.086039062112025e-4	5.062650378540035e-4	1.9482733473719094e-4	1.4542304689979524e-4
2021-02-06	0	0	0	3.1200436995959535e-4	2.3480220253135897e-4	4.266280595268679e-4	1.2739259225003075e-4	3.283937441223017e-5
2021-02-07	0	0	0	4.631452253933688e-4	4.339155084069901e-4	3.1294949066462685e-4	1.9944355298440186e-4	3.5260531253022975e-5
2021-02-08	0	0	0	8.609741926979275e-5	0.00018960940505241553	1.8341682658684633e-4	3.889423685010662e-5	8.761362396048078e-5
2021-02-09	0	0	0	4.0595124943698657e-4	2.4017893417127567e-4	2.511431116158924e-4	1.8841794911184095e-4	1.1806389392088334e-4
2021-02-10	0	0	0	1.5091492192786937e-4	1.8561153687057796e-4	3.340536388170001e-4	2.8463673381162735e-4	4.805544725572375e-5
2021-02-11	0	0	0	7.059778678142337e-5	6.748025361003052e-5	2.2759601780664163e-4	1.585150314367123e-4	5.299487275522985e-5
2021-02-12	0	0	0	1.9791202858798762e-4	3.3203711382068235e-4	4.583433753568844e-4	2.9586395799241494e-4	8.270878803218196e-5
2021-02-13	0	0	0	0	1.3286749200092096e-4	1.4099028065772679e-4	6.47343464428296e-5	3.724328584286951e-5
2021-02-14	0	0	0	5.8511182962295294e-5	4.6239567203842924e-5	5.037593038847987e-5	5.424145585064544e-5	2.175783068270043e-5
2021-02-15	0	0	0	0	6.785679955356727e-5	1.1480726739465652e-4	3.395095784375357e-5	4.883229768903874e-5
2021-02-16	0	0	0	1.0988105384224234e-4	3.289500736247675e-5	1.507801884910176e-4	7.888083869178608e-5	3.283128821984782e-5
2021-02-17	0	0	0	0	5.302016092545436e-5	1.9106174968253065e-4	8.65108030769779e-5	1.759528211864314e-5
2021-02-18	0	0	0	5.0587446733141306e-5	1.739490792942444e-4	2.1324509459019758e-4	1.1757674342161017e-4	4.0383120436748854e-5
2021-02-19	0	0	0	2.4319361949842744e-4	7.748665384588183e-4	7.170303814711954e-4	2.9176380125073287e-4	2.2080660654122397e-5
2021-02-20	0	0	0	4.220843981299627e-4	6.157220930382845e-4	8.156385429332058e-4	2.586250259259959e-4	5.69167424593342e-5
2021-02-21	0	0	0	9.05694554975689e-5	7.180173627925335e-4	5.488366726229543e-4	1.6629481327501416e-4	3.723430993041177e-5
2021-02-22	0	0	0	4.419157046342548e-5	1.2785796819358985e-4	1.46344645015839e-4	4.944332118617112e-5	2.192930358080325e-5
2021-02-23	0	0	0	0	1.1594642393064625e-4	1.0520534388547276e-4	7.689941559285707e-5	3.107106131161608e-5
2021-02-24	0	0	0	1.254639553747161e-4	0.00040768442179972553	4.4284992418974767e-4	7.383353663725778e-5	2.5895742564507884e-5
2021-02-25	0	0	0	4.883806185711492e-4	6.595218645935041e-4	7.105462909740012e-4	1.0032253701952598e-4	3.0242070327313186e-5
2021-02-26	0	0	0	1.969376204862261e-4	2.874973575364148e-4	1.2748862661982052e-4	6.210560171848734e-5	2.5275430387106113e-5
2021-02-27	0	0	0	1.9111871382504475e-4	4.783678091047072e-5	1.1689101782219602e-4	3.141011798613036e-5	9.092541615629557e-6
2021-02-28	0	0	0	0	1.5476102962708183e-5	5.074860536469217e-6	1.0562404003211512e-5	2.2536087318503206e-6
2021-03-01	0	0	0	0	8.401548179892693e-5	7.990331701845932e-5	2.699665579042332e-5	1.5713661176697258e-5
2021-03-02	0	0	0	7.162425915940851e-5	2.250402266528173e-4	1.851856368142446e-4	3.510235928017025e-5	1.5629526632032764e-5
2021-03-03	0	0	0	5.627264205925187e-4	4.7171550315217026e-4	5.610058279064134e-4	4.510203207774843e-5	3.7758080648986336e-5
2021-03-04	0	0	0	4.4922466118890725e-4	4.062209884052592e-4	3.388559921178036e-4	6.500163565625883e-5	3.3135020239383195e-5
2021-03-05	0	0	0	3.3866734642917784e-4	4.6969573616006954e-4	4.967586574724514e-4	5.2111560437273496e-5	2.856064771306066e-5
2021-03-06	0	0	0	2.304204357654882e-4	1.936108426607852e-4	1.6344753898955844e-4	5.9789481249961085e-5	2.6232833890471596e-5
2021-03-07	0	0	0	1.2738853516114368e-4	1.0070949848017818e-4	5.743837171601207e-5	6.722459344521425e-6	8.716325023083726e-6
2021-03-08	0	0	0	0	7.29069492164669e-5	8.396616167383186e-5	1.7451017176428607e-5	4.353774668119925e-6
2021-03-09	0	0	0	1.54360292588418e-4	1.8211145258617556e-4	2.0155429419976834e-4	3.1937912699619986e-5	2.3905650916367094e-5
2021-03-10	0	0	0	3.614022436444486e-4	3.8705154334395253e-4	4.293944395197258e-4	5.9876808641501356e-5	2.3864316176958056e-5
2021-03-11	0	0	0	4.6652671500080345e-4	6.074877607098461e-4	5.882051321577375e-4	5.210770663843789e-5	3.4662120154571596e-5
2021-03-12	0	0	0	5.05454706694719e-4	9.575176019813725e-4	9.998469113425834e-4	7.853994249962248e-5	3.0282677985438156e-5
2021-03-13	0	0	0	3.816741900322107e-4	9.241945722040512e-4	6.986184431596598e-4	4.0727766401404963e-5	1.944147871935087e-5
2021-03-14	0	0	0	9.243059946340004e-4	0.0010802053177936255	0.001069780225214867	8.419054620434352e-5	5.396074572572296e-5
2021-03-15	0	0	0	1.5593528709278992e-4	1.8037542722115774e-4	1.0131142011338135e-4	1.715757180353883e-5	1.726306976257419e-5
2021-03-16	0	0	0	8.467455203720053e-4	0.001687579742771117	0.0012057389841599875	1.0248030819148823e-4	3.148699509574193e-4
2021-03-17	0	0	0	0.0012691540873825957	0.002271946373419098	0.001421587777058253	1.6599983805876128e-4	2.004272553772779e-4
2021-03-18	0	0	0	0.001536398082889745	0.00283833274845402	0.001991572269455011	2.2675790153159348e-4	3.854807319667586e-4
2021-03-19	0	0	0	0.0015019645345899502	0.0027590064322033925	0.0018504425908001387	2.1972272176129515e-4	3.228031384576724e-4
2021-03-20	0	0	0	0.001405227192172287	0.0028132003174150544	0.0017482429205757377	1.9628920854763976e-4	3.956895682053485e-4
2021-03-21	0	0	0	5.315506038046092e-4	0.0013865672153476893	9.249629279557414e-4	8.483664799463497e-5	5.374174191929981e-5
2021-03-22	0	0	0	6.469090049148196e-4	0.0013937371160239742	8.21562687234989e-4	5.893945813806312e-5	1.0316900809859142e-4
2021-03-23	0	0	0	0.0016602244163856916	0.002697558211515405	0.0016520840597293862	2.3177379691108335e-4	0.004303705126397883
2021-03-24	0	0	0	0.002247169572542118	0.0036456479606394865	0.002545459905366254	4.4824761466966123e-4	0.011563028474183668
2021-03-25	0	0	0	0.002465433916724269	0.003052199122118182	0.0021698418924462892	4.182266136902868e-4	0.010442839712319296
2021-03-26	0	0	0	0.0025942681405064505	0.0033197556949282614	0.0024376417271259054	5.78603051971438e-4	0.0057483136643661226
2021-03-27	0	0	0	0.0014390260204693028	0.001711516599451901	0.0011687885576665558	2.720622651728455e-4	0.006381269562352632
2021-03-28	0	0	0	4.733582643208223e-4	5.380422890985948e-4	3.354958927290763e-4	6.007944142027988e-5	7.254028059813233e-4
2021-03-29	0	0	0	0.0011814581613400765	0.0016438071996407455	9.90940520060768e-4	1.1825798717968183e-4	1.0907073412158574e-4
2021-03-30	0	0	0	0.002114847071687853	0.0035619031393725464	0.002230012254189395	3.1621042001916955e-4	0.005108815578273251
2021-03-31	0	0	0	0.00199112552180547	0.003519851489335757	0.0020252847694126608	3.758400261955064e-4	0.007332324089094566
2021-04-01	0	0	0	0.0025226841297927294	0.003077521369943881	0.0019105636897032152	3.4105484155788623e-4	0.0039607523740925465
2021-04-02	0	0	0	0.0026472105602906026	0.004230139130085853	0.0021505554020089246	4.0799396593449444e-4	0.0042423043022383755
2021-04-03	0	0	0	0.002682062468844393	0.0026207092734165105	0.0013609599487349744	4.529884156487807e-4	0.003692952669950067
2021-04-04	0	0	0	9.187755425248412e-4	0.001149880070187237	5.915248331798129e-4	9.588807515181763e-5	9.100526697691791e-5
2021-04-05	0	0	0	0.0012408849174396774	0.001825977010132096	9.92566386142535e-4	2.0800126665720953e-4	7.827842386780581e-4
2021-04-06	0	0	0	0.0024243836965549548	0.0033978593747618913	0.001879797563444141	3.2531786481349023e-4	0.0036608517505039018
2021-04-07	0	0	0	0.004298744588829839	0.004968293867798623	0.0025396331513865	0.0010333714612191791	0.012658137546662784
2021-04-08	0	0	0	0.0051891655065390285	0.006168847128626087	0.003286428152262877	0.0012180984518450622	0.009401751065710284
2021-04-09	0	0	0	0.004749290818453877	0.005046541310556041	0.0029127878596577617	0.0032050491040951368	0.013533896770609566
2021-04-10	0	0	0	0.005008650297123163	0.005955732763625932	0.0031900926019434728	0.0020005477518114656	0.009154276911423453
2021-04-11	0	0	0	0.0021765618886759874	0.0020875709480716598	8.749834505601406e-4	3.77071175534871e-4	0.0019086341393284023
2021-04-12	0	0	0	0.0030957514470679737	0.003554500923240722	0.001428613840677162	8.085855432318212e-4	0.0036799351140308634
2021-04-13	0	0	0	0.004499875369654793	0.0053706460528368805	0.0026784970169817512	0.0026306848895945034	0.010915481149892603
2021-04-14	0	0	0	0.006503022649841039	0.007443551870983223	0.0042146241156635345	0.004257856778803637	0.03249421004546371
2021-04-15	0	0	0	0.006510731707136008	0.007928363552067053	0.004317278443802364	0.00384975378743202	0.036774342132624316
2021-04-16	0	0	0	0.010715526096906736	0.010636406884506844	0.005220237287598017	0.005947491765259771	0.03890523263831969
2021-04-17	0	0	0	0.010562610956365903	0.011730114188213125	0.005920705812417992	0.005990066870014132	0.04394006131325656
2021-04-18	0	0	0	0.005272676822047906	0.005089868978303436	0.0024176835586671164	0.001644308940052408	0.012235160055630523
2021-04-19	0	0	0	0.006043307156230249	0.006648546692795909	0.0030749866133275017	0.0024618380582097643	0.011879224310629821
2021-04-20	0	0	0	0.00835034645486843	0.008913633381961938	0.004309520028257463	0.004994428773447135	0.03835406291088317
2021-04-21	0	0	0	0.009068523738753331	0.010365170713197536	0.0053785789398883566	0.01173187405212106	0.07927256204969835
2021-04-22	0	0	0	0.010517947706966346	0.011501617072951387	0.00591047240939413	0.010567007299940201	0.09289602815316633
2021-04-23	0	0	0	0.005987592920388751	0.006035370373211002	0.0028415753400286015	0.004763307049366006	0.04276296405720226
2021-04-24	0	0	0	0.005926670642380394	0.00566544847095396	0.002456394666803252	0.0029552857159222956	0.02400454639081362
2021-04-25	0	0	0	0.0030846127121013645	0.0033202242744918564	0.0015907942015069843	9.03593268020586e-4	0.006841499001496887
2021-04-26	0	0	0	0.0039049986587371688	0.004250928308233037	0.0018581173846901056	0.001142512150819286	0.006447964243310844
2021-04-27	0	0	0	0.007305926507092275	0.006871046982223961	0.003294518462045426	0.0052746143461632755	0.029830477474747097
2021-04-28	0	0	0	0.010026873983414841	0.00940926424433619	0.005017994916836521	0.011672774639756023	0.07499499300123547
2021-04-29	0	0	0	0.009227341719770799	0.009454113666615083	0.0050268660121362	0.014750767034667156	0.07730660047306115
2021-04-30	0	0	0	0.010272281581567011	0.01005342859062286	0.0057407224844450155	0.014492620120823085	0.10184744647482824
2021-05-01	0	0	0	0.011404643364227196	0.009469231150394553	0.006027972351905664	0.02479565169730691	0.11577303609416467
2021-05-02	0	0	0	0.006542396043115906	0.005538227164641363	0.0026975768319592586	0.006553678039202371	0.03965880597609228
2021-05-03	0	0	0	0.007238959987403648	0.006959482571150533	0.003679869108532907	0.010125804774796299	0.04933755433060738
2021-05-04	0	0	0.04396141231269701	0.010300719546258996	0.009501026989739536	0.005320820035807028	0.01624816639698068	0.04877213606128605
2021-05-05	0	0	0.0930748215088153	0.01123197641376783	0.010370945488711092	0.005810191004418153	0.021194276043771332	0.06347988920588632
2021-05-06	0	0	0	0.012203030234079426	0.01150520902804164	0.006922783895714435	0.0304483285947732	0.10828796410200558
2021-05-07	0	0	0.05064113103820733	0.0105729959345362	0.010079925083358754	0.006391437042525316	0.03998183968447511	0.15654364118879172
2021-05-08	0	0	0	0.010153268973434493	0.008623419967522139	0.005499157317792935	0.036372324379237764	0.14502393620309628
2021-05-09	0	0	0	0.006024495726033363	0.005543761594658969	0.0032125947896508578	0.022496479366554967	0.06959808411097335
2021-05-10	0	0	0	0.004943211499665479	0.005038178746806121	0.0028745920810817616	0.02063866110079937	0.07189967643054729
2021-05-11	0	0	0	0.007049703135252328	0.0073325766815144355	0.005011912386329032	0.033406240668723663	0.09526899525656729
2021-05-12	0	0	0	0.007405430279759706	0.006967154598402248	0.004558595471605864	0.0456242331673582	0.09739599281853062
2021-05-13	0	0	0.04819985410293359	0.010292833423889425	0.009707775365888516	0.006796364692460921	0.060028457010485425	0.09961053865062941
2021-05-14	0	0	0	0.010185749980486936	0.009878691615536228	0.007410012596986704	0.06985186112326858	0.11135625398380777
2021-05-15	0	0	0	0.012291820925258268	0.011477521512318622	0.009921174148395995	0.09055224124141659	0.14536140773651773
2021-05-16	0	0	0	0.007316342725556035	0.006668988828391287	0.004897950935476958	0.04416196971147768	0.0792156851892083
2021-05-17	0	0	0	0.006903303900196223	0.006670791965462275	0.0049862135767013704	0.06615917368172863	0.07506720346125562
2021-05-18	0	0	0	0.007408747033232688	0.007511678464694693	0.005868509463276439	0.07230593499558924	0.07577251396269746
2021-05-19	0	0	0	0.009552038063666446	0.009203064401175576	0.010235841620943154	0.09863117041322123	0.08809808015398835
2021-05-20	0	0	0	0.011054216120574223	0.010272303808148697	0.01090858911676662	0.11986290524479815	0.09385896648190628
2021-05-21	0	0	0	0.010696777341740571	0.010115761119718458	0.01029253027892807	0.1075509295694681	0.07687190631295704
2021-05-22	0	0	0	0.01326284241096598	0.01141737026935763	0.010016855721525442	0.1170177013333793	0.060939896326330345
2021-05-23	0	0	0	0.006371434567663092	0.004986491762895673	0.004009097552080343	0.05920872505530794	0.025023052399208767
2021-05-24	0	0	0	0.004451762744192234	0.0035576604674727452	0.0028454987068031734	0.046486968255710526	0.016879926593143857
2021-05-25	0	0	0	0.007566015846135921	0.007061763226331674	0.006639360386714088	0.07698536926072919	0.04189177255893184
2021-05-26	0	0	0	0.013369254027991273	0.012504638819826663	0.015111033508701688	0.1292202917040155	0.06633084180977478
2021-05-27	0	0	0	0.02030956695010877	0.016474065105419156	0.023181262186936946	0.14300196098189089	0.06748377573369346
2021-05-28	0	0	0	0.022538804826182757	0.01972284387124068	0.02262535068162408	0.12492438159627706	0.06028840049385198
2021-05-29	0	0	0	0.026528357068113184	0.019935806088611674	0.020207205642876813	0.1396912809830868	0.04938531957915804
2021-05-30	0	0	0	0.010251418109578525	0.008352059939016332	0.007179539805120871	0.046833088764673736	0.017082803349191655
2021-05-31	0	0	0	0.011149169483708476	0.008838178263272933	0.008846568742914895	0.07319498355591669	0.03762091403861678
2021-06-01	0	0	0	0.021557182733252578	0.01703100746077979	0.018846049930241193	0.08705774992894666	0.04630361335073396
2021-06-02	0	0	0.04598315816321108	0.03661094556097866	0.02583849871895083	0.0320187421977256	0.11695227698355337	0.060102520525371794
2021-06-03	0	0	0.04819985410293359	0.035278299858079176	0.025964743055893802	0.03263855488106948	0.10591449545569565	0.05281728597082025
2021-06-04	0	0	0	0.028615468360055685	0.021690073077962335	0.02756708010722453	0.09500686372574729	0.04858228764754169
2021-06-05	0	0	0.04819985410293359	0.023517821373958636	0.01854815448637903	0.02287699180270275	0.07337600874460493	0.028898416075203714
2021-06-06	0	0	0	0.009906231336730853	0.0077851921374418875	0.012123667293907348	0.028323938152102768	0.010620533427343704
2021-06-07	0	0	0	0.011941241496955524	0.010603952062699484	0.01829498725990475	0.0500539767041015	0.02278510581796489
2021-06-08	0	0	0	0.0163605543218166	0.01344801500777848	0.025706098224298257	0.056104953201863816	0.034532882584074276
2021-06-09	0	0	0	0.02316342836966201	0.01676460331984364	0.029000420280273387	0.06386938097888684	0.03862887879794008
2021-06-10	0	0	0	0.02412212916749734	0.01901069358323837	0.03982207440486185	0.07291216907117692	0.03728482307860492
2021-06-11	0	0	0.09762053757731626	0.024307865341211654	0.01723919971685728	0.039643518168327674	0.05772715546644136	0.03110160637098902
2021-06-12	0	0	0	0.03576993931383399	0.024428390787590848	0.06003793110785072	0.09493282566295669	0.0337629243395996
2021-06-13	0	0	0	0.01267207269081072	0.008361726245126322	0.03151851085282642	0.02774321237204158	0.012034517500034037
2021-06-14	0	0	0	0.015310642490439452	0.010997915294006955	0.03796795330897473	0.03938840052450887	0.021400181806856322
2021-06-15	0	0	0	0.019414180284863525	0.012333984466710746	0.04472896190176501	0.0465339943345946	0.03340600626695034
2021-06-16	0	0	0	0.021160186561445915	0.012846183043585091	0.04921907170283135	0.050926300726209295	0.03445407417764623
2021-06-17	0	0	0	0.02388706071944524	0.013712686148027897	0.05292101098840396	0.053681989257917895	0.03424494152825952
2021-06-18	0.5857864376269049	0	0.10263340389897246	0	0	0	0.11858376891151767	0.3177157293151076
2021-06-19	0	0	0	0	0	0	0.09576524924600638	0.06487923898726633
2021-06-20	0	0	0	0	0	0	0.10132356167550549	0.04750924822182934
2021-06-21	0	0	0	0	0	0	0.026489540767020925	0.015366702879953342
2021-06-22	0	0	0	0.007266270697691146	0	0	0.047098064993414956	0.02992996892214883
2021-06-23	0	0	0	0.011432851357758178	0	0	0.04725131141312433	0.035692860555899264
2021-06-24	0	0	0	0.012781015384092376	0	0	0.04849073941740789	0.03869030128991757
2021-06-25	0	0	0	0.011459990793983188	0	0	0.03385369014413753	0.02495043266411856
2021-06-26	0	0	0.0472559770496328	0.018552108725687466	0.0068615210811437954	0	0.05083333127553269	0.03003438864860719
2021-06-27	0	0	0	0.03135989663576644	0.011327476269063164	0	0.08719965478513125	0.035743215067939316
2021-06-28	0	0	0	0.008884538998321645	0.0034154017012411053	0.02158290569103727	0.020044747680928676	0.00713282422321182
2021-06-29	0	0	0	0.01739837385795573	0.006454273305071867	0.049303952280951524	0.051539504082124266	0.03272671397156479
2021-06-30	0	0	0	0.018366693396449252	0.006087575815661772	0.05245170409367228	0.04898702902742702	0.03522337616011084
2021-07-01	0	0	0	0.016730874476502677	0.005709530566706977	0.04554035291989522	0.04008504794117007	0.023378350643469492
2021-07-02	0	0	0	0.024787127837983203	0.007830107239745088	0.07713623580885431	0.054103168467427354	0.04160806115400506
2021-07-03	0	0	0	0.023460725073570776	0.008946044531009445	0.09961026212551016	0.06339638138164472	0.03676799688134236
2021-07-04	0	0	0.03340360230083972	0.025856825674533512	0.010315940352199737	0.11609625231883669	0.05912007372339145	0.024943299622743664
2021-07-05	0	0	0.06023956249738571	0.025499135995318944	0.009236711661157804	0.10890404364184403	0.05213962701570951	0.021124618447109
2021-07-06	0	0	0	0.017965288828352577	0.006294959931942623	0.05690213640520181	0.04094158058116748	0.021935918935733323
2021-07-07	0	0	0.100825369847795	0.01841298984341444	0.00545034330923766	0.05376199325291742	0.04112864291466645	0.033128084522409784
2021-07-08	0	0	0	0.018881436385850936	0.0060946686091920554	0.05445936314577415	0.044373497289724284	0.039062349504788596
2021-07-09	0	0	0.10947010294401105	0.023548579283450888	0.006320999637580815	0.05633103548029905	0.05264687675549751	0.05810481089791364
2021-07-10	0.10656314373921028	0.5248330065850566	0.11173760435266211	0.027419408329659056	0.008602519031826628	0.07265797776168315	0.05465611053976538	0.04926013637382032
2021-07-11	0.0073509365853736686	0.053865144761420014	0.007740638631343888	0.027187636468028353	0.007795260005975413	0.0773168295517197	0.05014660139370353	0.03105289077899065
2021-07-12	0.0031077312958520675	0.02371813061935968	0.05820078599839418	0.0320772885085292	0.009120894191706475	0.08752235822680943	0.04917967358503694	0.027851150792538082
2021-07-13	7.630601551888994e-4	0.005922739945519284	0.014957569711569363	0.0291896681867434	0.008785172956659038	0.06733973856295483	0.05605385262658702	0.05282978284334616
2021-07-14	0	0	0	0.02085815746821207	0.005486346466743619	0.04533735657189997	0.045587756173752325	0.05682795952607744
2021-07-15	0	0	0	0.02383695258436669	0.00630832466069986	0.0418746088929145	0.05477618928475336	0.06518223552734481
2021-07-16	0	2	0.07259180716999358	0.017713179679493152	0.006314323090401253	0.039895730455698386	0.057049999460823564	0.06332014442919331
2021-07-17	0	0	0	0.008512223207106429	0.0042222723303648735	0.02206476024117876	0.01816737308763483	0.018350802837679536
2021-07-18	0	0	0	0.005347705396085978	0.0022474571051644965	0.016897894731482177	0.017550440142553247	0.019893074537926214
2021-07-19	0	0	0	0.0013543395474719944	6.16693897660614e-4	0.003991702947885312	0.007705301943784271	0.012153241962290062
2021-07-20	0	0	0	6.669461969235346e-4	3.7621517806263327e-4	0.0016615248361924184	0.0021808936031688653	0.005731843925704583
2021-07-21	0	0	0	0.002160485667390466	0.0015436242713851023	0.007833617708883356	0.01583942084228096	0.024408815995629718
2021-07-22	0	0	0	0.002355940527759337	0.0022259666466000194	0.013362663227025617	0.02856402520581458	0.05338852118014037
2021-07-23	0	0	0	0.0012834573767706026	0.002104881560878402	0.01266560729656896	0.030950137653672494	0.050002281231373624
2021-07-24	0	0	0	0.0012303016213401907	0.0025553794550938758	0.015662183565734455	0.03300338732872299	0.05937454905598516
2021-07-25	0	0	0	0.0015414668679329946	0.0036506468287271776	0.021447447007773013	0.04213302369289784	0.05288611399089871
2021-07-26	0	0	0	8.017347476787506e-4	0.0024858093649973156	0.01337861338580626	0.01218400515074558	0.02108651422968788
2021-07-27	0	0	0	3.499259783370512e-4	0.0010681043051710137	0.009613060615888402	0.025324762550981372	0.026419814992969748
