2020-02-17	0	0	0	0	0	0	0	0
2020-02-18	0	0	0	0	0	0	0	0
2020-02-19	0	0	0	0	0	0	0	0
2020-02-20	0	0	0	0	0	0	0	0
2020-02-21	0	0	0	0	0	0	0	0
2020-02-22	0	0	0	0	0	0	0	0
2020-02-23	0	0	0	0	0	0	0	0
2020-02-24	0	0	0	0	0	0	0	0
2020-02-25	0	0	0	0	0	0	0	0
2020-02-26	0	0	0	0	0	0	0	0
2020-02-27	0	0	0	0	0	0	0	0
2020-02-28	0	0	0	0	0	0	0	0
2020-02-29	0	0	0	0	0	0	0	0
2020-03-01	0	0	0	0	0	0	0	0
2020-03-02	0	0	0	0	0	0	0	0
2020-03-03	0	0	0	0	0	0	0	0
2020-03-04	0	0	0	0	0	0	0	0
2020-03-05	0	0	0	0	0	0	0	0
2020-03-06	0	0	0	0	0	0	0	0
2020-03-07	0	0	0	0	0	0	0	0
2020-03-08	0	0	0	0	0	0	0	0
2020-03-09	0	0	0	0	0	0	0	0
2020-03-10	0	0	0	0	0	0	0	0
2020-03-11	0	0	0	0	0	0	0	0
2020-03-12	0	0	0	0	0	0	0	0
2020-03-13	0	0	0	0	0	0	0	0
2020-03-14	0	0	0	0	0	0	0	0
2020-03-15	0	0	0	0	0	0	0	0
2020-03-16	0	0	0	0	0	0	0	0
2020-03-17	0	0	0	0	0	0	0	0
2020-03-18	0	0	0	0	0	0	0	0
2020-03-19	0	0	0	0	0	0	0	0
2020-03-20	0	0	0	0	0	0	0	0
2020-03-21	0	0	0	0	0	0	0	0
2020-03-22	0	0	0	0	0	0	0	0
2020-03-23	0	0	0	0	0	0	0	0
2020-03-24	0	0	0	0	0	0	0	0
2020-03-25	0	0	0	0	0	0	0	0
2020-03-26	0	0	0	0	0	0	0	0
2020-03-27	0	0	0	0	0	0	0	0
2020-03-28	0	0	0	0	0	0	0	0
2020-03-29	0	0	0	0	0	0	0	0
2020-03-30	0	0	0	0	0	0	0	0
2020-03-31	0	0	0	0	0	0	0	0
2020-04-01	0	0	0	0	0	0	0	0
2020-04-02	0	0	0	0	0	0	0	0
2020-04-03	0	0	0	0	0	0	0	0
2020-04-04	0	0	0	0	0	0	0	0
2020-04-05	0	0	0	0	0	0	0	0
2020-04-06	0	0	0	0	0	0	0	0
2020-04-07	0	0	0	0	0	0	0	0
2020-04-08	0	0	0	0	0	0	0	0
2020-04-09	0	0	0	0	0	0	0	0
2020-04-10	0	0	0	0	0	0	0	0
2020-04-11	0	0	0	0	0	0	0	0
2020-04-12	0	0	0	0	0	0	0	0
2020-04-13	0	0	0	0	0	0	0	0
2020-04-14	0	0	0	0	0	0	0	0
2020-04-15	0	0	0	0	0	0	0	0
2020-04-16	0	0	0	0	0	0	0	0
2020-04-17	0	0	0	0	0	0	0	0
2020-04-18	0	0	0	0	0	0	0	0
2020-04-19	0	0	0	0	0	0	0	0
2020-04-20	0	0	0	0	0	0	0	0
2020-04-21	0	0	0	0	0	0	0	0
2020-04-22	0	0	0	0	0	0	0	0
2020-04-23	0	0	0	0	0	0	0	0
2020-04-24	0	0	0	0	0	0	0	0
2020-04-25	0	0	0	0	0	0	0	0
2020-04-26	0	0	0	0	0	0	0	0
2020-04-27	0	0	0	0	0	0	0	0
2020-04-28	0	0	0	0	0	0	0	0
2020-04-29	0	0	0	0	0	0	0	0
2020-04-30	0	0	0	0	0	0	0	0
2020-05-01	0	0	0	0	0	0	0	0
2020-05-02	0	0	0	0	0	0	0	0
2020-05-03	0	0	0	0	0	0	0	0
2020-05-04	0	0	0	0	0	0	0	0
2020-05-05	0	0	0	0	0	0	0	0
2020-05-06	0	0	0	0	0	0	0	0
2020-05-07	0	0	0	0	0	0	0	0
2020-05-08	0	0	0	0	0	0	0	0
2020-05-09	0	0	0	0	0	0	0	0
2020-05-10	0	0	0	0	0	0	0	0
2020-05-11	0	0	0	0	0	0	0	0
2020-05-12	0	0	0	0	0	0	0	0
2020-05-13	0	0	0	0	0	0	0	0
2020-05-14	0	0	0	0	0	0	0	0
2020-05-15	0	0	0	0	0	0	0	0
2020-05-16	0	0	0	0	0	0	0	0
2020-05-17	0	0	0	0	0	0	0	0
2020-05-18	0	0	0	0	0	0	0	0
2020-05-19	0	0	0	0	0	0	0	0
2020-05-20	0	0	0	0	0	0	0	0
2020-05-21	0	0	0	0	0	0	0	0
2020-05-22	0	0	0	0	0	0	0	0
2020-05-23	0	0	0	0	0	0	0	0
2020-05-24	0	0	0	0	0	0	0	0
2020-05-25	0	0	0	0	0	0	0	0
2020-05-26	0	0	0	0	0	0	0	0
2020-05-27	0	0	0	0	0	0	0	0
2020-05-28	0	0	0	0	0	0	0	0
2020-05-29	0	0	0	0	0	0	0	0
2020-05-30	0	0	0	0	0	0	0	0
2020-05-31	0	0	0	0	0	0	0	0
2020-06-01	0	0	0	0	0	0	0	0
2020-06-02	0	0	0	0	0	0	0	0
2020-06-03	0	0	0	0	0	0	0	0
2020-06-04	0	0	0	0	0	0	0	0
2020-06-05	0	0	0	0	0	0	0	0
2020-06-06	0	0	0	0	0	0	0	0
2020-06-07	0	0	0	0	0	0	0	0
2020-06-08	0	0	0	0	0	0	0	0
2020-06-09	0	0	0	0	0	0	0	0
2020-06-10	0	0	0	0	0	0	0	0
2020-06-11	0	0	0	0	0	0	0	0
2020-06-12	0	0	0	0	0	0	0	0
2020-06-13	0	0	0	0	0	0	0	0
2020-06-14	0	0	0	0	0	0	0	0
2020-06-15	0	0	0	0	0	0	0	0
2020-06-16	0	0	0	0	0	0	0	0
2020-06-17	0	0	0	0	0	0	0	0
2020-06-18	0	0	0	0	0	0	0	0
2020-06-19	0	0	0	0	0	0	0	0
2020-06-20	0	0	0	0	0	0	0	0
2020-06-21	0	0	0	0	0	0	0	0
2020-06-22	0	0	0	0	0	0	0	0
2020-06-23	0	0	0	0	0	0	0	0
2020-06-24	0	0	0	0	0	0	0	0
2020-06-25	0	0	0	0	0	0	0	0
2020-06-26	0	0	0	0	0	0	0	0
2020-06-27	0	0	0	0	0	0	0	0
2020-06-28	0	0	0	0	0	0	0	0
2020-06-29	0	0	0	0	0	0	0	0
2020-06-30	0	0	0	0	0	0	0	0
2020-07-01	0	0	0	0	0	0	0	0
2020-07-02	0	0	0	0	0	0	0	0
2020-07-03	0	0	0	0	0	0	0	0
2020-07-04	0	0	0	0	0	0	0	0
2020-07-05	0	0	0	0	0	0	0	0
2020-07-06	0	0	0	0	0	0	0	0
2020-07-07	0	0	0	0	0	0	0	0
2020-07-08	0	0	0	0	0	0	0	0
2020-07-09	0	0	0	0	0	0	0	0
2020-07-10	0	0	0	0	0	0	0	0
2020-07-11	0	0	0	0	0	0	0	0
2020-07-12	0	0	0	0	0	0	0	0
2020-07-13	0	0	0	0	0	0	0	0
2020-07-14	0	0	0	0	0	0	0	0
2020-07-15	0	0	0	0	0	0	0	0
2020-07-16	0	0	0	0	0	0	0	0
2020-07-17	0	0	0	0	0	0	0	0
2020-07-18	0	0	0	0	0	0	0	0
2020-07-19	0	0	0	0	0	0	0	0
2020-07-20	0	0	0	0	0	0	0	0
2020-07-21	0	0	0	0	0	0	0	0
2020-07-22	0	0	0	0	0	0	0	0
2020-07-23	0	0	0	0	0	0	0	0
2020-07-24	0	0	0	0	0	0	0	0
2020-07-25	0	0	0	0	0	0	0	0
2020-07-26	0	0	0	0	0	0	0	0
2020-07-27	0	0	0	0	0	0	0	0
2020-07-28	0	0	0	0	0	0	0	0
2020-07-29	0	0	0	0	0	0	0	0
2020-07-30	0	0	0	0	0	0	0	0
2020-07-31	0	0	0	0	0	0	0	0
2020-08-01	0	0	0	0	0	0	0	0
2020-08-02	0	0	0	0	0	0	0	0
2020-08-03	0	0	0	0	0	0	0	0
2020-08-04	0	0	0	0	0	0	0	0
2020-08-05	0	0	0	0	0	0	0	0
2020-08-06	0	0	0	0	0	0	0	0
2020-08-07	0	0	0	0	0	0	0	0
2020-08-08	0	0	0	0	0	0	0	0
2020-08-09	0	0	0	0	0	0	0	0
2020-08-10	0	0	0	0	0	0	0	0
2020-08-11	0	0	0	0	0	0	0	0
2020-08-12	0	0	0	0	0	0	0	0
2020-08-13	0	0	0	0	0	0	0	0
2020-08-14	0	0	0	0	0	0	0	0
2020-08-15	0	0	0	0	0	0	0	0
2020-08-16	0	0	0	0	0	0	0	0
2020-08-17	0	0	0	0	0	0	0	0
2020-08-18	0	0	0	0	0	0	0	0
2020-08-19	0	0	0	0	0	0	0	0
2020-08-20	0	0	0	0	0	0	0	0
2020-08-21	0	0	0	0	0	0	0	0
2020-08-22	0	0	0	0	0	0	0	0
2020-08-23	0	0	0	0	0	0	0	0
2020-08-24	0	0	0	0	0	0	0	0
2020-08-25	0	0	0	0	0	0	0	0
2020-08-26	0	0	0	0	0	0	0	0
2020-08-27	0	0	0	0	0	0	0	0
2020-08-28	0	0	0	0	0	0	0	0
2020-08-29	0	0	0	0	0	0	0	0
2020-08-30	0	0	0	0	0	0	0	0
2020-08-31	0	0	0	0	0	0	0	0
2020-09-01	0	0	0	0	0	0	0	0
2020-09-02	0	0	0	0	0	0	0	0
2020-09-03	0	0	0	0	0	0	0	0
2020-09-04	0	0	0	0	0	0	0	0
2020-09-05	0	0	0	0	0	0	0	0
2020-09-06	0	0	0	0	0	0	0	0
2020-09-07	0	0	0	0	0	0	0	0
2020-09-08	0	0	0	0	0	0	0	0
2020-09-09	0	0	0	0	0	0	0	0
2020-09-10	0	0	0	0	0	0	0	0
2020-09-11	0	0	0	0	0	0	0	0
2020-09-12	0	0	0	0	0	0	0	0
2020-09-13	0	0	0	0	0	0	0	0
2020-09-14	0	0	0	0	0	0	0	0
2020-09-15	0	0	0	0	0	0	0	0
2020-09-16	0	0	0	0	0	0	0	0
2020-09-17	0	0	0	0	0	0	0	0
2020-09-18	0	0	0	0	0	0	0	0
2020-09-19	0	0	0	0	0	0	0	0
2020-09-20	0	0	0	0	0	0	0	0
2020-09-21	0	0	0	0	0	0	0	0
2020-09-22	0	0	0	0	0	0	0	0
2020-09-23	0	0	0	0	0	0	0	0
2020-09-24	0	0	0	0	0	0	0	0
2020-09-25	0	0	0	0	0	0	0	0
2020-09-26	0	0	0	0	0	0	0	0
2020-09-27	0	0	0	0	0	0	0	0
2020-09-28	0	0	0	0	0	0	0	0
2020-09-29	0	0	0	0	0	0	0	0
2020-09-30	0	0	0	0	0	0	0	0
2020-10-01	0	0	0	0	0	0	0	0
2020-10-02	0	0	0	0	0	0	0	0
2020-10-03	0	0	0	0	0	0	0	0
2020-10-04	0	0	0	0	0	0	0	0
2020-10-05	0	0	0	0	0	0	0	0
2020-10-06	0	0	0	0	0	0	0	0
2020-10-07	0	0	0	0	0	0	0	0
2020-10-08	0	0	0	0	0	0	0	0
2020-10-09	0	0	0	0	0	0	0	0
2020-10-10	0	0	0	0	0	0	0	0
2020-10-11	0	0	0	0	0	0	0	0
2020-10-12	0	0	0	0	0	0	0	0
2020-10-13	0	0	0	0	0	0	0	0
2020-10-14	0	0	0	0	0	0	0	0
2020-10-15	0	0	0	0	0	0	0	0
2020-10-16	0	0	0	0	0	0	0	0
2020-10-17	0	0	0	0	0	0	0	0
2020-10-18	0	0	0	0	0	0	0	0
2020-10-19	0	0	0	0	0	0	0	0
2020-10-20	0	0	0	0	0	0	0	0
2020-10-21	0	0	0	0	0	0	0	0
2020-10-22	0	0	0	0	0	0	0	0
2020-10-23	0	0	0	0	0	0	0	0
2020-10-24	0	0	0	0	0	0	0	0
2020-10-25	0	0	0	0	0	0	0	0
2020-10-26	0	0	0	0	0	0	0	0
2020-10-27	0	0	0	0	0	0	0	0
2020-10-28	0	0	0	0	0	0	0	0
2020-10-29	0	0	0	0	0	0	0	0
2020-10-30	0	0	0	0	0	0	0	0
2020-10-31	0	0	0	0	0	0	0	0
2020-11-01	0	0	0	0	0	0	0	0
2020-11-02	0	0	0	0	0	0	0	0
2020-11-03	0	0	0	0	0	0	0	0
2020-11-04	0	0	0	0	0	0	0	0
2020-11-05	0	0	0	0	0	0	0	0
2020-11-06	0	0	0	0	0	0	0	0
2020-11-07	0	0	0	0	0	0	0	0
2020-11-08	0	0	0	0	0	0	0	0
2020-11-09	0	0	0	0	0	0	0	0
2020-11-10	0	0	0	0	0	0	0	0
2020-11-11	0	0	0	0	0	0	0	0
2020-11-12	0	0	0	0	0	0	0	0
2020-11-13	0	0	0	0	0	0	0	0
2020-11-14	0	0	0	0	0	0	0	0
2020-11-15	0	0	0	0	0	0	0	0
2020-11-16	0	0	0	0	0	0	0	0
2020-11-17	0	0	0	0	0	0	0	0
2020-11-18	0	0	0	0	0	0	0	0
2020-11-19	0	0	0	0	0	0	0	0
2020-11-20	0	0	0	0	0	0	0	0
2020-11-21	0	0	0	0	0	0	0	0
2020-11-22	0	0	0	0	0	0	0	0
2020-11-23	0	0	0	0	0	0	0	0
2020-11-24	0	0	0	0	0	0	0	0
2020-11-25	0	0	0	0	0	0	0	0
2020-11-26	0	0	0	0	0	0	0	0
2020-11-27	0	0	0	0	0	0	0	0
2020-11-28	0	0	0	0	0	0	0	0
2020-11-29	0	0	0	0	0	0	0	0
2020-11-30	0	0	0	0	0	0	0	0
2020-12-01	0	0	0	0	0	0	0	0
2020-12-02	0	0	0	0	0	0	0	0
2020-12-03	0	0	0	0	0	0	0	0
2020-12-04	0	0	0	0	0	0	0	0
2020-12-05	0	0	0	0	0	0	0	0
2020-12-06	0	0	0	0	0	0	0	0
2020-12-07	0	0	0	0	0	0	0	0
2020-12-08	0	0	0	0	0	0	0	0
2020-12-09	0	0	0	0	0	0	0	0
2020-12-10	0	0	0	0	0	0	0	0
2020-12-11	0	0	0	0	0	0	0	0
2020-12-12	0	0	0	0	0	0	0	0
2020-12-13	0	0	0	0	0	0	0	0
2020-12-14	0	0	0	0	0	0	0	0
2020-12-15	0	0	0	0	0	0	0	0
2020-12-16	0	0	0	0	0	0	0	0
2020-12-17	0	0	0	0	0	0	0	0
2020-12-18	0	0	0	0	0	0	0	0
2020-12-19	0	0	0	0	0	0	0	0
2020-12-20	0	0	0	0	0	0	0	0
2020-12-21	0	0	0	0	0	0	0	0
2020-12-22	0	0	0	0	0	0	0	0
2020-12-23	0	0	0	0	0	0	0	0
2020-12-24	0	0	0	0	0	0	0	0
2020-12-25	0	0	0	0	0	0	0	0
2020-12-26	0	0	0	0	0	0	0	0
2020-12-27	0	0	0	0	0	0	0	0
2020-12-28	0	0	0	0	0	0	0	0
2020-12-29	0	0	0	8.75480632789305e-6	3.656444401944903e-5	5.79823696551518e-5	3.301888637086137e-5	6.801768449711254e-4
2020-12-30	0	0	0	2.2373666001218595e-5	9.435413741210041e-5	1.3282450329366036e-4	4.866120850821609e-5	5.813222929043071e-4
2020-12-31	0	0	0	2.2374166593452927e-5	1.6195453022516126e-4	1.9777939392784383e-4	9.5590289645342e-5	9.72979185110745e-4
2021-01-01	0	0	0	3.210286146138053e-5	1.394463638155763e-4	2.0922218734598097e-4	1.0950518006813681e-4	0.0010464722429956996
2021-01-02	0	0	0	1.1674082952106701e-5	4.6378651977985186e-5	7.239759771260346e-5	4.1720120575572395e-5	0.0011596182118016607
2021-01-03	0	0	0	3.8913988411604095e-6	8.1655563279881e-6	3.96721100104358e-6	0	1.45338501156278e-5
2021-01-04	0	0	0	2.432146162356652e-5	9.864295714079319e-5	1.4976826852919345e-4	7.996766528028942e-5	0.0015245756927197984
2021-01-05	0	0	0	3.9888322429959544e-5	1.7574890546123711e-4	3.3679682895826346e-4	2.1385084138847432e-4	0.0076712691372211594
2021-01-06	0	0	0	6.032164084013303e-5	2.5583334016587855e-4	4.902505710542293e-4	4.295553238971017e-4	0.02031215107343476
2021-01-07	0	0	0	7.492037888012781e-5	2.8825616121586073e-4	5.813543021713219e-4	5.237034623328807e-4	0.021150441359119476
2021-01-08	0	0	0	7.979141359992781e-5	3.569976137061115e-4	6.413118493988623e-4	5.030857601440175e-4	0.017437706022908506
2021-01-09	0	0	0	3.6979063527953215e-5	1.6645422525374265e-4	2.688923276072952e-4	2.9258302199752784e-4	0.013550131313333713
2021-01-10	0	0	0	8.077393107397413e-5	3.840086911637286e-4	6.921227492004967e-4	5.92349987294627e-4	0.014433060524930763
2021-01-11	0	0	0	9.051326133402426e-5	4.191724139623876e-4	6.488098192751757e-4	5.1947554765297e-4	0.011171529581780915
2021-01-12	0	0	0	1.1290911312067387e-4	5.002162334892812e-4	6.980314680256061e-4	4.3253048275992967e-4	0.009106005165614883
2021-01-13	0	0	8.896949525993847e-7	1.0708092064160013e-4	6.855530223872641e-4	8.420396366011218e-4	5.950109078871613e-4	0.004667908927134867
2021-01-14	0	0	0	5.549261255666238e-5	3.054528930470646e-4	3.2409230062269145e-4	1.5187984057063453e-4	0.0013649621476203855
2021-01-15	0	0	0	4.867981557188372e-6	3.015913863047004e-5	2.743004994520959e-5	3.142724200833058e-5	9.391016089632664e-5
2021-01-16	0	0	0	2.9208209260778162e-5	1.445756710047874e-4	1.4713325217674544e-4	4.7142529770782815e-5	2.3479331731968145e-5
2021-01-17	0	0	0	2.920906240522214e-5	1.7082836788673283e-4	1.9005633766688845e-4	5.587538393592162e-5	4.695954552547121e-6
2021-01-18	0	0	0	3.6999298477002895e-5	1.6987368872500852e-4	1.9807574699615138e-4	7.159461733019512e-5	2.535985169984656e-4
2021-01-19	0	0	0	1.5092807398064956e-4	6.69525920777847e-4	8.709542065270526e-4	6.514774782162558e-4	0.006883794970726775
2021-01-20	0	0	0	2.795115379115032e-4	0.0013336051054113618	0.0018347866750909603	0.0013057655655135392	0.01602683156654061
2021-01-21	0	0	0	3.214827976327772e-4	0.0011982557826135665	0.0016443520236084641	0.0010588646301283866	0.011870957220790013
2021-01-22	0	0	0	1.003683176832304e-4	2.961536566696843e-4	4.7617938402177984e-4	2.242148545883449e-4	0.002233802893611081
2021-01-23	0	0	0	9.063269666897966e-5	2.7945320459643597e-4	3.500221548704552e-4	2.172564719051806e-4	0.0031784829849359486
2021-01-24	0	0	0	8.576763990886249e-5	1.392669047799444e-4	1.3794367876340807e-4	5.432370709468337e-5	5.624004720394815e-5
2021-01-25	0	0	0	2.0957039831803748e-4	7.297967416615148e-4	8.334396820011136e-4	3.242293549643449e-4	6.187623312055024e-4
2021-01-26	0	0	0	4.4362836871481015e-4	0.0013478246600033827	0.0017535427401857984	9.380842994626271e-4	0.003820714190393426
2021-01-27	0	0	0	5.911384958814381e-4	0.0017316966559375313	0.0024358350436586296	0.0016553322562200545	0.008119524671122758
2021-01-28	0	0	8.896957441884012e-7	6.920390101361473e-4	0.0017651358100900794	0.0026305902890397803	0.002384688200789409	0.023353927103294092
2021-01-29	0	0	0	6.534417335410936e-4	0.0016280776652786155	0.0026026018062823564	0.0030995934323929664	0.03784513434979453
2021-01-30	0	0	0	4.681445536163231e-4	9.895616454855816e-4	0.001541894200790761	0.0023765872197087923	0.028586920496364687
2021-01-31	0	0	0	2.395460757134149e-4	5.99977983318789e-4	8.844734477433391e-4	0.0017598250317625297	0.019052891238696024
2021-02-01	0	0	0	5.584673066858503e-4	0.0013128714893069215	0.0017871778161242524	0.002493053626795305	0.011897848180609127
2021-02-02	0	0	0	7.202770951588722e-4	0.0015792184533791609	0.002344721619352841	0.0034738554697038015	0.01877635532646038
2021-02-03	8.169884579967146e-6	0	0	0.0010019380734747063	0.0019638355114532935	0.0031257414460292843	0.005586555652311587	0.04460113321342929
2021-02-04	0	0	0	0.0010755116259213438	0.0020739545511194724	0.003564616449423408	0.008870085015050932	0.06461915973756627
2021-02-05	0	2.0264256030966266e-6	0	0.0011326290807416317	0.0022543974762732066	0.003816636471573487	0.00783813224238683	0.07136449388949107
2021-02-06	0	0	8.896965355553732e-7	6.572769899921838e-4	0.0012572312361998073	0.002226954178811358	0.005626887804379033	0.0660367028241069
2021-02-07	0	0	0	2.8999462187839775e-4	7.449850787237811e-4	0.00135116186124562	0.004129401365547292	0.03692029381244666
2021-02-08	0	0	0	5.998703038354591e-4	0.001262777641664492	0.002151549157951571	0.003618272734747574	0.022168155863939498
2021-02-09	0	0	0	8.610423291377511e-4	0.001706656640637183	0.0030814268516350385	0.012287491681882923	0.06608386132495259
2021-02-10	0	0	0	9.997043371317016e-4	0.0019331539585394353	0.003568189753686779	0.019000874929992806	0.07104153835386717
2021-02-11	0	0	0	9.237855289425667e-4	0.002001775485289903	0.0039847120010536585	0.021535074463137516	0.060663381246617964
2021-02-12	0	0	0	8.979898802203845e-4	0.0018801792830183128	0.004324686713559123	0.029479896175073295	0.09310970703659582
2021-02-13	0	0	0	7.555550228477426e-4	0.001570322507363331	0.003857700822399446	0.03250918020610882	0.09192889559380579
2021-02-14	0	0	0	3.3700922344892525e-4	6.738538374893022e-4	0.0019390842546760378	0.01879776451759696	0.05031415106168047
2021-02-15	0	0	0	5.447634223711972e-4	0.0011411918228918516	0.00265255865091496	0.019117299345235095	0.05056704182857463
2021-02-16	0	0	8.896973271443898e-7	7.518462542284166e-4	0.0014232025283809069	0.003400707491464372	0.02811423232607102	0.058541374675217694
2021-02-17	0	0	0	8.969866749664046e-4	0.0017278485553287037	0.004443922632924258	0.034283131586931415	0.05270320907038095
2021-02-18	0	0	0	9.077036359479429e-4	0.0019124730761361786	0.0049957478170645775	0.04829155680257102	0.0661230038831262
2021-02-19	0	0	0	0.0010990145407800966	0.0023478982768105894	0.006360272099921183	0.0668341148416729	0.08333705834216798
2021-02-20	0	0	8.896981187334063e-7	8.2511101179783e-4	0.0017389218581493893	0.005361664655632703	0.06940351904304887	0.067038374849278215
2021-02-21	0	0	1.7793982163283317e-6	6.598115344493838e-4	0.0012326663912407554	0.005115102068898203	0.06766230633216952	0.033210774303152224
2021-02-22	0	2.0264297093675054e-6	8.89700493500456e-7	5.965993967875782e-4	0.0011310518164853178	0.00441236743388429	0.05460045367009769	0.038737115023163904
2021-02-23	8.169951327463565e-6	0	0	6.59646211781606e-4	0.0013908185987872024	0.005529325008246655	0.054374620667482665	0.036609489251187455
2021-02-24	0	0	8.897012850894725e-7	8.014849198390017e-4	0.0016543932503854109	0.006186013236587629	0.06284820296884264	0.0319820921111591
2021-02-25	0	0	0	8.768766078224299e-4	0.0018508617701564756	0.007076520999039326	0.07520299087000315	0.038851488475082574
2021-02-26	0	0	1.7794045488184196e-6	8.926094134167339e-4	0.002083000846419214	0.008504706406429197	0.07960353381363561	0.038587867683977706
2021-02-27	0	0	1.7794077151744858e-6	6.927299005454746e-4	0.0016002328409068234	0.007147844221987443	0.0711238134664487	0.024877905385039867
2021-02-28	0	0	8.897052428125107e-7	3.595602607102677e-4	7.877022978339809e-4	0.004042995060017152	0.0423711508409228	0.015256795085003105
2021-03-01	0	0	0	4.925912798630083e-4	9.185827950917158e-4	0.004239025413764086	0.05062516920616611	0.02172441884686971
2021-03-02	0	0	0	6.38808214133979e-4	0.0012880122433391872	0.006530497963570525	0.06493133927239714	0.02432687803031164
2021-03-03	0	2.026433815860429e-6	0	8.423281241505265e-4	0.001592980556672563	0.008911391346351216	0.06360776791651501	0.027524860968416442
2021-03-04	0	0	1.7794124647085852e-6	9.802407985985973e-4	0.0021547444664400395	0.011900891181444884	0.0857151052873828	0.031073588427371623
2021-03-05	0	0	2.6691240402332284e-6	0.0010964929589718508	0.0030340947454612355	0.01469331910809979	0.08609604670340221	0.029198082870783182
2021-03-06	0	0	2.6691311645343774e-6	9.812760489613659e-4	0.002410790148554387	0.012606996782259294	0.06374536818721532	0.01708692078838636
2021-03-07	0	0	0	7.532083174264237e-4	0.001946909506174821	0.009963388526363248	0.04626597853871628	0.010053691983219037
2021-03-08	0	0	0	8.372114192409796e-4	0.002058490058791218	0.007960515379570099	0.04446709923874037	0.014516386679331639
2021-03-09	0	0	0	0.0017325437179946945	0.0034524996396301244	0.015365356753571868	0.06572819206682579	0.013055860728022672
2021-03-10	0	0	8.897123671136598e-7	0.002227664955087416	0.004535859673802989	0.02069795346107206	0.06615914018998348	0.01465866165915286
2021-03-11	0	0	0	0.002125495732742788	0.004424364586932628	0.018908211864416602	0.05799278158584653	0.01543197913089589
2021-03-12	0	0	8.897131587026763e-7	0.0020358248605811813	0.004487679563084823	0.017759397711721192	0.04558620731021801	0.011974776611168192
2021-03-13	0	0	0	0.0017081241445107143	0.004078077812896375	0.01631960527953913	0.03454195724533493	0.007872470828520717
2021-03-14	0	0	0	6.694098435846563e-4	0.0015313147694335782	0.005666238726707462	0.015676384304284197	0.003369595478209142
2021-03-15	0	0	0	0.0010369015640536716	0.0023686352613470074	0.00923501143242067	0.026222322720278912	0.00657613414338476
2021-03-16	0	0	0	0.0022302820822732716	0.0050506712381335195	0.018670836853419415	0.03087347214718572	0.00941035240912802
2021-03-17	0	0	1.7794282964889163e-6	0.0023618474615281215	0.005366639809830875	0.024078359796585236	0.034035748277334577	0.012426107071324966
2021-03-18	8.170018076070207e-6	0	1.7794314628449825e-6	0.002612012583238066	0.006234537818779362	0.02499148315559263	0.03744742497330966	0.012780167947191057
2021-03-19	0	0	2.6691525374378244e-6	0.0026598960834280927	0.006476094083273987	0.024047505342502218	0.03595565774613041	0.011790455531934141
2021-03-20	0	0	0	0.002352194532649232	0.005911157904116449	0.022695575381751265	0.02748733424838945	0.006189683991652428
2021-03-21	0	0	0	0.0011228773739915265	0.0027208642194946897	0.010627624581047268	0.013289519471754163	0.003775207141188064
2021-03-22	0	0	0	7.919885719702702e-4	0.0023979762870054433	0.010300171713086614	0.013571283539854262	0.004886995696988805
2021-03-23	0	0	0	0.0010052725837044196	0.0029037911790454896	0.01541062912131319	0.019719001978298234	0.007071250192842271
2021-03-24	0	0	0	0.001397983427567917	0.003366906828234262	0.016542226429582474	0.02098215186213248	0.007439422063967749
2021-03-25	0	0	1.7794393787351481e-6	0.001558310370321836	0.003811198410348604	0.020072481937090547	0.02130926860794813	0.009673904152796453
2021-03-26	0	0	0	0.0020574095100682754	0.00472627112923707	0.022325252003235985	0.024753960566036293	0.009557999745624546
2021-03-27	0	0	8.897210745928419e-7	0.0019941074942215753	0.004796285739923523	0.026559407645648125	0.022568158639680425	0.008588381858675831
2021-03-28	0	0	0	7.448882821945446e-4	0.0019499641809082036	0.010964022481674718	0.008101533525480376	0.002872468069430978
2021-03-29	0	0	0	7.652286634918237e-4	0.002085394444305777	0.013064888694314325	0.01113678110255445	0.004281461264288966
2021-03-30	0	0	0	0.001039912167514423	0.002830293516121074	0.017649767820852036	0.016167792712652007	0.006320699500227844
2021-03-31	0	0	0	0.0013154152478260794	0.003004507686567459	0.020551076086021025	0.01613183942161056	0.006644453649929272
2021-04-01	0	0	0	8.731271526254414e-4	0.002025633937329241	0.01508374154265879	0.011527473535088761	0.005362748671107198
2021-04-02	0	0	0	0.0015337421559897813	0.003452375143152109	0.024838849048380185	0.01427823412668805	0.005948507304405437
2021-04-03	0	0	1.779444128491292e-6	0.0016219953154859024	0.003728235469434793	0.029923423803583482	0.014217892910689756	0.004388850167482916
2021-04-04	0	0	0	6.773806953104256e-4	0.0017587140400461276	0.01649131416029448	0.0066266818191389465	0.0015987620655106838
2021-04-05	0	0	0	0.0010966204715570083	0.0030932624900388284	0.030007622941719214	0.012722694092251796	0.004073966243618665
2021-04-06	0	0	0	0.001754706127769845	0.0040603040012046065	0.03223189679541871	0.015340668493073473	0.0046903817723598085
2021-04-07	0	0	0	0.0019663017763211776	0.004416152210355184	0.037883617143103177	0.013136782121059731	0.004781362990802895
2021-04-08	0	0	0	0.0020123849003341743	0.004683381973455525	0.03817611221806372	0.01274338644590034	0.005635031293234949
2021-04-09	8.170084826009116e-6	0	0	0.002531447900248507	0.00608335008515315	0.05510197155792995	0.015702938583595838	0.006955575078380072
2021-04-10	0	0	0	0.0024827361195296493	0.005831726242142121	0.06062543690538269	0.013870541941887637	0.004707680123937852
2021-04-11	0	0	0	0.001164932243129968	0.003426222886382835	0.030896996058870085	0.005934061852882033	0.0020558872763181135
2021-04-12	0	0	0	0.0013704883614744645	0.0035862140000526566	0.031114615893529596	0.00843579788693205	0.0026415670730715046
2021-04-13	0	0	0	0.001703624983610652	0.004252844170572034	0.029345953549233084	0.00845461212801868	0.004168658375084622
2021-04-14	0	0	0	0.001822842812983616	0.004328671802996675	0.035526027667646565	0.012197295607348169	0.005074123975328693
2021-04-15	0	0	0	0.0018571743225210824	0.004737030715646684	0.0364878011651919	0.01491348413924376	0.006314509665023005
2021-04-16	0	0	0	0.0023265937288374783	0.006227484005710382	0.04606092329827938	0.014313514254545856	0.006066983993545438
2021-04-17	0	0	0	0.0024866534492344883	0.005797673807304449	0.04620490038656677	0.01256789868511965	0.005055254708401291
2021-04-18	0	0	0	0.0015822834091454574	0.0034931145606529324	0.024820321196672657	0.006015896683783772	0.002139678029002834
2021-04-19	0	0	8.897234495819362e-7	0.001452228036125769	0.003772888635970917	0.021777283329911912	0.009340687066359488	0.0037084872568473592
2021-04-20	0	0	8.897242411709527e-7	0.001524494491050632	0.003528238858924615	0.019297216083120627	0.009867948609977084	0.005476361568673038
2021-04-21	0	0	0	0.0021084666284727493	0.005078565826302395	0.025234022409903023	0.012533273229422992	0.005966080139613084
2021-04-22	0	0	0	0.001327490069623627	0.0029674705668798484	0.011917536922406047	0.007301390700885868	0.004171708941959951
2021-04-23	0	0	0	7.631833695764811e-4	0.0014850649675215433	0.007596405440614573	0.0036251260629081017	0.0015004239419713628
2021-04-24	0	0	0	8.451506066275982e-4	0.0020203419009670043	0.00897956277854739	0.004366774489169334	0.002876484385126332
2021-04-25	0	0	0	2.5079057484300726e-4	6.751473690884691e-4	0.002592259904198535	0.0011054523328648536	4.2780152358923296e-4
2021-04-26	0	0	0	2.899503705995343e-4	0.001087007482410085	0.0022839606965803227	0.0014625230475098228	5.768703045754275e-4
2021-04-27	0	0	0	7.311412919519533e-4	0.0018934762888209722	0.007303201003760806	0.0052897304630565856	0.002850397569682972
2021-04-28	0	0	8.897250327599693e-7	7.414627400723628e-4	0.0014324091048443233	0.007140503359835293	0.00693394930159319	0.0035130364409832193
2021-04-29	0	0	0	5.167687461846704e-4	0.0014595793207277108	0.008435867431448862	0.007364290261584694	0.0039196050557230855
2021-04-30	0	0	0	5.57315925128643e-4	0.0016804224095294806	0.008949590514999661	0.0073176646974166815	0.0038407988151034633
2021-05-01	0	0	0	4.813794968301366e-4	0.0023222585608422275	0.011156501425054532	0.00598480715611216	0.0030801082142273284
2021-05-02	0	0	0	2.0919248489637e-4	0.0014470354678790542	0.005171003130321816	0.003069589358817071	0.0012883425296326134
2021-05-03	0	2.0264379223533524e-6	0	1.3839861378217577e-4	8.594118738158851e-4	0.003250103901337509	0.0032844789581367717	0.0017265180209742326
2021-05-04	0	0	0	1.5694686065037544e-4	9.716633790106677e-4	0.005426702052106824	0.003418981955237488	0.0017295040414266882
2021-05-05	0	0	0	2.201996083415203e-4	0.0020174233791618867	0.033672707924827794	0.005438135876086436	0.0023611410254140708
2021-05-06	0	0	8.897258243489858e-7	2.878538763966265e-4	0.0010425452918840783	0.02853340786729386	0.003927868248705391	0.0020993774453768044
2021-05-07	0	0	0	4.919170523389749e-4	0.0013972316929915518	0.03268666964662659	0.005008773202874739	0.00292678884517672
2021-05-08	0	0	0	3.328216450955157e-4	0.0014992585047293172	0.03228355167726149	0.00446702981559044	0.001802925324488669
2021-05-09	0	0	1.7794536277815354e-6	2.0739403448621907e-4	9.257328746388183e-4	0.020930055815418402	0.002252810147310935	0.001229563429120839
2021-05-10	0	0	0	1.2664322324051902e-4	0.0010152097344089395	0.02897589444623594	0.0037997965545810697	0.0015966991276934461
2021-05-11	0	0	0	3.2212335185533014e-4	0.001744238013724031	0.027637047397338854	0.004132476640313021	0.002235455787138685
2021-05-12	0	0	0	3.506293195107979e-4	0.0024854970845589186	0.03309005760646677	0.0057479335866192915	0.0025883477297885538
2021-05-13	0	0	0	3.518450859880673e-4	0.002882697671134693	0.027471851415681314	0.005566747404354588	0.0024400408012390518
2021-05-14	0	0	0	4.4379709400166334e-4	0.0025481787455436944	0.026505898923245397	0.0051236319816032605	0.0025042839855984322
2021-05-15	0	0	0	2.1323611285239963e-4	0.0032142113822413165	0.026591948989526104	0.0045217844233405025	0.0015176428137200215
2021-05-16	0	0	0	1.334350503643389e-4	0.0013262080699043555	0.010492669489033046	0.0014767522156016177	5.649745143629925e-4
2021-05-17	0	0	0	3.2817874147772486e-4	0.0018087307529695007	0.01634618376188124	0.0031113861780305285	0.0013257687990593237
2021-05-18	0	0	0	2.9764412651434036e-4	0.003801788851414578	0.015257762115465923	0.0035798509446176574	0.001522827994835163
2021-05-19	8.170151576836204e-6	0	0	4.126782010549501e-4	0.006276776914131865	0.016420749423254	0.004448028820148275	0.002053358515002879
2021-05-20	0	0	0	2.671919994490235e-4	0.006497250754266659	0.016167141782782224	0.00448993633372563	0.0022340463776220343
2021-05-21	0	0	0	2.749313300798306e-4	0.005444785323930557	0.017891007987675733	0.005395733057367735	0.0019835916718573543
2021-05-22	0	0	0	2.969214683734567e-4	0.006578258300079298	0.014397425677187714	0.0030886676615944353	0.0011214347375501088
2021-05-23	0	0	0	7.890601201121505e-5	0.0034945910369794664	0.008353313222517533	0.0012922056847011198	3.544667764470155e-4
2021-05-24	0	0	0	1.1069721443313085e-4	0.003039971362034821	0.007188491599924518	9.814856714200904e-4	5.122093049987342e-4
2021-05-25	0	0	0	1.3920992901539364e-4	0.0067653725332779135	0.010696320595472208	0.003105297071472446	0.001202545167197533
2021-05-26	0	0	0	2.3680523510272167e-4	0.008075203756143345	0.01145621003070274	0.00374303412701682	0.0018358860290068613
2021-05-27	8.170218328773515e-6	0	8.897281991160355e-7	3.5201238128013124e-4	0.008168780822445543	0.01251018934492465	0.00501854611976138	0.002037133708693517
2021-05-28	0	0	0	6.308177666833892e-4	0.007681814436295342	0.012961126630985031	0.003911840442743175	0.0021206076448772038
2021-05-29	0	0	8.897289907050521e-7	3.9846618358874153e-4	0.007648913061936824	0.0137240595329704	0.003631826853286446	0.0011715124932338838
2021-05-30	0	0	0	1.0980612638622489e-4	0.003967291071508283	0.007411501857344849	0.00177613861588366	6.559364911880028e-4
2021-05-31	0	0	0	2.295268761289826e-4	0.0050603393987882495	0.009353203885006378	0.002486896278421913	0.0010343730800079776
2021-06-01	0	0	0	7.866118100474662e-4	0.0073888927466772	0.01212967863717851	0.004508143837380185	0.0015533673567407202
2021-06-02	0	0	0	0.0010940712333324942	0.009369372170851653	0.01357807762648644	0.005817742605019882	0.0024539029774963694
2021-06-03	0	0	8.897297822940686e-7	0.0015258362255652358	0.012425251013173488	0.015199622446060879	0.005527523824964131	0.0018796808695982214
2021-06-04	0	0	8.897305741051298e-7	0.0013472848285280836	0.01458393130484903	0.017795389654958527	0.005139095201268207	0.0022440399773551167
2021-06-05	0	0	1.7794631270717787e-6	0.0012784230998499346	0.014491261364834918	0.018537643917318603	0.005072027331511242	0.0016062324399690464
2021-06-06	0	0	8.897329488721795e-7	9.306701051994271e-4	0.00855197422633891	0.008953151949150584	0.002817498053090617	8.243567603130053e-4
2021-06-07	0	0	0	3.960161697487141e-4	0.007457738815073389	0.010925029566257294	0.00336746166418056	0.001569874752577416
2021-06-08	0	0	0	0.0014511729594985923	0.009983839037823072	0.012634079338670334	0.004703580873402391	0.0014311848917800685
2021-06-09	0	0	0	0.0012270725252536696	0.016117947306195424	0.015936569872862627	0.006604990775699093	0.002422970642846023
2021-06-10	0	0	1.7794678768279226e-6	0.0011730723766563145	0.017671069383109472	0.015266583550589186	0.006529126368270521	0.002631393652199332
2021-06-11	0	0	0	0.0010088519618431935	0.01634011088940568	0.015455758555189547	0.005390845384242837	0.0018667698810366229
2021-06-12	0	0	8.897353238612737e-7	0.0010221080170360608	0.01748096753563555	0.013813177151480671	0.004136308966039337	0.0014635338166155698
2021-06-13	0	0	0	5.209748105787781e-4	0.011226505129721787	0.007254932625136101	0.0018206428213869419	5.087945213930745e-4
2021-06-14	0	0	6.228161119947728e-6	3.0961286883135486e-4	0.009597341608920784	0.008637690924498731	0.0029434854880299177	9.774972582670127e-4
2021-06-15	0	0	0	0.0010875343304992402	0.014259065553100747	0.011919334927210423	0.005957626283825901	0.001692211543961486
2021-06-16	0	0	0	0.0015295055358475196	0.01844496794790551	0.01210915950641156	0.004935823499891079	0.0017972391506690943
2021-06-17	8.170285081599005e-6	0	0	0.002809845678087841	0.022913944156224275	0.020289968826685767	0.007878081357450162	0.002271321219150746
2021-06-18	0	0	0	0.0018567666295363772	0.019895031310757316	0.015479895185064985	0.005099288801742485	0.0017635421911814664
2021-06-19	0	0	0	0.0021533885334559244	0.019479277332433265	0.01297108358391097	0.004349515828477868	0.0014378590086638887
2021-06-20	0	0	0	0.001073100849177333	0.013690322469654292	0.006706359564092379	0.0020575362692767385	5.347098780381643e-4
2021-06-21	0	0	0	0.005243861700220398	0.011757663692954168	0.006590832254440793	0.0022127238356477452	3.7036656319022754e-4
2021-06-22	0	0	0	0.0013528105618056951	0.011559211981385209	0.0083394041349103	0.003100327650238155	0.0010087546125743252
2021-06-23	0	0	2.6692261578808996e-6	0.0022030378098734094	0.015973906109069347	0.008845242178094459	0.004350250484642437	0.0012159120721182415
2021-06-24	0	0	0	0.004511583149334308	0.0185047945298491	0.009267687166253591	0.004750751394961394	0.0019605723390967444
2021-06-25	0	0	8.897440317845451e-7	0.0037489259662020213	0.019149042178391085	0.008633253269646035	0.0042112563716019125	0.0013231890300535731
2021-06-26	0	0	0	0.005611038853359007	0.02156792662669016	0.010289520177991118	0.0037159748404531623	0.0011592763777810156
2021-06-27	8.170351835756762e-6	0	8.897448233735616e-7	0.0041638852720802255	0.016838923212921575	0.005551222040002912	0.0014396628941544254	4.766024529809787e-4
2021-06-28	0	0	0	0.0010919418059456287	0.011740063236258091	0.005847068085065077	0.002523725301260882	7.878668810743505e-4
2021-06-29	0	0	0	0.00196668384021792	0.013445418975197576	0.006109843928555181	0.0029951732574799994	0.0010998190280693265
2021-06-30	0	0	0	0.0021888561779856985	0.017819842755032456	0.006688478270911125	0.003522588726852849	0.0016205942761560177
2021-07-01	0	0	0	0.0014292099626695975	0.010233527502301776	0.0037321540964017075	0.0015588061914626472	7.073975275118105e-4
2021-07-02	4.5170464908483865e-6	0	2.4594991745452432e-6	0.015212214945552915	0.07296353465365213	0.03383214430165182	0.01350529693052227	0.004193558101267314
2021-07-03	4.935549120732574e-6	0	2.6873651750580763e-6	0.01688439425203314	0.0861642758222656	0.0382926963293142	0.01496328960505533	0.004601814426268724
2021-07-04	4.8603039242145485e-6	0	2.646388868710048e-6	0.01691134554997964	0.09282029399557024	0.03920426124542087	0.01495805861164401	0.004552504672992397
2021-07-05	4.92847247413053e-6	0	2.68350002841089e-6	0.01744451190207008	0.10379785835766508	0.041382262050379426	0.015398935043874573	0.00463752017919794
2021-07-06	4.88684648791704e-6	0	2.660829167666634e-6	0.01760352645667118	0.1148216721806039	0.042800087027427436	0.015507088009828696	0.004619707615505453
2021-07-07	4.751231339472639e-6	0	2.586982630781165e-6	0.01741942970154442	0.1260105413553465	0.043459225832804815	0.015312471721120602	0.004512184080952331
2021-07-08	3.6156771681117306e-6	0	1.9686843957256173e-6	0.013476714485803454	0.10873818855468143	0.034479515042885156	0.011822855175242841	0.0034483755144367745
2021-07-09	2.735899478967241e-6	0	1.4896557491983486e-6	0.010328157291733975	0.09160945332186521	0.026962023803463797	0.009046466746572168	0.002617774428680386
2021-07-10	1.8896415132640954e-6	0	1.028879945685901e-6	0.007202080314703707	0.06909544417936231	0.019096812266387042	0.006300807962396959	0.0018124271159123406
2021-07-11	8.081026683370851e-7	0	4.399988093872764e-7	0.0030990729020252683	0.03139998025752555	0.008302421346993993	0.002709149590641946	7.76286292076378e-4
2021-07-12	2.7641326849625614e-6	0	1.5050245716352606e-6	0.010653496137167373	0.11319057373255093	0.02878351450151828	0.009307211603940324	0.002658614449757346
2021-07-13	3.1171577323796384e-6	0	1.6972386711611165e-6	0.01214765972241727	0.1445890493646067	0.033453754161043125	0.010597665444337823	0.0030064029681002857
2021-07-14	3.1718523740842386e-6	0	1.7270164980320857e-6	0.012513449116638542	0.172181849891607	0.035224372026523065	0.010899602210531212	0.0030684100962101724
2021-07-15	3.062365698580649e-6	0	1.6674005864913966e-6	0.036500295919038805	0.14467683937512543	0.035238842217482746	0.01063828208949169	0.002971523797556719
2021-07-16	3.884342338000835e-6	0	2.1149482749560633e-6	0.02094390745630159	0	0.02039858950339335	0.013648686364638563	0.0037810958679624918
2021-07-17	4.369547708993338e-6	0	2.3791287491192747e-6	0.0185244316693447	0	0	0.015572761729604645	0.004270037993157949
2021-07-18	4.309576008720839e-6	0	2.3464707388232142e-6	0.018613727377726264	0	0	0.015601075019496147	0.004229411366072133
2021-07-19	4.774454708700304e-6	0	2.59958187509568e-6	0.02102351327708729	0	0	0.01756539914972688	0.004706063725253173
2021-07-20	4.861062460115306e-6	0	2.6467320413114948e-6	0.02186660642224658	0	0	0.018205197458864397	0.004814166663761998
2021-07-21	4.551014090692362e-6	0	2.4779127332230644e-6	0.020921943008382016	0	0	0.01735482248048159	0.004528540553141447
2021-07-22	4.500008097263475e-6	0	2.450136187270857e-6	0.021128166553913363	0	0	0.017462444997875748	0.004498078644517456
2021-07-23	2.3109471467552822e-6	0	1.258247743995966e-6	0.011055118057571534	0	0	0.009107245006549025	0.002319107901757267
2021-07-24	2.231842149313934e-6	0	1.2151759603007406e-6	0.011062137217433765	0	0	0.0033607230483052586	0.002244879940285216
2021-07-25	2.0864266914166762e-6	0	1.1360001526128372e-6	0.010202669277345366	0	0	0	0.002103254960845291
2021-07-26	2.469728955789563e-6	0	1.3446960267504693e-6	0.012207299215660994	0	0	0	0.002495132554251489
2021-07-27	2.5881531577898187e-6	0	1.4091729771958938e-06	0.012952636299933928	0	0	0	0.002621387546007492
2021-07-28	2.466071596485264e-6	0	1.3427016072320441e-6	0.012501646073589834	0	0	0	0.002504218967815719
2021-07-29	2.054264898632141e-6	0	1.1184840764677517e-6	0.010540223009394056	0	0	0	0.002091054750008814
2021-07-30	1.443447059434888e-6	0	7.859118624775618e-7	0.007479110463600502	0	0	0	0.0014721442747238633
2021-07-31	1.3581465438949891e-6	0	7.394679157890494e-7	0.007089358417353697	0	0	0	0.0013871578321202893
2021-08-01	1.2407512994805359e-6	0	6.755495023380576e-7	0.006521793953723876	0	0	0	0.00126897543599358
2021-08-02	1.6638696376247708e-6	0	9.059233843089487e-7	0.008808192013837646	0	0	0	0.0017040633234575164
2021-08-03	1.5580492169764426e-6	0	8.483069435794022e-7	0.008320101570457705	0	0	0	0.001598364383802453
2021-08-04	1.554157859073868e-6	0	8.461876259691081e-7	0.008368895176612545	0	0	0	0.0015969207185311252
2021-08-05	1.453700459341789e-6	0	7.914913382478517e-7	0.007892919433566181	0	0	0	0.001496047368688025
2021-08-06	1.357778889321537e-6	0	7.39264766291825e-7	0.007429770931905777	0	0	0	0.0013993885557692654
2021-08-07	1.3023037903625578e-6	0	7.090600138148773e-7	0.007178993039491655	0	0	0	0.0013440732520804133
2021-08-08	1.1298293165484807e-6	0	6.151531901643637e-7	0.006271743049090395	0	0	0	0.0011675827716708387
2021-08-09	1.743865209569151e-6	0	9.494740522697498e-7	0.009749766533495352	0	0	0	0.0018045278899976314
2021-08-10	1.744987723650837e-6	0	9.50084467321588e-7	0.009852097092725609	0	0	0	0.0018089511305716677
