2020-02-17	0	0	0	0	0	0	0	0
2020-02-18	0	0	0	0	0	0	0	0
2020-02-19	0	0	0	0	0	0	0	0
2020-02-20	0	0	0	0	0	0	0	0
2020-02-21	0	0	0	0	0	0	0	0
2020-02-22	0	0	0	0	0	0	0	0
2020-02-23	0	0	0	0	0	0	0	0
2020-02-24	0	0	0	0	0	0	0	0
2020-02-25	0	0	0	0	0	0	0	0
2020-02-26	0	0	0	0	0	0	0	0
2020-02-27	0	0	0	0	0	0	0	0
2020-02-28	0	0	0	0	0	0	0	0
2020-02-29	0	0	0	0	0	0	0	0
2020-03-01	0	0	0	0	0	0	0	0
2020-03-02	0	0	0	0	0	0	0	0
2020-03-03	0	0	0	0	0	0	0	0
2020-03-04	0	0	0	0	0	0	0	0
2020-03-05	0	0	0	0	0	0	0	0
2020-03-06	0	0	0	0	0	0	0	0
2020-03-07	0	0	0	0	0	0	0	0
2020-03-08	0	0	0	0	0	0	0	0
2020-03-09	0	0	0	0	0	0	0	0
2020-03-10	0	0	0	0	0	0	0	0
2020-03-11	0	0	0	0	0	0	0	0
2020-03-12	0	0	0	0	0	0	0	0
2020-03-13	0	0	0	0	0	0	0	0
2020-03-14	0	0	0	0	0	0	0	0
2020-03-15	0	0	0	0	0	0	0	0
2020-03-16	0	0	0	0	0	0	0	0
2020-03-17	0	0	0	0	0	0	0	0
2020-03-18	0	0	0	0	0	0	0	0
2020-03-19	0	0	0	0	0	0	0	0
2020-03-20	0	0	0	0	0	0	0	0
2020-03-21	0	0	0	0	0	0	0	0
2020-03-22	0	0	0	0	0	0	0	0
2020-03-23	0	0	0	0	0	0	0	0
2020-03-24	0	0	0	0	0	0	0	0
2020-03-25	0	0	0	0	0	0	0	0
2020-03-26	0	0	0	0	0	0	0	0
2020-03-27	0	0	0	0	0	0	0	0
2020-03-28	0	0	0	0	0	0	0	0
2020-03-29	0	0	0	0	0	0	0	0
2020-03-30	0	0	0	0	0	0	0	0
2020-03-31	0	0	0	0	0	0	0	0
2020-04-01	0	0	0	0	0	0	0	0
2020-04-02	0	0	0	0	0	0	0	0
2020-04-03	0	0	0	0	0	0	0	0
2020-04-04	0	0	0	0	0	0	0	0
2020-04-05	0	0	0	0	0	0	0	0
2020-04-06	0	0	0	0	0	0	0	0
2020-04-07	0	0	0	0	0	0	0	0
2020-04-08	0	0	0	0	0	0	0	0
2020-04-09	0	0	0	0	0	0	0	0
2020-04-10	0	0	0	0	0	0	0	0
2020-04-11	0	0	0	0	0	0	0	0
2020-04-12	0	0	0	0	0	0	0	0
2020-04-13	0	0	0	0	0	0	0	0
2020-04-14	0	0	0	0	0	0	0	0
2020-04-15	0	0	0	0	0	0	0	0
2020-04-16	0	0	0	0	0	0	0	0
2020-04-17	0	0	0	0	0	0	0	0
2020-04-18	0	0	0	0	0	0	0	0
2020-04-19	0	0	0	0	0	0	0	0
2020-04-20	0	0	0	0	0	0	0	0
2020-04-21	0	0	0	0	0	0	0	0
2020-04-22	0	0	0	0	0	0	0	0
2020-04-23	0	0	0	0	0	0	0	0
2020-04-24	0	0	0	0	0	0	0	0
2020-04-25	0	0	0	0	0	0	0	0
2020-04-26	0	0	0	0	0	0	0	0
2020-04-27	0	0	0	0	0	0	0	0
2020-04-28	0	0	0	0	0	0	0	0
2020-04-29	0	0	0	0	0	0	0	0
2020-04-30	0	0	0	0	0	0	0	0
2020-05-01	0	0	0	0	0	0	0	0
2020-05-02	0	0	0	0	0	0	0	0
2020-05-03	0	0	0	0	0	0	0	0
2020-05-04	0	0	0	0	0	0	0	0
2020-05-05	0	0	0	0	0	0	0	0
2020-05-06	0	0	0	0	0	0	0	0
2020-05-07	0	0	0	0	0	0	0	0
2020-05-08	0	0	0	0	0	0	0	0
2020-05-09	0	0	0	0	0	0	0	0
2020-05-10	0	0	0	0	0	0	0	0
2020-05-11	0	0	0	0	0	0	0	0
2020-05-12	0	0	0	0	0	0	0	0
2020-05-13	0	0	0	0	0	0	0	0
2020-05-14	0	0	0	0	0	0	0	0
2020-05-15	0	0	0	0	0	0	0	0
2020-05-16	0	0	0	0	0	0	0	0
2020-05-17	0	0	0	0	0	0	0	0
2020-05-18	0	0	0	0	0	0	0	0
2020-05-19	0	0	0	0	0	0	0	0
2020-05-20	0	0	0	0	0	0	0	0
2020-05-21	0	0	0	0	0	0	0	0
2020-05-22	0	0	0	0	0	0	0	0
2020-05-23	0	0	0	0	0	0	0	0
2020-05-24	0	0	0	0	0	0	0	0
2020-05-25	0	0	0	0	0	0	0	0
2020-05-26	0	0	0	0	0	0	0	0
2020-05-27	0	0	0	0	0	0	0	0
2020-05-28	0	0	0	0	0	0	0	0
2020-05-29	0	0	0	0	0	0	0	0
2020-05-30	0	0	0	0	0	0	0	0
2020-05-31	0	0	0	0	0	0	0	0
2020-06-01	0	0	0	0	0	0	0	0
2020-06-02	0	0	0	0	0	0	0	0
2020-06-03	0	0	0	0	0	0	0	0
2020-06-04	0	0	0	0	0	0	0	0
2020-06-05	0	0	0	0	0	0	0	0
2020-06-06	0	0	0	0	0	0	0	0
2020-06-07	0	0	0	0	0	0	0	0
2020-06-08	0	0	0	0	0	0	0	0
2020-06-09	0	0	0	0	0	0	0	0
2020-06-10	0	0	0	0	0	0	0	0
2020-06-11	0	0	0	0	0	0	0	0
2020-06-12	0	0	0	0	0	0	0	0
2020-06-13	0	0	0	0	0	0	0	0
2020-06-14	0	0	0	0	0	0	0	0
2020-06-15	0	0	0	0	0	0	0	0
2020-06-16	0	0	0	0	0	0	0	0
2020-06-17	0	0	0	0	0	0	0	0
2020-06-18	0	0	0	0	0	0	0	0
2020-06-19	0	0	0	0	0	0	0	0
2020-06-20	0	0	0	0	0	0	0	0
2020-06-21	0	0	0	0	0	0	0	0
2020-06-22	0	0	0	0	0	0	0	0
2020-06-23	0	0	0	0	0	0	0	0
2020-06-24	0	0	0	0	0	0	0	0
2020-06-25	0	0	0	0	0	0	0	0
2020-06-26	0	0	0	0	0	0	0	0
2020-06-27	0	0	0	0	0	0	0	0
2020-06-28	0	0	0	0	0	0	0	0
2020-06-29	0	0	0	0	0	0	0	0
2020-06-30	0	0	0	0	0	0	0	0
2020-07-01	0	0	0	0	0	0	0	0
2020-07-02	0	0	0	0	0	0	0	0
2020-07-03	0	0	0	0	0	0	0	0
2020-07-04	0	0	0	0	0	0	0	0
2020-07-05	0	0	0	0	0	0	0	0
2020-07-06	0	0	0	0	0	0	0	0
2020-07-07	0	0	0	0	0	0	0	0
2020-07-08	0	0	0	0	0	0	0	0
2020-07-09	0	0	0	0	0	0	0	0
2020-07-10	0	0	0	0	0	0	0	0
2020-07-11	0	0	0	0	0	0	0	0
2020-07-12	0	0	0	0	0	0	0	0
2020-07-13	0	0	0	0	0	0	0	0
2020-07-14	0	0	0	0	0	0	0	0
2020-07-15	0	0	0	0	0	0	0	0
2020-07-16	0	0	0	0	0	0	0	0
2020-07-17	0	0	0	0	0	0	0	0
2020-07-18	0	0	0	0	0	0	0	0
2020-07-19	0	0	0	0	0	0	0	0
2020-07-20	0	0	0	0	0	0	0	0
2020-07-21	0	0	0	0	0	0	0	0
2020-07-22	0	0	0	0	0	0	0	0
2020-07-23	0	0	0	0	0	0	0	0
2020-07-24	0	0	0	0	0	0	0	0
2020-07-25	0	0	0	0	0	0	0	0
2020-07-26	0	0	0	0	0	0	0	0
2020-07-27	0	0	0	0	0	0	0	0
2020-07-28	0	0	0	0	0	0	0	0
2020-07-29	0	0	0	0	0	0	0	0
2020-07-30	0	0	0	0	0	0	0	0
2020-07-31	0	0	0	0	0	0	0	0
2020-08-01	0	0	0	0	0	0	0	0
2020-08-02	0	0	0	0	0	0	0	0
2020-08-03	0	0	0	0	0	0	0	0
2020-08-04	0	0	0	0	0	0	0	0
2020-08-05	0	0	0	0	0	0	0	0
2020-08-06	0	0	0	0	0	0	0	0
2020-08-07	0	0	0	0	0	0	0	0
2020-08-08	0	0	0	0	0	0	0	0
2020-08-09	0	0	0	0	0	0	0	0
2020-08-10	0	0	0	0	0	0	0	0
2020-08-11	0	0	0	0	0	0	0	0
2020-08-12	0	0	0	0	0	0	0	0
2020-08-13	0	0	0	0	0	0	0	0
2020-08-14	0	0	0	0	0	0	0	0
2020-08-15	0	0	0	0	0	0	0	0
2020-08-16	0	0	0	0	0	0	0	0
2020-08-17	0	0	0	0	0	0	0	0
2020-08-18	0	0	0	0	0	0	0	0
2020-08-19	0	0	0	0	0	0	0	0
2020-08-20	0	0	0	0	0	0	0	0
2020-08-21	0	0	0	0	0	0	0	0
2020-08-22	0	0	0	0	0	0	0	0
2020-08-23	0	0	0	0	0	0	0	0
2020-08-24	0	0	0	0	0	0	0	0
2020-08-25	0	0	0	0	0	0	0	0
2020-08-26	0	0	0	0	0	0	0	0
2020-08-27	0	0	0	0	0	0	0	0
2020-08-28	0	0	0	0	0	0	0	0
2020-08-29	0	0	0	0	0	0	0	0
2020-08-30	0	0	0	0	0	0	0	0
2020-08-31	0	0	0	0	0	0	0	0
2020-09-01	0	0	0	0	0	0	0	0
2020-09-02	0	0	0	0	0	0	0	0
2020-09-03	0	0	0	0	0	0	0	0
2020-09-04	0	0	0	0	0	0	0	0
2020-09-05	0	0	0	0	0	0	0	0
2020-09-06	0	0	0	0	0	0	0	0
2020-09-07	0	0	0	0	0	0	0	0
2020-09-08	0	0	0	0	0	0	0	0
2020-09-09	0	0	0	0	0	0	0	0
2020-09-10	0	0	0	0	0	0	0	0
2020-09-11	0	0	0	0	0	0	0	0
2020-09-12	0	0	0	0	0	0	0	0
2020-09-13	0	0	0	0	0	0	0	0
2020-09-14	0	0	0	0	0	0	0	0
2020-09-15	0	0	0	0	0	0	0	0
2020-09-16	0	0	0	0	0	0	0	0
2020-09-17	0	0	0	0	0	0	0	0
2020-09-18	0	0	0	0	0	0	0	0
2020-09-19	0	0	0	0	0	0	0	0
2020-09-20	0	0	0	0	0	0	0	0
2020-09-21	0	0	0	0	0	0	0	0
2020-09-22	0	0	0	0	0	0	0	0
2020-09-23	0	0	0	0	0	0	0	0
2020-09-24	0	0	0	0	0	0	0	0
2020-09-25	0	0	0	0	0	0	0	0
2020-09-26	0	0	0	0	0	0	0	0
2020-09-27	0	0	0	0	0	0	0	0
2020-09-28	0	0	0	0	0	0	0	0
2020-09-29	0	0	0	0	0	0	0	0
2020-09-30	0	0	0	0	0	0	0	0
2020-10-01	0	0	0	0	0	0	0	0
2020-10-02	0	0	0	0	0	0	0	0
2020-10-03	0	0	0	0	0	0	0	0
2020-10-04	0	0	0	0	0	0	0	0
2020-10-05	0	0	0	0	0	0	0	0
2020-10-06	0	0	0	0	0	0	0	0
2020-10-07	0	0	0	0	0	0	0	0
2020-10-08	0	0	0	0	0	0	0	0
2020-10-09	0	0	0	0	0	0	0	0
2020-10-10	0	0	0	0	0	0	0	0
2020-10-11	0	0	0	0	0	0	0	0
2020-10-12	0	0	0	0	0	0	0	0
2020-10-13	0	0	0	0	0	0	0	0
2020-10-14	0	0	0	0	0	0	0	0
2020-10-15	0	0	0	0	0	0	0	0
2020-10-16	0	0	0	0	0	0	0	0
2020-10-17	0	0	0	0	0	0	0	0
2020-10-18	0	0	0	0	0	0	0	0
2020-10-19	0	0	0	0	0	0	0	0
2020-10-20	0	0	0	0	0	0	0	0
2020-10-21	0	0	0	0	0	0	0	0
2020-10-22	0	0	0	0	0	0	0	0
2020-10-23	0	0	0	0	0	0	0	0
2020-10-24	0	0	0	0	0	0	0	0
2020-10-25	0	0	0	0	0	0	0	0
2020-10-26	0	0	0	0	0	0	0	0
2020-10-27	0	0	0	0	0	0	0	0
2020-10-28	0	0	0	0	0	0	0	0
2020-10-29	0	0	0	0	0	0	0	0
2020-10-30	0	0	0	0	0	0	0	0
2020-10-31	0	0	0	0	0	0	0	0
2020-11-01	0	0	0	0	0	0	0	0
2020-11-02	0	0	0	0	0	0	0	0
2020-11-03	0	0	0	0	0	0	0	0
2020-11-04	0	0	0	0	0	0	0	0
2020-11-05	0	0	0	0	0	0	0	0
2020-11-06	0	0	0	0	0	0	0	0
2020-11-07	0	0	0	0	0	0	0	0
2020-11-08	0	0	0	0	0	0	0	0
2020-11-09	0	0	0	0	0	0	0	0
2020-11-10	0	0	0	0	0	0	0	0
2020-11-11	0	0	0	0	0	0	0	0
2020-11-12	0	0	0	0	0	0	0	0
2020-11-13	0	0	0	0	0	0	0	0
2020-11-14	0	0	0	0	0	0	0	0
2020-11-15	0	0	0	0	0	0	0	0
2020-11-16	0	0	0	0	0	0	0	0
2020-11-17	0	0	0	0	0	0	0	0
2020-11-18	0	0	0	0	0	0	0	0
2020-11-19	0	0	0	0	0	0	0	0
2020-11-20	0	0	0	0	0	0	0	0
2020-11-21	0	0	0	0	0	0	0	0
2020-11-22	0	0	0	0	0	0	0	0
2020-11-23	0	0	0	0	0	0	0	0
2020-11-24	0	0	0	0	0	0	0	0
2020-11-25	0	0	0	0	0	0	0	0
2020-11-26	0	0	0	0	0	0	0	0
2020-11-27	0	0	0	0	0	0	0	0
2020-11-28	0	0	0	0	0	0	0	0
2020-11-29	0	0	0	0	0	0	0	0
2020-11-30	0	0	0	0	0	0	0	0
2020-12-01	0	0	0	0	0	0	0	0
2020-12-02	0	0	0	0	0	0	0	0
2020-12-03	0	0	0	0	0	0	0	0
2020-12-04	0	0	0	0	0	0	0	0
2020-12-05	0	0	0	0	0	0	0	0
2020-12-06	0	0	0	0	0	0	0	0
2020-12-07	0	0	0	0	0	0	0	0
2020-12-08	0	0	0	0	0	0	0	0
2020-12-09	0	0	0	0	0	0	0	0
2020-12-10	0	0	0	0	0	0	0	0
2020-12-11	0	0	0	0	0	0	0	0
2020-12-12	0	0	0	0	0	0	0	0
2020-12-13	0	0	0	0	0	0	0	0
2020-12-14	0	0	0	0	0	0	0	0
2020-12-15	0	0	0	0	0	0	0	0
2020-12-16	0	0	0	0	0	0	0	0
2020-12-17	0	0	0	0	0	0	0	0
2020-12-18	0	0	0	0	0	0	0	0
2020-12-19	0	0	0	0	0	0	0	0
2020-12-20	0	0	0	0	0	0	0	0
2020-12-21	0	0	0	0	0	0	0	0
2020-12-22	0	0	0	0	0	0	0	0
2020-12-23	0	0	0	0	0	0	0	0
2020-12-24	0	0	0	0	0	0	0	0
2020-12-25	0	0	0	0	0	0	0	0
2020-12-26	0	0	0	0	0	0	0	0
2020-12-27	0	0	0	0	0	0	0	0
2020-12-28	0	0	0	0	0	0	0	0
2020-12-29	0	0	0	3.424029309928578e-5	1.4351514914956454e-4	1.8517857277600136e-4	4.234044817841287e-5	5.251089348483617e-4
2020-12-30	0	0	0	5.0400635055902754e-5	1.621465728778304e-4	2.3547386198496945e-4	5.505075764644651e-5	4.751664457878224e-4
2020-12-31	0	0	0	6.753114011370798e-5	2.0516052271002394e-4	2.704182815116418e-4	6.246097534323702e-5	5.636294195305869e-4
2021-01-01	0	0	0	8.560183191841375e-5	2.703582733989407e-4	3.5485147989322563e-4	8.258170493458117e-5	5.296101217202587e-4
2021-01-02	0	0	0	7.324134107355995e-5	2.1501155749237277e-4	2.639374157398233e-4	8.576183877329058e-5	3.8759755796657913e-4
2021-01-03	0	0	0	4.566052122068065e-5	1.2016360982336494e-4	1.6172653886847854e-4	3.494030520623248e-5	1.5827626284381502e-4
2021-01-04	0	0	0	8.372175233306578e-5	2.3858423060874046e-4	3.031429739155378e-4	1.0589280332151674e-4	5.878763996653991e-4
2021-01-05	0	0	0	1.0751288975541229e-4	3.837068077285899e-4	5.108252356054166e-4	1.1438327088320044e-4	0.00831990520565773
2021-01-06	0	0	0	1.1894353689134718e-4	3.771955691243001e-4	5.443840885088758e-4	1.7794791636527307e-4	0.015584156483324119
2021-01-07	0	0	0	1.4846551050196055e-4	5.136359554736014e-4	7.637558307422854e-4	2.182419073826214e-4	0.014737176089775206
2021-01-08	0	0	0	1.903690600946195e-4	6.369614299657211e-4	9.319171173785001e-4	3.073036088769854e-4	0.014232440591296136
2021-01-09	0	0	0	1.723074224619925e-4	5.084546315281546e-4	7.362655217295622e-4	3.2223595900338076e-4	0.021335824350175336
2021-01-10	0	0	0	2.0186018688361784e-4	5.305003576574485e-4	8.578939955268261e-4	4.1460297390649714e-4	0.01225235002025471
2021-01-11	0	0	0	2.590467763081694e-4	7.684176164082235e-4	0.0011240258585327734	4.561520186658896e-4	0.005702268967845425
2021-01-12	1.0150351757554077e-5	0	0	2.476853370065868e-4	8.188876442434267e-4	0.0011763459474469773	3.7993608785780175e-4	0.015736388480603214
2021-01-13	0	0	0	2.5155582008262733e-4	9.65322962105386e-4	0.0013616535250806638	4.947611971604093e-4	0.014596746250273851
2021-01-14	0	0	0	1.1341321563929085e-4	4.1615329589128613e-4	5.841253005915981e-4	2.2730291665395974e-4	0.005091079773314577
2021-01-15	0	0	0	0	1.780000792095393e-6	4.2000004407682923e-07	0	0
2021-01-16	0	0	0	1.910000912097587e-6	3.0340230132486212e-5	3.4400295845005147e-5	1.5940063521346914e-5	3.2100257606693106e-5
2021-01-17	0	0	0	4.1940439750032255e-5	1.82498326409819e-4	1.7662779934490835e-4	2.3370136540856734e-5	2.5120157755464945e-5
2021-01-18	0	0	0	7.435138203204517e-5	3.182253168381166e-4	3.323576153961838e-4	1.0730287847704467e-4	8.513181185643148e-5
2021-01-19	0	0	0	2.936215534041775e-4	0.0010104952751752716	0.001198308986106511	3.3258765363686216e-4	0.0023113355680270953
2021-01-20	0	0	0	4.7396616098049904e-4	0.0014090263388057966	0.0018730771044597194	8.408967768473996e-4	0.01199745472999969
2021-01-21	0	0	0	3.6636355556374234e-4	0.001188913378755485	0.001512091605255561	6.436735789190351e-4	0.010010251282685623
2021-01-22	0	0	0	1.4506526098245764e-4	4.90660186854841e-4	6.423131415429495e-4	3.331977551859211e-4	0.005204190900732764
2021-01-23	0	0	8.874001968806056e-7	1.6703697533770878e-4	5.738423237531265e-4	5.912273874559837e-4	1.8634868145772643e-4	0.0016382009255682117
2021-01-24	0	0	8.874001968806056e-7	1.3079427678586164e-4	4.4227890265702285e-4	5.185172150254935e-4	1.27804083470906e-4	6.020306102139106e-4
2021-01-25	0	0	0	2.835801044187569e-4	0.001016578357889486	0.0010968807868652064	2.0664067509224004e-4	1.167134055046759e-4
2021-01-26	0	0	0	3.5721190008541903e-4	0.001361433375208776	0.001566523498968131	3.878276025623961e-4	0.0025941924586281306
2021-01-27	0	0	0	5.293500528695816e-4	0.001704936702289661	0.00211457785988145	9.487550340285811e-4	0.004528897728659276
2021-01-28	0	0	0	7.399868951512012e-4	0.002191300449414957	0.0028202484503303538	0.0013638049910134065	0.028751299302901323
2021-01-29	0	0	0	9.070556875050428e-4	0.0026807466005840386	0.003402454173600855	0.0021664734017501353	0.037053408775470587
2021-01-30	0	0	0	8.092137067057248e-4	0.00229357512170969	0.0030076815370572163	0.002139023855763922	0.043425881802583
2021-01-31	0	0	0	4.897199564088961e-4	0.0012564746821566164	0.0015461776663441285	8.198180253986553e-4	0.019478775675453752
2021-02-01	0	0	8.874001968806056e-7	7.10526211874507e-4	0.001950140762248198	0.0022601670888173775	8.097539253548725e-4	0.009136760096264185
2021-02-02	0	0	0	9.375397451933942e-4	0.0024361336868350403	0.0029223350104783385	0.0010447728875966344	0.02107063289262401
2021-02-03	0	0	0	0.0010959802932009044	0.0027624077241086287	0.003275151654590136	0.0021622788624697797	0.03616773628703207
2021-02-04	0	0	0	0.0011260469954590402	0.00277876037730862	0.0035182344934878707	0.003287501917213831	0.04333172969969179
2021-02-05	0	0	0	0.0014586018798610212	0.003302166075197066	0.0041897585191121856	0.003798927963417853	0.05847164326657328
2021-02-06	0	0	0	0.001053737590727577	0.002340269214999635	0.0029296957793398803	0.0021541400798708032	0.055014796971452506
2021-02-07	0	0	0	6.378617168925071e-4	0.001354478653105451	0.0017018841023743736	0.0011852512051049313	0.023778220947861417
2021-02-08	0	0	0	9.695550092290173e-4	0.0021814596915965545	0.0027744243576290906	0.0015191269366623406	0.018257130705398472
2021-02-09	0	0	0	0.0010062731464113295	0.0025325935074684836	0.0031956830976149764	0.0034877210495298794	0.055025727676584424
2021-02-10	0	0	0	0.0012163498767556735	0.0026185241672036508	0.003232852834362143	0.004817552202305508	0.05884248964696326
2021-02-11	0	0	0	0.0014262085176839356	0.0032501108050613237	0.0042417280642428334	0.007026683570499959	0.08261691881877709
2021-02-12	0	0	0	0.0015777223019155517	0.0034221077052865034	0.004766660262514488	0.011225593487285579	0.11180939521456157
2021-02-13	0	0	0	0.0012759370038093465	0.002851362567122262	0.003970401021067049	0.01634777241573926	0.12075972797515844
2021-02-14	0	0	0	6.956009651757356e-4	0.0015077883564320604	0.0020062462560099803	0.006547286740916869	0.040350296609110936
2021-02-15	0	0	0	9.745874551769784e-4	0.0018676220029865132	0.002461374591219645	0.004860045009373204	0.043935328267493245
2021-02-16	0	0	0	0.0010350078102918658	0.0022275204618520394	0.0030490742133897353	0.008056446582885846	0.0497291367607422
2021-02-17	0	0	0	0.0010653537446503325	0.0023337415874493672	0.003209365005935272	0.009449382708392351	0.05040475995656979
2021-02-18	0	4.6649894405170755e-6	0	0.0011163115378622912	0.0024705859487326176	0.003770724590985264	0.013633991430582304	0.09896129444979462
2021-02-19	0	0	0	0.001445222166777782	0.0032243090421999465	0.005178263603486721	0.022330078096953976	0.17220796587795584
2021-02-20	0	0	8.874001968806056e-7	0.0013238881699717542	0.002398848618673899	0.004146608590701151	0.02602498496054917	0.19228068550452226
2021-02-21	0	0	0	6.470246602277019e-4	0.001464316055377557	0.002572694689491284	0.0226483064462204	0.134412521482844
2021-02-22	0	0	8.874001968806056e-7	8.211085548146535e-4	0.0017488746406271183	0.003034341807551355	0.025088194374239814	0.09192946671251168
2021-02-23	0	2.332504360103016e-6	8.874001968806056e-7	9.131184463242459e-4	0.0018943671567310805	0.0034048883161112986	0.034047426818235804	0.10518714380548921
2021-02-24	0	0	0	0.0010338772255293893	0.002170407667360763	0.0038310692729435214	0.043207093226265814	0.09099390257652651
2021-02-25	0	0	0	0.00108218277989236	0.0022858963305085744	0.0045800842930328045	0.05475456561389147	0.08582072939862817
2021-02-26	1.0150454757829053e-5	2.3325093601034297e-6	0	0.0011414757417171906	0.002561960910927308	0.004923530287623157	0.06071959737638766	0.0944849725074326
2021-02-27	0	0	0	0.0015037953501138013	0.0033387868744483296	0.007230821193784154	0.09151799589307097	0.09217672726219206
2021-02-28	0	0	8.874001968806056e-7	5.69701139847334e-4	0.0013745523485397815	0.0027101562367068954	0.04571045134043672	0.04651846182258468
2021-03-01	0	0	8.874001968806056e-7	7.172486113926624e-4	0.0015519021000320876	0.003102316091282642	0.05263951976014458	0.051118094906723144
2021-03-02	0	0	8.874001968806056e-7	9.471842895196758e-4	0.0019740041731188818	0.003907978073155016	0.0635948254562011	0.05539062020157903
2021-03-03	0	0	0	0.00105103616925728	0.0021950345441623664	0.004466447287843733	0.07236127866241482	0.05715945070111328
2021-03-04	0	0	0	0.0011472790623117124	0.00246394775964065	0.005263806915811742	0.09025447768557382	0.05765755851343246
2021-03-05	1.0150557758548118e-5	0	0	0.0012944488994883763	0.002613207212984525	0.006015416308340793	0.11339862185993299	0.06359555877394252
2021-03-06	0	0	0	0.0015127220820243537	0.0029568357193678896	0.007635886691391036	0.13297900386739103	0.055667723870222785
2021-03-07	0	0	0	6.106432212860113e-4	0.0012452376542038124	0.0036072630867443056	0.059794103709608803	0.017528925810013307
2021-03-08	0	0	0	7.991396560473873e-4	0.0016844293255382503	0.004082476653907374	0.07308229547808653	0.022913517318981835
2021-03-09	0	0	0	0.0010617918504833845	0.002467902635854946	0.007238428712556644	0.08828759485115012	0.021426928314245863
2021-03-10	1.0150660759045138e-5	0	8.874001968806056e-7	0.0015836169606695538	0.0036174314525785345	0.014528791445214573	0.093298859286018	0.023495297248195213
2021-03-11	0	0	0	0.0019188905352216512	0.004179697467730392	0.01698629354207437	0.10041461365907534	0.02495658781889043
2021-03-12	0	0	0	0.0014420098481005006	0.003434859565057957	0.012310698323301894	0.06364536305975199	0.015464840321542717
2021-03-13	0	2.332515360192744e-6	0	0.0016165332949733546	0.0038504865616904027	0.01378246911371761	0.06422422786108828	0.014009144029107023
2021-03-14	0	0	0	6.04141246661527e-4	0.0016397221722004307	0.003845076152654947	0.022716125590460434	0.003171474562725596
2021-03-15	0	0	0	7.581737068425021e-4	0.001935176226757207	0.0065810676127306955	0.03659809514200596	0.011146239664665547
2021-03-16	0	0	1.7747007874380216e-6	0.001443380837060193	0.003646764723236773	0.012627654413999823	0.050893168653908694	0.015556128281779769
2021-03-17	0	0	2.6621017716887962e-6	0.002026566743191127	0.0052771921893508544	0.02015038954975168	0.054701040970822845	0.01575459179062233
2021-03-18	0	0	8.874001968806056e-7	0.0026323122669678067	0.006461878969955537	0.023058857729952642	0.06678490591450226	0.021813466833827677
2021-03-19	0	0	2.6621017716887962e-6	0.002600791028493532	0.006427327635132318	0.022974304668753165	0.062042012839287564	0.015822145068643323
2021-03-20	0	0	8.874001968806056e-7	0.0026593280063613722	0.00690860219607603	0.01981282702871745	0.04582929097788391	0.011234925889938241
2021-03-21	0	0	0	0.0010327866620722936	0.0033242326306457404	0.010211478573665111	0.02489823047013595	0.002734178933610165
2021-03-22	0	0	0	6.338904542768642e-4	0.00203712747208451	0.008775231170524034	0.017976266539676322	0.007201786431952906
2021-03-23	0	0	0	5.935580777978178e-4	0.00217033759131513	0.01011338011433427	0.02017197716569319	0.008880927719288723
2021-03-24	0	0	0	8.588343991311476e-4	0.002473559624303734	0.012266104328851668	0.018201856898639734	0.010012804061292568
2021-03-25	0	0	8.874001968806056e-7	0.001329792086748549	0.003599338809967323	0.016125739871601708	0.019762317296229126	0.009854759069077401
2021-03-26	0	0	0	0.0030309967353023826	0.008716996507025954	0.029889404119657126	0.03671441710585577	0.01806154485059741
2021-03-27	0	0	8.874001968806056e-7	0.002795143206385964	0.007836753677048724	0.028144995188540634	0.026295027112714697	0.010642334822619226
2021-03-28	0	0	0	7.681675203348171e-4	0.0020835452902441265	0.011757892006106774	0.008325689275477943	0.002146732114693073
2021-03-29	0	0	0	6.7008225255627e-4	0.002095948249766444	0.01384263463339841	0.010290634288514955	0.005274926211634501
2021-03-30	0	0	0	7.343048008852104e-4	0.0020777592708969284	0.013461593625736068	0.01170929690852307	0.006956167065059304
2021-03-31	0	0	0	8.78963144052225e-4	0.0022788182531576773	0.014163702617962626	0.010360816630311742	0.005531008012408245
2021-04-01	0	0	0	8.354244835169222e-4	0.001708719930950675	0.011009341399512707	0.008426119874032967	0.006275234642454608
2021-04-02	0	0	8.874001968806056e-7	0.0021668137704788926	0.005649950485121069	0.026759852425457975	0.02031511598436464	0.007723954869707228
2021-04-03	0	0	0	0.003957214887416294	0.00980193950451258	0.04472344667052286	0.02350258285015716	0.007004305072386696
2021-04-04	0	0	8.874001968806056e-7	0.0012978410978787824	0.0037444552362539962	0.021264252104389758	0.012348732800444129	0.0025442983635406424
2021-04-05	0	0	0	0.0015083988167474693	0.004487995525960242	0.03629738504018909	0.013803504181925108	0.005020591584965706
2021-04-06	0	0	0	0.0016303745302772565	0.004742362500521624	0.042178772206205695	0.011555864501091806	0.006090523619489918
2021-04-07	0	0	0	0.0019395704834150873	0.005128495366180319	0.04927862573867303	0.01314935639339021	0.007662759470676406
2021-04-08	0	0	0	0.0020102102362986596	0.005459300991829785	0.05893112950621959	0.011076512281078088	0.008438431782737954
2021-04-09	0	0	0	0.002267625531387596	0.00599099299927941	0.07575280174297783	0.012651786928118636	0.006603100233172343
2021-04-10	0	0	0	0.003225861545677944	0.008660681852537655	0.10956813399689014	0.013689853018919784	0.00766486754863438
2021-04-11	0	0	0	0.0014517468922596866	0.004232478468496614	0.05431240945520743	0.0057806439611514104	0.0019866767210985348
2021-04-12	0	0	0	0.001312630749871424	0.003545642895886214	0.04480303805473351	0.005341893957764077	0.0050976364744061975
2021-04-13	0	0	0	0.0014378268365029534	0.0036446408517345485	0.040962654771481866	0.006176868425887605	0.005861007853263933
2021-04-14	0	0	8.874001968806056e-7	0.001986336383056564	0.004532746447589497	0.03718852662819394	0.006015185614494101	0.006756171463210059
2021-04-15	0	0	8.874001968806056e-7	0.0020707820345586825	0.005248306179438389	0.04188223030380511	0.007617717404614144	0.007459701787690287
2021-04-16	0	0	0	0.0024922728559970686	0.006482746500547698	0.04596471884461617	0.007033497521847565	0.007304940539069715
2021-04-17	0	0	2.6621017716887962e-6	0.003382069598692583	0.009014856911282676	0.06120112440717573	0.008218987940692202	0.008390480038820591
2021-04-18	0	0	0	0.0016634918012432554	0.004559557390900304	0.033053910245631535	0.004293568683009008	0.0034474612472628063
2021-04-19	0	0	0	0.0014984013016150488	0.004275389739355928	0.02459896729803246	0.004312078505258832	0.005666727951418871
2021-04-20	0	0	0	0.001817615931918981	0.004787429871192961	0.023985374548052496	0.004941965756384281	0.005421397888766943
2021-04-21	0	0	0	0.002223305772139028	0.005605004017509074	0.02420630631637044	0.005638919352866978	0.007219510332359791
2021-04-22	0	0	0	0.001743269747352949	0.003962084528452703	0.012955833404803219	0.0033633279937983485	0.006021715263679228
2021-04-23	0	0	8.874001968806056e-7	0.0010667745019594665	0.002420564783467638	0.009464132450761387	0.0015990492396176226	0.0021637704756678477
2021-04-24	0	0	0	7.262418568085849e-4	0.0014145602451718364	0.006567302365088512	0.0015080485526093312	0.0017597341660837706
2021-04-25	0	0	0	1.1536332717443365e-4	4.2504516584829233e-4	0.001946076803731378	2.574965761217296e-4	2.517358427336358e-4
2021-04-26	0	0	0	1.1429326573764165e-4	2.8712060956115337e-4	9.117378164615886e-4	2.4585511118391246e-4	3.4623997052940503e-4
2021-04-27	0	0	0	5.80234167922411e-4	0.001938229183091611	0.006248751724528656	0.0019095515968252652	0.002583368448134671
2021-04-28	0	0	4.436904921467644e-6	7.057745294216655e-4	0.0017198895049772567	0.005478032209221384	0.002958618355643594	0.0037914738184288144
2021-04-29	0	0	8.874001968806056e-7	3.315074743013291e-4	0.0017234625808169035	0.0042998722252884924	0.0020837855405446692	0.004218649250374407
2021-04-30	0	0	8.874001968806056e-7	3.305373137287848e-4	0.002071773060903892	0.00613721635615061	0.0025012941180662107	0.0041089709104857874
2021-05-01	0	0	0	5.003125781688489e-4	0.0028279292960258218	0.007714960152538808	0.002519406852722339	0.004029879983169726
2021-05-02	0	0	8.874001968806056e-7	4.2595535949208063e-4	9.862831886320311e-4	0.0022151467187463414	8.534220823126493e-4	0.0013157127750265118
2021-05-03	0	0	0	2.2712289620252513e-4	0.0010555885668055431	0.002519607104990884	9.728165930309451e-4	0.0017353628710734537
2021-05-04	0	0	0	1.514457339526487e-4	0.0014844809209011434	0.0063461483998783486	0.0015083487790097383	0.002865903350503629
2021-05-05	0	0	0	1.8392845741943553e-4	0.0013434612220137865	0.01721050033040572	0.0016772232694739486	0.0027448835964896112
2021-05-06	0	0	0	2.5321602958938705e-4	0.0010374490751459131	0.02439210368048994	0.0018230809059975872	0.0031737281375727733
2021-05-07	0	0	0	4.308164006927573e-4	0.0016721790456901697	0.025065327662709747	0.0016233988559613	0.0035089982672098508
2021-05-08	0	0	8.874001968806056e-7	6.62789822587273e-4	0.002244159062474438	0.028711872911521885	0.0020806022264061586	0.003586625971464752
2021-05-09	0	0	0	2.795695397819209e-4	0.001049435328627224	0.019908901085609276	6.707824872862478e-4	9.810506150773612e-4
2021-05-10	0	0	0	2.243625846423125e-4	0.0013807366083955497	0.030985840579098367	8.990220601661214e-4	0.0019645048197967085
2021-05-11	0	0	0	3.165750549414259e-4	0.0015202778111558235	0.02946396125318218	0.0013438915110983718	0.0025920997452724137
2021-05-12	0	0	0	2.906411180649826e-4	0.0020827945082408927	0.036331993436772514	0.0015740794315142193	0.0029609618237302904
2021-05-13	0	0	0	3.0483323082464153e-4	0.002489819800659987	0.03678652205115496	0.0015404432413450575	0.0028046565245551935
2021-05-14	0	0	0	3.722046340723928e-4	0.0032396838879233947	0.03186054355896828	0.0017236927791992596	0.0025145607539462933
2021-05-15	0	0	0	5.721218308474274e-4	0.0039027779188709477	0.040483763782499294	0.001859554485721393	0.002620476724566112
2021-05-16	1.0150763759542158e-5	0	0	1.596563725392297e-4	0.001506477368515391	0.027419791237882185	0.0010038819447397707	8.310726704459093e-4
2021-05-17	0	0	0	2.574565709716481e-4	0.0026050165277775594	0.02393614475645056	0.001525691933969231	0.0023297969885018865
2021-05-18	0	0	0	1.8580863121187008e-4	0.004010370768425142	0.01611148498712245	0.0011883630516855703	0.0026690709849808147
2021-05-19	0	0	2.662201771919115e-6	4.032206467223798e-4	0.005523497255482734	0.014885393736673969	0.0013112198243570017	0.002542315842460674
2021-05-20	0	0	0	3.79455996713407e-4	0.007494993732763522	0.014083697634766912	0.001921082639626981	0.003186508459039894
2021-05-21	0	0	0	2.958418806044971e-4	0.009338160309491528	0.017868591641815534	0.0018638384734637192	0.0030283126694059526
2021-05-22	0	0	0	3.6557341097975815e-4	0.009100243608433312	0.020968014407043434	0.0014155809673688236	0.0010794813199801467
2021-05-23	0	0	0	5.736222606245178e-4	0.004884885526652116	0.010615552488659974	2.809897388083016e-4	3.376384999391746e-4
2021-05-24	0	0	0	4.356047437870103e-5	0.00396721469811534	0.00841379799919273	3.6662360321670917e-4	5.404330169613836e-4
2021-05-25	0	0	0	1.1979358762581604e-4	0.00966615865578957	0.013000261701074045	0.0011861017093162118	0.0011492101710042224
2021-05-26	0	0	0	2.614070834159321e-4	0.008623661886081324	0.008547555174866828	0.0016406629437237807	0.001963073414307459
2021-05-27	0	0	0	3.573519250996693e-4	0.007720431264728322	0.008779640521923593	0.0014593324127727403	0.0016276723293029427
2021-05-28	0	0	0	4.7084542385333883e-4	0.008816874318185786	0.009932483557404614	0.001461463969233412	0.0014604332162948541
2021-05-29	0	0	0	3.522010113881091e-4	0.01352766946025663	0.015657791609521743	0.0018819754579060266	0.0018028625783690355
2021-05-30	0	0	0	1.4288510403814847e-4	0.008957117488425315	0.009795809470797057	7.638558689471164e-4	4.087917776793848e-4
2021-05-31	0	0	0	9.818240994641236e-5	0.007477277419401629	0.009856990063277005	0.0010357581987616715	0.0015681147459640776
2021-06-01	0	0	0	4.178736545976669e-4	0.008544974145788142	0.009728752154621434	0.0011479494469832652	0.0017755281250306787
2021-06-02	0	0	3.549603149854974e-6	9.704954653619868e-4	0.011320176599561416	0.008589093130199732	0.0015325071445371208	0.0019155773591545966
2021-06-03	0	0	8.874001968806056e-7	0.0012873343074046861	0.01639139949434587	0.010958964726971665	0.0016834585081371145	0.0023650583752796717
2021-06-04	0	0	0	0.0015298150835474367	0.019128928980989945	0.012338288339788894	0.0015126420214712777	0.002233156747264431
2021-06-05	0	0	8.874001968806056e-7	0.0016089071455507309	0.020210980937615197	0.01333170358008684	0.001452827677064672	0.001342590637404939
2021-06-06	0	0	0	4.378779342713024e-4	0.009244927169592687	0.007253302599650624	5.967690333197329e-4	6.548472062157806e-4
2021-06-07	0	0	0	1.7784790746944168e-4	0.007421780707216552	0.006222068534211145	6.593386818742886e-4	0.0010002501250780949
2021-06-08	0	0	0	5.677405823421022e-4	0.01747259287544778	0.00935325082525007	0.001207674619496668	0.001933904997134528
2021-06-09	0	0	2.662201771919115e-6	0.0013066768510983096	0.026674735376856384	0.010264379370967802	0.0014959394587161778	0.002318483841831309
2021-06-10	0	0	0	0.0018808644127348284	0.027892112484714904	0.009947940379448239	0.0016230785960322791	0.002532102886256604
2021-06-11	0	0	0	0.001340629321744613	0.02365574861058173	0.009501409194168753	0.0014881136205369128	0.001912294217293331
2021-06-12	0	0	0	9.161998555438089e-4	0.02500641013698468	0.010359911943871092	0.001527913630015254	0.0017068583413493155
2021-06-13	0	0	0	2.684380147419674e-4	0.011928502291731036	0.005883072635909814	6.646404367274261e-4	4.5347140907980865e-4
2021-06-14	0	0	0	3.270767447991485e-4	0.00890964544549111	0.004958145802449465	8.282414959939199e-4	7.67817385884495e-4
2021-06-15	0	0	8.874001968806056e-7	6.168351213917678e-4	0.01948137095355751	0.006237958030096191	0.0013440516186884466	0.0015720678493307272
2021-06-16	0	0	0	0.002915194589874215	0.026473227949516787	0.005677368127213089	0.0013332744051597345	0.0015745397938906613
2021-06-17	0	0	0	0.0014924068195287798	0.029277462451905656	0.015829523453188887	0.002671003565011043	0.002067909061972184
2021-06-18	0	0	1.7748007874462957e-6	8.688587288727678e-4	0.02416457163052166	0.00811210154788089	0.0016418439128584872	0.0019667770529940842
2021-06-19	0	0	0	0.0013568602674463026	0.023921286992848678	0.0068877302068506285	0.001113079736625	0.0010202702378394601
2021-06-20	1.0150867759906035e-5	0	0	2.3047327948311214e-4	0.013160690946547593	0.00472719659691645	8.990020511718821e-4	7.395167212451703e-4
2021-06-21	0	0	0	0.0010325465380882637	0.008151762809224472	0.0031456738159389985	5.068842329063461e-4	3.5238104309986973e-4
2021-06-22	0	0	0	2.965419842870798e-4	0.00707250508203372	0.0033199655428013397	6.846771957156328e-4	6.698121620831721e-4
2021-06-23	0	0	0	0.0012927578056860511	0.01594598863841412	0.004316878860774587	8.628161129111689e-4	9.172503370451501e-4
2021-06-24	0	0	8.874001968806056e-7	0.0013346553262099103	0.023208579541078578	0.0038069331850689725	0.001092208229704239	0.0013419702210184514
2021-06-25	0	0	0	0.0021118750040081125	0.02167857010039942	0.0036235024424875473	8.899379974098842e-4	9.900650572043368e-4
2021-06-26	0	0	2.662201771919115e-6	0.0031394440271999002	0.028350822281002275	0.004574722020390887	8.780027221950704e-4	0.001097260995422955
2021-06-27	0	0	0	0.0010274839308070938	0.014083687563849034	0.0020771486366146785	4.584425423912464e-4	6.377416786120804e-4
2021-06-28	0	0	0	0.00152387054535974	0.0133408143317586	0.002273352032365894	6.370414554539572e-4	9.572991053943269e-4
2021-06-29	0	0	0	0.002791778506807674	0.020311711405050392	0.0031561903844357087	9.052448670674451e-4	0.001100212616950591
2021-06-30	0	0	8.874001968806056e-7	0.003763851644801086	0.022836203042347902	0.002876678820258771	7.018431459504537e-4	0.0011014332888223954
2021-07-01	0	0	8.874001968806056e-7	0.005337702767709063	0.025201985012138106	0.003251943784594591	0.0010216609477728955	7.824630621109385e-4
2021-07-02	0	0	8.874001968806056e-7	0.005254301922172244	0.023622455096192985	0.003015753692583667	6.774847463955069e-4	9.254841302188677e-4
2021-07-03	1.01509707606251e-5	0	3.549603149854974e-6	0.010850101173870863	0.033838745168647266	0.003909691421753347	9.978089056530415e-4	9.619713472182045e-4
2021-07-04	0	0	1.7748007874462957e-6	0.0037348172149072045	0.016988552730973216	0.001908620708251929	3.9689938228004706e-4	6.0622187624082e-4
2021-07-05	0	0	0	0.0033736153200818464	0.01905043981427923	0.0021856042164478673	5.251589479802199e-4	7.136473231255103e-4
2021-07-06	0	0	0	0.007955402105665588	0.0237875417860558	0.0027751753996245743	7.176987728820805e-4	8.927392458402128e-4
2021-07-07	0	0	8.874001968806056e-7	0.010350965622328623	0.023814694923575797	0.002327694540468439	4.6168328786455604e-4	6.433034598352094e-4
2021-07-08	0	0	0	0.013900032727456102	0.027169049310103777	0.0030113971281660046	8.083833709187083e-4	0.0015023342520512628
2021-07-09	0	0	8.874001968806056e-7	0.01385440614238953	0.025786364143940865	0.003094724329669063	7.448186887197839e-4	8.237996614706145e-4
2021-07-10	0	0	8.874001968806056e-7	0.0271050509467059	0.03329675853218772	0.003927726759374028	8.096438808034012e-4	0.001075479163858084
2021-07-11	0	0	0	0.011439083155861729	0.017910123127611532	0.001642754660718726	3.7295477381582565e-4	2.511657710611015e-4
2021-07-12	0	0	0	0.008733860077965394	0.015208020975497893	0.0017244334176529375	3.3449797222329103e-4	4.306963748417214e-4
2021-07-13	0	0	8.874001968806056e-7	0.01593388215009317	0.019571228243742134	0.0025104455842579476	6.049014764490934e-4	0.0010414511551271044
2021-07-14	0	0	0	0.019074771729129747	0.01918675287143734	0.0026504161764770995	7.598343370549543e-4	6.829766142637528e-4
2021-07-15	0	0	0	0.02298548310843196	0.021316134396401454	0.003059520165911378	8.506509017391917e-4	8.993221951025809e-4
2021-07-16	0	0	0	0.017046324292975257	0.019654161516226454	0.00288405944972725	7.610648049094504e-4	6.84066986910592e-4
2021-07-17	0	0	8.874001968806056e-7	0.02604974733404175	0.025820555268594614	0.0048145549849256675	0.0011748550711094818	0.0010449029555466005
2021-07-18	0	0	0	0.01351322179079184	0.01172725211051584	0.0017467127513588476	4.5232114860538353e-4	3.6062251214907803e-4
2021-07-19	0	0	0	0.014203796962034776	0.011154827544386237	0.001715856040487962	4.525211938577467e-4	3.968393703714934e-4
2021-07-20	0	0	1.7748007874462957e-6	0.016758007705564903	0.010891124146292563	0.002147673124963001	4.5273124139422194e-4	3.9698940014587514e-4
2021-07-21	0	0	0	0.015749693209044846	0.011489693262818568	0.002190599681741512	6.85907617314907e-4	7.582637409750959e-4
2021-07-22	0	0	1.7748007874462957e-6	0.01792014288021182	0.011308671512846313	0.002451342269730983	6.216166018000457e-4	0.001084143841967533
2021-07-23	0	0	4.036000407214857e-7	0.032279084829355265	0.034170424477238726	0.004499441242874491	0.001128858580423664	0
2021-07-24	0	0	5.150000663700638e-7	0.042660101055516764	0.045254748055389094	0.005768759646965993	0.001442099913039785	0
2021-07-25	0	0	5.151000663783378e-7	0.04457086039918079	0.04741027350853866	0.005803460037100638	0.001444481631796224	0
2021-07-26	0	0	5.192000673837072e-7	0.04702238620100929	0.05016745334374928	0.00588340360950812	0.001457981427460675	0
2021-07-27	0	0	5.195000674085293e-7	0.04937768904382733	0.05285484875934321	0.005922338523396409	0.001461123720631674	0
2021-07-28	0	0	5.193000673919812e-7	0.051922599073640496	0.05578309852012664	0.005955316448500447	0.0014626948690699138	0
2021-07-29	0	0	5.182000670789222e-7	0.05464614015855718	0.05894918149987638	0.005977964013436532	0.001461654108182886	0
2021-07-30	0	0	3.814000364421588e-7	0.042375950290761244	0.04590657336963555	0.004424153283068	0.0010771700738418932	0
2021-07-31	0	0	3.6200003283859417e-7	0.0419789888767792	0.04564255060646594	0.0042178074749741334	0.0010235319043898627	0
2021-08-01	0	0	3.2500002644653136e-7	0.03929394349892412	0.042882650426909086	0.0038022242272686135	9.198015087037437e-4	0
2021-08-02	0	0	3.3780002839378653e-7	0.04252796699416428	0.046588000446398325	0.003967054380113577	9.568889090960653e-4	0
2021-08-03	0	0	3.208000256549326e-7	0.04215564459275778	0.04637414022029285	0.003782035948979967	9.095468188538014e-4	0
2021-08-04	0	0	2.942000216776819e-7	0.040322189746487824	0.04454905456567371	0.0034811496006355025	8.348242328750644e-4	0
2021-08-05	0	0	2.8390002015932225e-7	0.04053519551893969	0.04498070597755999	0.0033713014183132106	8.06362555142659e-4	0
2021-08-06	0	0	2.233000124807205e-7	0.03315763722661291	0.03695545644017528	0.0026604895511630478	6.348007429957114e-4	0
2021-08-07	0	0	2.2290001244762436e-7	0.034226900173878194	0.03829757608346718	0.0026623420162528166	6.339504733006152e-4	0
2021-08-08	0	0	2.0510001053075655e-7	0.03258828914738854	0.03661514725207282	0.0024562783258035292	5.837251837725876e-4	0
2021-08-09	0	0	2.722000185251261e-7	0.044841581866062796	0.050611931912991404	0.003269191903926272	7.753302842623544e-4	0
2021-08-10	0	0	2.7450001871542895e-7	0.05091033556688318	0.048965351409667957	0.0033068538205476283	7.823029994957764e-4	0
2021-08-11	0	0	2.687000180134902e-7	0.09114441614877533	0	0.003248488168845709	7.665669062053571e-4	0
2021-08-12	0	0	2.623000172619072e-7	0.052362169190586005	0	0.0031813001676892494	7.488601978991039e-4	0
2021-08-13	0	0	3.6700003369638523e-7	0.07774866367584488	0	0.004466397175933334	0.0010485448615815685	0
2021-08-14	0	0	3.211000259017993e-7	0.07355784929834974	0	0.003924640701158388	9.183108236923143e-4	0
2021-08-15	0	0	2.856000202999809e-7	0.07046329913111005	0	0.0035041998541545105	8.175270876347174e-4	0
2021-08-16	0	0	3.5180003088441936e-7	0.09379273949551847	0	0.0043318011252471145	0.001007733881894124	0
2021-08-17	0	0	3.7000003416665095e-7	0.10901740885855848	0	0.004576025001203021	0.0010609614097782938	0
2021-08-18	0	0	3.2310002606728006e-7	0.10642721819307921	0	0.004014008065186925	9.274850571328042e-4	0
2021-08-19	0	0	3.009000226761316e-7	0.11070923360113794	0	0.0037536324391220788	8.646869208677188e-4	0
2021-08-20	0	0	2.93500021397719e-7	0.12132969363967439	0	0.003674585644915407	8.440481043006098e-4	0
2021-08-21	0	0	0.0011361518102339652	0.12095433796833976	0	0.0035554402889119707	8.143858060603026e-4	0
2021-08-22	0	0	2.346000136377313e-7	0	0	0.0029547225964055013	6.750139109450437e-4	0
2021-08-23	0	0	3.361000282531279e-7	0	0	0.004247279846523622	9.678541854309941e-4	0
2021-08-24	0	0	3.353000281869356e-7	0	0	0.0042546956086806365	9.663634645864505e-4	0
2021-08-25	0	0	2.9540002177697033e-7	0	0	0.0037644127007454564	8.522715917165247e-4	0
2021-08-26	0	0	2.1690001172913753e-7	0	0	0.002773823524236052	0.00062628805918318875	0
2021-08-27	0	0	1.7380000749689373e-7	0	0	0.00222843147671159	5.021230318846825e-4	0
2021-08-28	0	0	1.5550000598274494e-7	0	0	0.001998218219012804	4.4949051042975086e-4	0
2021-08-29	0	0	1.1820000356266291e-7	0	0	0.0015217889604099977	3.418192100930195e-4	0
2021-08-30	0	0	2.8170001975524883e-7	0	0	0.0036335005816192645	8.148559975742486e-4	0
2021-08-31	0	0	3.237000261169243e-7	0	0	0.004191702592656332	9.372896279615794e-4	0
