2020-02-17	0	0	0	0	0	0	0	0
2020-02-18	0	0	0	0	0	0	0	0
2020-02-19	0	0	0	0	0	0	0	0
2020-02-20	0	0	0	0	0	0	0	0
2020-02-21	0	0	0	0	0	0	0	0
2020-02-22	0	0	0	0	0	0	0	0
2020-02-23	0	0	0	0	0	0	0	0
2020-02-24	0	0	0	0	0	0	0	0
2020-02-25	0	0	0	0	0	0	0	0
2020-02-26	0	0	0	0	0	0	0	0
2020-02-27	0	0	0	0	0	0	0	0
2020-02-28	0	0	0	0	0	0	0	0
2020-02-29	0	0	0	0	0	0	0	0
2020-03-01	0	0	0	0	0	0	0	0
2020-03-02	0	0	0	0	0	0	0	0
2020-03-03	0	0	0	0	0	0	0	0
2020-03-04	0	0	0	0	0	0	0	0
2020-03-05	0	0	0	0	0	0	0	0
2020-03-06	0	0	0	0	0	0	0	0
2020-03-07	0	0	0	0	0	0	0	0
2020-03-08	0	0	0	0	0	0	0	0
2020-03-09	0	0	0	0	0	0	0	0
2020-03-10	0	0	0	0	0	0	0	0
2020-03-11	0	0	0	0	0	0	0	0
2020-03-12	0	0	0	0	0	0	0	0
2020-03-13	0	0	0	0	0	0	0	0
2020-03-14	0	0	0	0	0	0	0	0
2020-03-15	0	0	0	0	0	0	0	0
2020-03-16	0	0	0	0	0	0	0	0
2020-03-17	0	0	0	0	0	0	0	0
2020-03-18	0	0	0	0	0	0	0	0
2020-03-19	0	0	0	0	0	0	0	0
2020-03-20	0	0	0	0	0	0	0	0
2020-03-21	0	0	0	0	0	0	0	0
2020-03-22	0	0	0	0	0	0	0	0
2020-03-23	0	0	0	0	0	0	0	0
2020-03-24	0	0	0	0	0	0	0	0
2020-03-25	0	0	0	0	0	0	0	0
2020-03-26	0	0	0	0	0	0	0	0
2020-03-27	0	0	0	0	0	0	0	0
2020-03-28	0	0	0	0	0	0	0	0
2020-03-29	0	0	0	0	0	0	0	0
2020-03-30	0	0	0	0	0	0	0	0
2020-03-31	0	0	0	0	0	0	0	0
2020-04-01	0	0	0	0	0	0	0	0
2020-04-02	0	0	0	0	0	0	0	0
2020-04-03	0	0	0	0	0	0	0	0
2020-04-04	0	0	0	0	0	0	0	0
2020-04-05	0	0	0	0	0	0	0	0
2020-04-06	0	0	0	0	0	0	0	0
2020-04-07	0	0	0	0	0	0	0	0
2020-04-08	0	0	0	0	0	0	0	0
2020-04-09	0	0	0	0	0	0	0	0
2020-04-10	0	0	0	0	0	0	0	0
2020-04-11	0	0	0	0	0	0	0	0
2020-04-12	0	0	0	0	0	0	0	0
2020-04-13	0	0	0	0	0	0	0	0
2020-04-14	0	0	0	0	0	0	0	0
2020-04-15	0	0	0	0	0	0	0	0
2020-04-16	0	0	0	0	0	0	0	0
2020-04-17	0	0	0	0	0	0	0	0
2020-04-18	0	0	0	0	0	0	0	0
2020-04-19	0	0	0	0	0	0	0	0
2020-04-20	0	0	0	0	0	0	0	0
2020-04-21	0	0	0	0	0	0	0	0
2020-04-22	0	0	0	0	0	0	0	0
2020-04-23	0	0	0	0	0	0	0	0
2020-04-24	0	0	0	0	0	0	0	0
2020-04-25	0	0	0	0	0	0	0	0
2020-04-26	0	0	0	0	0	0	0	0
2020-04-27	0	0	0	0	0	0	0	0
2020-04-28	0	0	0	0	0	0	0	0
2020-04-29	0	0	0	0	0	0	0	0
2020-04-30	0	0	0	0	0	0	0	0
2020-05-01	0	0	0	0	0	0	0	0
2020-05-02	0	0	0	0	0	0	0	0
2020-05-03	0	0	0	0	0	0	0	0
2020-05-04	0	0	0	0	0	0	0	0
2020-05-05	0	0	0	0	0	0	0	0
2020-05-06	0	0	0	0	0	0	0	0
2020-05-07	0	0	0	0	0	0	0	0
2020-05-08	0	0	0	0	0	0	0	0
2020-05-09	0	0	0	0	0	0	0	0
2020-05-10	0	0	0	0	0	0	0	0
2020-05-11	0	0	0	0	0	0	0	0
2020-05-12	0	0	0	0	0	0	0	0
2020-05-13	0	0	0	0	0	0	0	0
2020-05-14	0	0	0	0	0	0	0	0
2020-05-15	0	0	0	0	0	0	0	0
2020-05-16	0	0	0	0	0	0	0	0
2020-05-17	0	0	0	0	0	0	0	0
2020-05-18	0	0	0	0	0	0	0	0
2020-05-19	0	0	0	0	0	0	0	0
2020-05-20	0	0	0	0	0	0	0	0
2020-05-21	0	0	0	0	0	0	0	0
2020-05-22	0	0	0	0	0	0	0	0
2020-05-23	0	0	0	0	0	0	0	0
2020-05-24	0	0	0	0	0	0	0	0
2020-05-25	0	0	0	0	0	0	0	0
2020-05-26	0	0	0	0	0	0	0	0
2020-05-27	0	0	0	0	0	0	0	0
2020-05-28	0	0	0	0	0	0	0	0
2020-05-29	0	0	0	0	0	0	0	0
2020-05-30	0	0	0	0	0	0	0	0
2020-05-31	0	0	0	0	0	0	0	0
2020-06-01	0	0	0	0	0	0	0	0
2020-06-02	0	0	0	0	0	0	0	0
2020-06-03	0	0	0	0	0	0	0	0
2020-06-04	0	0	0	0	0	0	0	0
2020-06-05	0	0	0	0	0	0	0	0
2020-06-06	0	0	0	0	0	0	0	0
2020-06-07	0	0	0	0	0	0	0	0
2020-06-08	0	0	0	0	0	0	0	0
2020-06-09	0	0	0	0	0	0	0	0
2020-06-10	0	0	0	0	0	0	0	0
2020-06-11	0	0	0	0	0	0	0	0
2020-06-12	0	0	0	0	0	0	0	0
2020-06-13	0	0	0	0	0	0	0	0
2020-06-14	0	0	0	0	0	0	0	0
2020-06-15	0	0	0	0	0	0	0	0
2020-06-16	0	0	0	0	0	0	0	0
2020-06-17	0	0	0	0	0	0	0	0
2020-06-18	0	0	0	0	0	0	0	0
2020-06-19	0	0	0	0	0	0	0	0
2020-06-20	0	0	0	0	0	0	0	0
2020-06-21	0	0	0	0	0	0	0	0
2020-06-22	0	0	0	0	0	0	0	0
2020-06-23	0	0	0	0	0	0	0	0
2020-06-24	0	0	0	0	0	0	0	0
2020-06-25	0	0	0	0	0	0	0	0
2020-06-26	0	0	0	0	0	0	0	0
2020-06-27	0	0	0	0	0	0	0	0
2020-06-28	0	0	0	0	0	0	0	0
2020-06-29	0	0	0	0	0	0	0	0
2020-06-30	0	0	0	0	0	0	0	0
2020-07-01	0	0	0	0	0	0	0	0
2020-07-02	0	0	0	0	0	0	0	0
2020-07-03	0	0	0	0	0	0	0	0
2020-07-04	0	0	0	0	0	0	0	0
2020-07-05	0	0	0	0	0	0	0	0
2020-07-06	0	0	0	0	0	0	0	0
2020-07-07	0	0	0	0	0	0	0	0
2020-07-08	0	0	0	0	0	0	0	0
2020-07-09	0	0	0	0	0	0	0	0
2020-07-10	0	0	0	0	0	0	0	0
2020-07-11	0	0	0	0	0	0	0	0
2020-07-12	0	0	0	0	0	0	0	0
2020-07-13	0	0	0	0	0	0	0	0
2020-07-14	0	0	0	0	0	0	0	0
2020-07-15	0	0	0	0	0	0	0	0
2020-07-16	0	0	0	0	0	0	0	0
2020-07-17	0	0	0	0	0	0	0	0
2020-07-18	0	0	0	0	0	0	0	0
2020-07-19	0	0	0	0	0	0	0	0
2020-07-20	0	0	0	0	0	0	0	0
2020-07-21	0	0	0	0	0	0	0	0
2020-07-22	0	0	0	0	0	0	0	0
2020-07-23	0	0	0	0	0	0	0	0
2020-07-24	0	0	0	0	0	0	0	0
2020-07-25	0	0	0	0	0	0	0	0
2020-07-26	0	0	0	0	0	0	0	0
2020-07-27	0	0	0	0	0	0	0	0
2020-07-28	0	0	0	0	0	0	0	0
2020-07-29	0	0	0	0	0	0	0	0
2020-07-30	0	0	0	0	0	0	0	0
2020-07-31	0	0	0	0	0	0	0	0
2020-08-01	0	0	0	0	0	0	0	0
2020-08-02	0	0	0	0	0	0	0	0
2020-08-03	0	0	0	0	0	0	0	0
2020-08-04	0	0	0	0	0	0	0	0
2020-08-05	0	0	0	0	0	0	0	0
2020-08-06	0	0	0	0	0	0	0	0
2020-08-07	0	0	0	0	0	0	0	0
2020-08-08	0	0	0	0	0	0	0	0
2020-08-09	0	0	0	0	0	0	0	0
2020-08-10	0	0	0	0	0	0	0	0
2020-08-11	0	0	0	0	0	0	0	0
2020-08-12	0	0	0	0	0	0	0	0
2020-08-13	0	0	0	0	0	0	0	0
2020-08-14	0	0	0	0	0	0	0	0
2020-08-15	0	0	0	0	0	0	0	0
2020-08-16	0	0	0	0	0	0	0	0
2020-08-17	0	0	0	0	0	0	0	0
2020-08-18	0	0	0	0	0	0	0	0
2020-08-19	0	0	0	0	0	0	0	0
2020-08-20	0	0	0	0	0	0	0	0
2020-08-21	0	0	0	0	0	0	0	0
2020-08-22	0	0	0	0	0	0	0	0
2020-08-23	0	0	0	0	0	0	0	0
2020-08-24	0	0	0	0	0	0	0	0
2020-08-25	0	0	0	0	0	0	0	0
2020-08-26	0	0	0	0	0	0	0	0
2020-08-27	0	0	0	0	0	0	0	0
2020-08-28	0	0	0	0	0	0	0	0
2020-08-29	0	0	0	0	0	0	0	0
2020-08-30	0	0	0	0	0	0	0	0
2020-08-31	0	0	0	0	0	0	0	0
2020-09-01	0	0	0	0	0	0	0	0
2020-09-02	0	0	0	0	0	0	0	0
2020-09-03	0	0	0	0	0	0	0	0
2020-09-04	0	0	0	0	0	0	0	0
2020-09-05	0	0	0	0	0	0	0	0
2020-09-06	0	0	0	0	0	0	0	0
2020-09-07	0	0	0	0	0	0	0	0
2020-09-08	0	0	0	0	0	0	0	0
2020-09-09	0	0	0	0	0	0	0	0
2020-09-10	0	0	0	0	0	0	0	0
2020-09-11	0	0	0	0	0	0	0	0
2020-09-12	0	0	0	0	0	0	0	0
2020-09-13	0	0	0	0	0	0	0	0
2020-09-14	0	0	0	0	0	0	0	0
2020-09-15	0	0	0	0	0	0	0	0
2020-09-16	0	0	0	0	0	0	0	0
2020-09-17	0	0	0	0	0	0	0	0
2020-09-18	0	0	0	0	0	0	0	0
2020-09-19	0	0	0	0	0	0	0	0
2020-09-20	0	0	0	0	0	0	0	0
2020-09-21	0	0	0	0	0	0	0	0
2020-09-22	0	0	0	0	0	0	0	0
2020-09-23	0	0	0	0	0	0	0	0
2020-09-24	0	0	0	0	0	0	0	0
2020-09-25	0	0	0	0	0	0	0	0
2020-09-26	0	0	0	0	0	0	0	0
2020-09-27	0	0	0	0	0	0	0	0
2020-09-28	0	0	0	0	0	0	0	0
2020-09-29	0	0	0	0	0	0	0	0
2020-09-30	0	0	0	0	0	0	0	0
2020-10-01	0	0	0	0	0	0	0	0
2020-10-02	0	0	0	0	0	0	0	0
2020-10-03	0	0	0	0	0	0	0	0
2020-10-04	0	0	0	0	0	0	0	0
2020-10-05	0	0	0	0	0	0	0	0
2020-10-06	0	0	0	0	0	0	0	0
2020-10-07	0	0	0	0	0	0	0	0
2020-10-08	0	0	0	0	0	0	0	0
2020-10-09	0	0	0	0	0	0	0	0
2020-10-10	0	0	0	0	0	0	0	0
2020-10-11	0	0	0	0	0	0	0	0
2020-10-12	0	0	0	0	0	0	0	0
2020-10-13	0	0	0	0	0	0	0	0
2020-10-14	0	0	0	0	0	0	0	0
2020-10-15	0	0	0	0	0	0	0	0
2020-10-16	0	0	0	0	0	0	0	0
2020-10-17	0	0	0	0	0	0	0	0
2020-10-18	0	0	0	0	0	0	0	0
2020-10-19	0	0	0	0	0	0	0	0
2020-10-20	0	0	0	0	0	0	0	0
2020-10-21	0	0	0	0	0	0	0	0
2020-10-22	0	0	0	0	0	0	0	0
2020-10-23	0	0	0	0	0	0	0	0
2020-10-24	0	0	0	0	0	0	0	0
2020-10-25	0	0	0	0	0	0	0	0
2020-10-26	0	0	0	0	0	0	0	0
2020-10-27	0	0	0	0	0	0	0	0
2020-10-28	0	0	0	0	0	0	0	0
2020-10-29	0	0	0	0	0	0	0	0
2020-10-30	0	0	0	0	0	0	0	0
2020-10-31	0	0	0	0	0	0	0	0
2020-11-01	0	0	0	0	0	0	0	0
2020-11-02	0	0	0	0	0	0	0	0
2020-11-03	0	0	0	0	0	0	0	0
2020-11-04	0	0	0	0	0	0	0	0
2020-11-05	0	0	0	0	0	0	0	0
2020-11-06	0	0	0	0	0	0	0	0
2020-11-07	0	0	0	0	0	0	0	0
2020-11-08	0	0	0	0	0	0	0	0
2020-11-09	0	0	0	0	0	0	0	0
2020-11-10	0	0	0	0	0	0	0	0
2020-11-11	0	0	0	0	0	0	0	0
2020-11-12	0	0	0	0	0	0	0	0
2020-11-13	0	0	0	0	0	0	0	0
2020-11-14	0	0	0	0	0	0	0	0
2020-11-15	0	0	0	0	0	0	0	0
2020-11-16	0	0	0	0	0	0	0	0
2020-11-17	0	0	0	0	0	0	0	0
2020-11-18	0	0	0	0	0	0	0	0
2020-11-19	0	0	0	0	0	0	0	0
2020-11-20	0	0	0	0	0	0	0	0
2020-11-21	0	0	0	0	0	0	0	0
2020-11-22	0	0	0	0	0	0	0	0
2020-11-23	0	0	0	0	0	0	0	0
2020-11-24	0	0	0	0	0	0	0	0
2020-11-25	0	0	0	0	0	0	0	0
2020-11-26	0	0	0	0	0	0	0	0
2020-11-27	0	0	0	0	0	0	0	0
2020-11-28	0	0	0	0	0	0	0	0
2020-11-29	0	0	0	0	0	0	0	0
2020-11-30	0	0	0	0	0	0	0	0
2020-12-01	0	0	0	0	0	0	0	0
2020-12-02	0	0	0	0	0	0	0	0
2020-12-03	0	0	0	0	0	0	0	0
2020-12-04	0	0	0	0	0	0	0	0
2020-12-05	0	0	0	0	0	0	0	0
2020-12-06	0	0	0	0	0	0	0	0
2020-12-07	0	0	0	0	0	0	0	0
2020-12-08	0	0	0	0	0	0	0	0
2020-12-09	0	0	0	0	0	0	0	0
2020-12-10	0	0	0	0	0	0	0	0
2020-12-11	0	0	0	0	0	0	0	0
2020-12-12	0	0	0	0	0	0	0	0
2020-12-13	0	0	0	0	0	0	0	0
2020-12-14	0	0	0	0	0	0	0	0
2020-12-15	0	0	0	0	0	0	0	0
2020-12-16	0	0	0	0	0	0	0	0
2020-12-17	0	0	0	0	0	0	0	0
2020-12-18	0	0	0	0	0	0	0	0
2020-12-19	0	0	0	0	0	0	0	0
2020-12-20	0	0	0	0	0	0	0	0
2020-12-21	0	0	0	0	0	0	0	0
2020-12-22	0	0	0	0	0	0	0	0
2020-12-23	0	0	0	0	0	0	0	0
2020-12-24	0	0	0	0	0	0	0	0
2020-12-25	0	0	0	0	0	0	0	0
2020-12-26	0	0	0	0	0	0	0	0
2020-12-27	0	0	0	0	0	0	0	0
2020-12-28	0	0	0	0	0	0	0	0
2020-12-29	0	0	0	0	0	0	0	0
2020-12-30	0	0	0	0	0	0	0	0
2020-12-31	0	0	0	0	0	0	0	0
2021-01-01	0	0	0	0	0	0	0	0
2021-01-02	0	0	0	0	0	0	0	0
2021-01-03	0	0	0	0	0	0	0	0
2021-01-04	0	0	0	0	0	0	0	0
2021-01-05	0	0	0	0	0	0	0	0
2021-01-06	0	0	0	0	0	0	0	0
2021-01-07	0	0	0	0	0	0	0	0
2021-01-08	0	0	0	0	0	0	0	0
2021-01-09	0	0	0	0	0	0	0	0
2021-01-10	0	0	0	0	0	0	0	0
2021-01-11	0	0	0	0	0	0	0	0
2021-01-12	0	0	0	0	0	0	0	0
2021-01-13	0	0	0	0	0	0	0	0
2021-01-14	0	0	0	0	0	0	0	0
2021-01-15	0	0	0	0	0	0	0	0
2021-01-16	0	0	0	0	0	0	0	0
2021-01-17	0	0	0	0	0	0	0	0
2021-01-18	0	0	0	0	0	0	0	0
2021-01-19	0	0	0	0.003619184628361305	0.006445833401982348	0.006168892514862856	0.0025613671128290605	7.653486219452166e-4
2021-01-20	0	0	0	0.005747138317932388	0.0074724809806467896	0.006948808443631105	0.004717605836022765	6.948029440323467e-4
2021-01-21	0	0	0	0.004900466782245427	0.006703141099465348	0.00544762224795492	0.004795647228452937	7.59061321539134e-4
2021-01-22	0	0	0	2.7497078565374977e-4	0.0012693376923229582	7.947437607831453e-4	1.9320871416383945e-4	8.499661076077913e-6
2021-01-23	0	0	0	0.003699302942349325	0.007166295818923141	0.006908301349825452	0.004012771940346438	0.0012041387170544926
2021-01-24	0	0	0	0.006594818209412212	0.0050844594980561375	0.005655837656460383	0.0039038276950214	6.788963631303435e-4
2021-01-25	0	0	0	0.011362324867683515	0.009768718766727691	0.011744376207496687	0.006282738037262092	0.002293078067859833
2021-01-26	0	0	0	0.016537871938575366	0.015518664702956375	0.017706088576402434	0.015662481460081423	0.045421131147355576
2021-01-27	0	0	0	0.015010817506456942	0.015222856182198985	0.02009163068559472	0.02577805768535346	0.09242759036533288
2021-01-28	0	0	0	0.018916681230928267	0.019644515006707275	0.025247069368077746	0.021415921106062275	0.09178740764231441
2021-01-29	0	0	0	0.019831750232777168	0.0252709150740853	0.029888844808705795	0.02871712448496999	0.08249383993941373
2021-01-30	0	0	0	0.01747156422949825	0.017643837235158832	0.02080441047808579	0.02261000038438099	0.09752900480643167
2021-01-31	0	0	0	0.013943167754952412	0.013360691291227855	0.01856115416823445	0.025057887755386643	0.03524466707053664
2021-02-01	0	0	0	0.005556104671554429	0.008129245324765888	0.008266143246080215	0.007131329975412992	0.00891685591654423
2021-02-02	0	0	0	0.002961472883440175	0.005060919798896224	0.00691185413894746	0.003375662328042539	0.009149611015978554
2021-02-03	0	0	0	0.0038334610900248034	0.007854799966792614	0.008522428787939296	0.005710741239050021	0.008273808397423421
2021-02-04	0	0	0	0.0022859327405195806	0.002924653883359385	0.0038268089565616226	0.003911827392223621	0.002387326134386747
2021-02-05	0	0	0	8.584059797103194e-4	0.0020312342202786215	0.0016657444707479652	8.068312034108516e-4	2.8737430419512044e-4
2021-02-06	0	0	0	1.5201611392767767e-4	2.5331526452720965e-4	4.120263836424609e-4	3.1692492473922584e-4	8.910255506000553e-5
2021-02-07	0	0	0	2.1056695210042164e-4	1.1902565608545856e-4	2.791881043444633e-4	8.31099753106912e-5	0
2021-02-08	0	0	0	6.70983344948084e-4	6.787284965188434e-4	7.83422804157663e-4	2.78327254555899e-4	2.2378796160760217e-4
2021-02-09	0	0	0	1.886881460870793e-4	2.0743207337736713e-4	4.953478656306576e-4	2.637801592269007e-4	3.667519056089752e-4
2021-02-10	0	0	0	2.361693342354254e-4	2.473181448228168e-4	4.44144025018689e-4	4.03727757031902e-4	1.1893453446853997e-4
2021-02-11	0	0	0	2.7488008486176163e-4	4.968520602259829e-4	3.9819925842921045e-4	2.0523495791735513e-4	5.799673479600642e-5
2021-02-12	0	0	0	5.087052181274032e-5	2.2814850716801338e-4	3.9961554627754303e-4	2.2235536161319125e-4	3.9662577238530616e-5
2021-02-13	0	0	0	0	1.8823609982265843e-4	2.823988512741238e-4	7.909515149817636e-5	4.292229277069737e-5
2021-02-14	0	0	0	1.3277126844379872e-4	4.555660467155942e-4	6.195316610873025e-4	7.680639032003889e-5	1.3074558760983734e-5
2021-02-15	0	0	0	5.149109718460831e-4	6.742406556432545e-4	4.614797587190189e-4	1.270616638595623e-4	3.61080032886818e-5
2021-02-16	0	0	0	1.6463615437833923e-4	2.5392086620090737e-4	2.866454754835157e-4	6.661537284813335e-5	2.4832638365390736e-5
2021-02-17	0	0	0	2.366537172777683e-4	2.3765317573687383e-4	3.0361201871298427e-4	7.314263425639567e-5	3.825468053930692e-5
2021-02-18	0	0	0	7.564153479378e-5	5.876430267202082e-4	9.406250893932988e-4	2.2187954227970152e-4	3.728317503837175e-5
2021-02-19	0	0	0	2.538048069971044e-4	7.258160917418266e-4	9.882203723345917e-4	4.22802843403014e-4	6.935686970166444e-5
2021-02-20	0	0	0	6.196533532552007e-4	8.457889342008418e-4	0.0011036690604651067	2.9914494570815187e-4	8.943034191855048e-5
2021-02-21	0	0	0	1.974626060003981e-4	4.7358333650593387e-4	4.853028418907446e-4	1.8364240624380024e-4	1.3235938883138232e-5
2021-02-22	0	0	0	2.577402633208159e-4	3.3280639218680186e-4	5.679398098326072e-4	1.1278018836979875e-4	3.844804468022822e-5
2021-02-23	0	0	0	1.5689350877234887e-4	5.588161803460334e-4	6.08799354499201e-4	5.024683759757842e-5	2.3580484320495643e-5
2021-02-24	0	0	0	3.964411819348257e-4	8.998713639547518e-4	9.76514876825707e-4	1.8547125601475756e-4	2.590833395608172e-4
2021-02-25	0	0	0	1.1822776589398565e-4	6.196275953129771e-4	7.184372784629911e-4	1.2690865339415325e-4	1.611112422543748e-4
2021-02-26	0	0	0	4.008417717378254e-4	7.512506881170999e-4	9.042743216951532e-4	1.2385592653374466e-4	7.505980392519263e-5
2021-02-27	0	0	0	1.3860494143247415e-4	1.7135568635207044e-4	1.7071724986639225e-4	3.4981908790587823e-5	2.3723279803489206e-5
2021-02-28	0	0	0	2.659945870209235e-5	3.7276424661669694e-5	5.7359388847544324e-5	1.8886849559196506e-5	1.4666439336341597e-6
2021-03-01	0	0	0	5.50231566192716e-4	8.973022352898319e-4	8.046218646953207e-4	6.305619506608018e-5	2.3348767842490403e-5
2021-03-02	0	0	0	5.145224031015694e-4	0.0010796305764260161	0.0011034843958772633	8.238720459585736e-5	3.193763451214693e-5
2021-03-03	0	0	0	9.295373541740037e-4	0.0015196877716752155	0.0012517677423442564	1.0717439633234349e-4	2.021597885448756e-5
2021-03-04	0	0	0	7.837182833794198e-4	0.0012101735028602345	0.0011990028883774873	1.3017575775053913e-4	4.985408419391213e-4
2021-03-05	0	0	0	6.911714967083871e-4	0.001240202039634486	0.0011716490236501897	1.7690471363329685e-4	5.492713675738781e-4
2021-03-06	0	0	0	3.469230839805437e-4	6.240367766290333e-4	6.898951746177051e-4	8.671710715812964e-5	1.8509198043203945e-4
2021-03-07	0	0	0	6.704172790761298e-5	1.2877233983488168e-4	3.0634820120645223e-4	2.726160031341074e-5	1.4180665938390291e-5
2021-03-08	0	0	0	1.5432694185557594e-4	1.7732491756849988e-4	1.9813554501224573e-4	2.6465209342907414e-5	3.115911188222853e-5
2021-03-09	0	0	0	8.451391335455583e-4	8.240958809164756e-4	8.99082220852554e-4	9.791298478911692e-5	6.5049342064194e-5
2021-03-10	0	0	0	5.723218897819571e-4	6.707797784162306e-4	6.545086106124476e-4	6.542164433231967e-5	2.7961974675716483e-4
2021-03-11	0	0	0	3.693103161388489e-4	6.418969708166244e-4	6.348739891892663e-4	9.704822212319719e-5	7.474782308380945e-5
2021-03-12	0	0	0	0.00033568477461698443	5.708530364818554e-4	5.089241528672961e-4	5.043821609018728e-5	7.744883539206882e-5
2021-03-13	0	0	0	1.5364228258274437e-4	1.7182250766700768e-4	2.0131057564665156e-4	2.0090830645802527e-5	1.688243354691643e-5
2021-03-14	0	0	0	2.4220857041368227e-4	2.8694349105862216e-4	2.313740091803851e-4	9.223180884143645e-6	5.622644638991758e-6
2021-03-15	0	0	0	0.0013825842148247336	0.0021421221388764344	0.001283666088453872	9.173428252551297e-5	3.794595723061178e-5
2021-03-16	0	0	0	0.001201562139094614	0.0020397800150246947	0.0011255751352901022	1.1696005239425489e-4	4.944403628786009e-4
2021-03-17	0	0	0	0.001776514829166631	0.002609952705961538	0.0019063597253710096	2.0692524880794316e-4	5.939207499505716e-4
2021-03-18	0	0	0	0.0021306946269166183	0.0031046371706764386	0.0019043480008653635	1.8048992883890058e-4	7.369085813304643e-4
2021-03-19	0	0	0	0.0021588579180182865	0.0027225601939131483	0.0017107889430039158	1.7570479620143686e-4	3.7032621287180767e-4
2021-03-20	0	0	0	0.0010611970891043487	0.0017523171013942296	0.0011483004594357027	1.4152550859813928e-4	8.735556689725144e-4
2021-03-21	0	0	0	6.088465543376831e-4	9.335419593232697e-4	5.420836605158907e-4	5.175112883004651e-5	8.990160716813023e-4
2021-03-22	0	0	0	8.09953460893853e-4	0.001417371017014002	9.231029937859514e-4	9.082646565139463e-5	4.911987780078508e-4
2021-03-23	0	0	0	0.0022762868206178677	0.002992759478373186	0.0019420877521874047	2.888995269039185e-4	0.0055566788452616755
2021-03-24	0	0	0	0.002809177041304123	0.00341933752052892	0.0023231391528237832	3.6013413151847473e-4	0.007499652809463742
2021-03-25	0	0	0	0.002914204626898842	0.003664779579490851	0.0025014604430042553	3.592946040713585e-4	0.006299282013126906
2021-03-26	0	0	0	0.002810113468134423	0.0035890350929674852	0.0020452923868023998	3.693309552694757e-4	0.001527728527392025
2021-03-27	0	0	0	0.001981234185282066	0.002088973896109625	0.0013474052956179428	2.684091510589681e-4	0.0014370103464793615
2021-03-28	0	0	0	0.0010698334500021112	0.0015178701502300829	8.241595494391518e-4	1.1327218652734672e-4	5.7224197263616716e-5
2021-03-29	0	0	0	0.002519276774467949	0.003745248527999623	0.002135026739821244	3.3347991030407975e-4	0.0011118095558317886
2021-03-30	0	0	0	0.003809866258373429	0.005104465091712029	0.0031101905446142553	5.051458809552933e-4	0.00515931600864139
2021-03-31	0	0	0	0.004786154568945156	0.005858804002237372	0.0035394160495685334	6.019719222138953e-4	0.010096955568464239
2021-04-01	0	0	0	0.0029953978872692133	0.004896888299577684	0.0026791547990039355	4.598406406819411e-4	0.007813803543886833
2021-04-02	0	0	0	0.004435125662613837	0.0058441045183568185	0.0033454317234717923	5.939701364017225e-4	0.010682882975739494
2021-04-03	0	0	0	0.0030712762329465626	0.003918318010861066	0.002295533448217535	5.437063990161306e-4	0.006053266062700624
2021-04-04	0	0	0	0.0017164376209015675	0.0022795414912506473	0.0011027920143611425	1.576993106691127e-4	2.751687373740985e-4
2021-04-05	0	0	0	0.0028276659957824357	0.00443498221834937	0.002235106343689175	4.307455736707322e-4	2.5289170608866485e-4
2021-04-06	0	0	0	0.004435573539431692	0.006144333880465203	0.003208613284995554	8.319433208248128e-4	0.004355634486037596
2021-04-07	0	0	0	0.006780231511850809	0.008425404646468904	0.004148549738909102	0.0011675605058636407	0.008811660660233978
2021-04-08	0	0	0	0.007128148740603857	0.007940946085143619	0.003885364433269478	0.0011230840795815045	0.011644713907823068
2021-04-09	0	0	0	0.005397907593172491	0.006886614701761218	0.00330260521755954	0.0010943496242039608	0.008873731863593637
2021-04-10	0	0	0	0.00448894639139974	0.004780185961427819	0.0022333417603557226	0.0010285078270599879	0.005642784326789663
2021-04-11	0	0	0	0.0031350001020571394	0.004511869177351802	0.0018683558617487162	8.518789909301994e-4	0.0017303500399812322
2021-04-12	0	0	0	0.005808887528944595	0.008002133212175355	0.003210715516805962	0.0012734753656789	0.003833550778871153
2021-04-13	0	0	0	0.00886155088852969	0.011026142900528724	0.004630914165446143	0.0028642794905646696	0.017803717392573137
2021-04-14	0	0	0	0.009012717633564593	0.01136903480956919	0.004667091339629392	0.003929588974128206	0.03336973919233199
2021-04-15	0	0	0	0.010707510081847671	0.012628682085626508	0.00542845252462576	0.005170016250796383	0.03705996787307875
2021-04-16	0	0	0	0.010595310795004309	0.011693898491785593	0.005323862258244549	0.004757474590098676	0.03380104302361575
2021-04-17	0	0	0	0.008592198751453672	0.009476160268611089	0.004322281257478133	0.0064932684497627235	0.04062146725850191
2021-04-18	0	0	0.034785262237930104	0.004504588265660026	0.005634376294984866	0.0022230627326929042	0.0025158167120362673	0.012293341191637275
2021-04-19	0	0	0	0.008302797471076317	0.009344659287397139	0.0036633999644128945	0.002426001336619521	0.01450481010854765
2021-04-20	0	0	0	0.009782537483117082	0.011699774917674821	0.004705982807415188	0.004702028233982247	0.034142951890619555
2021-04-21	0	0	0	0.011348832810345266	0.01189191540600798	0.00517409998210816	0.0069793518239236185	0.05851658424051154
2021-04-22	0	0.2111456180001683	0	0.011915392205663844	0.012473933905099432	0.005745911321482167	0.008057929146558118	0.07623840060864939
2021-04-23	0	0	0	0.005486716545349157	0.006341229091971545	0.003004290936295284	0.004932030606421334	0.04417765741950341
2021-04-24	0	0	0	0.005093148474366149	0.005532049655947446	0.0026678496175294164	0.004356752747859405	0.02952251978549003
2021-04-25	0	0	0	0.0015008099837199307	0.0016386696755732455	5.346123867158159e-4	2.906244808842384e-4	0.001627900565631668
2021-04-26	0	0	0	0.0038701769047526646	0.0037058049232900903	0.0012415949680790739	7.00510711325153e-4	0.002873492331603167
2021-04-27	0	0	0	0.007808390868967452	0.008308030000173217	0.003522879717590577	0.00575558827603051	0.0181363484638275
2021-04-28	0	0	0	0.012053439535408161	0.011765897540630954	0.005394071453023397	0.009786035499168122	0.0799207591197233
2021-04-29	0	0	0	0.012220269952347929	0.012181357177456498	0.005733020212890461	0.012657163021517093	0.08633581469351426
2021-04-30	0	0.2679491924311228	0	0.012227176092626024	0.012432454535501902	0.005713547903690941	0.01629047475716261	0.09233933257781812
2021-05-01	0	0	0	0.013976878373094914	0.013215461701046483	0.006396509044364507	0.028678596194575245	0.1124666841785893
2021-05-02	0	0	0	0.005392218812269256	0.005098899461673856	0.00225018883111483	0.006961895850755129	0.034449323408633825
2021-05-03	0	0	0	0.00752476835717375	0.006852226211301771	0.0028869491194947194	0.0048868786762457095	0.025731906928028625
2021-05-04	0	0	0	0.010034325421887091	0.009577439759273831	0.004705268422335207	0.012745160127207944	0.039636051972630204
2021-05-05	0	0	0	0.009607387309100934	0.008728788176664226	0.004066888058716911	0.016313754169712702	0.051526875709200004
2021-05-06	0	0	0.027212152335712503	0.009795679254532397	0.009077065445681765	0.004581504775996503	0.021785144060865402	0.09108259928755502
2021-05-07	0	0	0	0.012133621479174073	0.010345244147206278	0.005451926895657433	0.029947414855622245	0.14576869402814885
2021-05-08	0	0	0.0563493683848999	0.013245554281353655	0.011977058240121075	0.007619728140284998	0.04370215004523548	0.17141970665211037
2021-05-09	0	0	0	0.00596775022556395	0.004895285173211361	0.002909404233674584	0.017108214010271627	0.06029859030543028
2021-05-10	0	0	0	0.006976723132137819	0.006288131976937228	0.0028452014563384864	0.015705117558379333	0.06773966060027159
2021-05-11	0	0	0	0.008801083774753637	0.008548629932134233	0.0046252445514596285	0.02562834405060488	0.09253031526835231
2021-05-12	0	0	0	0.00965290094319049	0.009294507322083367	0.005130872720325419	0.03619769933477346	0.10909187995686542
2021-05-13	0	0	0	0.010568581304189584	0.009926678804352829	0.005921134539948136	0.04749261742510846	0.09356529668689584
2021-05-14	0	0	0	0.011537685489313887	0.010635183745292709	0.006386859836940317	0.061363446705866576	0.11458994483615692
2021-05-15	0	0	0	0.014739054531265117	0.013396556619010402	0.009774951401394949	0.08790607457294164	0.14706264969717076
2021-05-16	0.2679491924311228	0	0.028778478781675387	0.006602950309725797	0.006006833676775347	0.004552083635377846	0.039889915345705296	0.08170357757711799
2021-05-17	0	0	0	0.007880891224676168	0.0069133555696487825	0.0041131360830024555	0.04705180410019194	0.083887424297602875
2021-05-18	0	0	0.029631267712443954	0.00763740061807594	0.007468718538087282	0.0054882328611103315	0.05929355963284699	0.08621525294274668
2021-05-19	0	0	0	0.010079297520632746	0.00866504194090223	0.006495487838977132	0.08170814434995588	0.11648383187902733
2021-05-20	0	0	0	0.013735793276735242	0.013022193099164081	0.010059342943232519	0.11052214275196404	0.13019930736030516
2021-05-21	0	0	0	0.013681278413645526	0.013331929464738934	0.00979655559141901	0.09601135364594193	0.1113992823779757
2021-05-22	0	0	0	0.016172741619778552	0.012507234205893392	0.010899113259063897	0.09805956842800057	0.08437305885708923
2021-05-23	0	0	0	0.007527804728186593	0.005862634779570275	0.004443895052410607	0.047412497733348324	0.04713175285282811
2021-05-24	0	0	0	0.004379960655174875	0.0032572744399210762	0.0025655824464176913	0.04508352700791196	0.023721630286630546
2021-05-25	0	0	0	0.00812283183995266	0.007592993107023549	0.005523768168168797	0.06473981166390219	0.056980905579026464
2021-05-26	0	0	0.02797340563346129	0.013382117151659934	0.010646531893514721	0.01177520213263028	0.09669945373342537	0.06693100405472929
2021-05-27	0	0	0.028778478781675387	0.018479513187564356	0.014060378061218515	0.015083510375293985	0.1201939251407218	0.08433933273395033
2021-05-28	0	0	0	0.020336598613913903	0.014927866412163704	0.01607994155036807	0.13262406287972417	0.07889592576948723
2021-05-29	0	0	0.029631267712443954	0.027679299021577286	0.021857757518581655	0.023317175249861988	0.13246733506915898	0.06948609421693974
2021-05-30	0	0	0	0.009840356023600894	0.007675523094444525	0.005862359382428961	0.06238246584085094	0.020759266899135653
2021-05-31	0	0	0	0.00877117861611243	0.007315615208647319	0.0070199316430179515	0.06585524086304084	0.02673629583689796
2021-06-01	0	0	0	0.016679345403720847	0.01212189577371281	0.01527747021697623	0.09544753353546542	0.052080940689384736
2021-06-02	0	0	0.3303057801265563	0.026620910201249792	0.01822303770634437	0.023904338387028767	0.11504957491016654	0.07747069983530763
2021-06-03	0	0	0.037386474149367244	0.03221479585818243	0.02072039975712192	0.02452289594492063	0.12496686768510057	0.05995963285118511
2021-06-04	0	0	0	0.02297001966767498	0.015304192148966056	0.02009036978645784	0.11133780311779429	0.052153132842225114
2021-06-05	0	0	0.07549910270124749	0.031125087997757817	0.021326937345015562	0.0270982292429105	0.10431108751680584	0.0467993724184701
2021-06-06	0	0	0	0.011477875785191882	0.00817704320726742	0.011662141600615294	0.048679176346383635	0.015296906175286118
2021-06-07	0	0	0	0.010241383357388445	0.008129854757799704	0.0157875552679545	0.06914804683236553	0.027503645287109135
2021-06-08	0	0	0	0.012852976214015488	0.008828772512278205	0.018470575260601363	0.06847762672616664	0.03667403408135406
2021-06-09	0	0	0.038838648618159555	0.017627022771155243	0.010616671097485986	0.0238362939562331	0.07005296501268399	0.04593390364992134
2021-06-10	0	0	0.03603898787606852	0.022601916002292333	0.01344427103692647	0.029514829148407973	0.08577590451270822	0.0432359444421635
2021-06-11	0	0	0	0.027115256509133934	0.01569411768253892	0.035227888194122814	0.08788350991223659	0.045107667309417065
2021-06-12	0	0	0.037386474149367244	0.039170766297349946	0.021568919653025098	0.054584662445974264	0.10157038785829653	0.0400578210399698
2021-06-13	0	0	0	0.015577025181385373	0.008551050126552884	0.024238221090651324	0.03903852701026955	0.015597347415452711
2021-06-14	0	0	0	0.014586369389780307	0.008495647121806726	0.029235242427542607	0.0522983913394135	0.021772327765199995
2021-06-15	0	0	0	0.019388957553448716	0.010552031371964254	0.03822045374544247	0.062215442284051514	0.03331763636919893
2021-06-16	0	0	0	0.020629105309571294	0.009433651673504517	0.037420734829176405	0.06167523768552563	0.040811500044557025
2021-06-17	0	0	0.037386474149367244	0.024459610932006548	0.012013317095425524	0.041811621370408725	0.0686009152594449	0.03950834725631003
2021-06-18	0	0	0	0.02610332713233876	0.012817990431551518	0.047713970169897646	0.06862911348497369	0.036734145814730335
2021-06-19	0	0	0	0.029702538552637714	0.012435034268051037	0.05482587883739343	0.0660327401248666	0.026801466944620822
2021-06-20	0	0	0	0.012038722112736933	0.005324435403178285	0.03090252905503621	0.03568376399674933	0.011449833097968432
2021-06-21	0	0	0	0.010042707226563863	0.004405300994743122	0.026102941313592032	0.029624852091434395	0.006197616514454385
2021-06-22	0	0	0	0.014590005867325617	0.006680429698415313	0.04695822044131415	0.03967274772905127	0.021678767163998636
2021-06-23	0	0	0	0.018313562129456784	0.007856252738803748	0.04572099577998312	0.04365006026735396	0.028551624908180973
2021-06-24	0	0	0.03603898787606852	0.02626545109502798	0.010440114121387012	0.057347451339547106	0.05542141176398152	0.025067813099107328
2021-06-25	0	0	0	0.022882685124904656	0.009888070353313738	0.05614883219360389	0.048521993775133554	0.022205578711291585
2021-06-26	0	0	0	0.03543338720370581	0.013863435166396432	0.07466764713055296	0.05540576248974394	0.025947753775589888
2021-06-27	0	0	0.03252249264814111	0.016513719545615757	0.00609388775542552	0.04007787069535884	0.024334476861167298	0.008686355334357465
2021-06-28	0	0	0	0.01661997134851223	0.0068880849056800475	0.0540348769976815	0.03333247471383771	0.02101972248159356
2021-06-29	0	0	0	0.019306967358527327	0.008059725835050768	0.04970951637050991	0.03484544244457899	0.024280260139646126
2021-06-30	0	0	0.03361583949964997	0.02066050412652287	0.00920577513068932	0.0529425912889101	0.038549097220900386	0.0290562607026561
2021-07-01	0	0	0	0.02260300978227181	0.010358534546803355	0.05614613148106584	0.043618868019071444	0.02993408302105638
2021-07-02	0	0	0.03252249264814111	0.02297248811043273	0.010286840958663612	0.05705768430057412	0.03638618970394747	0.020754479477927523
2021-07-03	0	0	0.06559169670129683	0.027358603777240642	0.011569635196382322	0.06761175380949758	0.04426992843210109	0.022002395004642405
2021-07-04	0	0	0	0.011492376957972672	0.005383459422337866	0.03561431201067489	0.016038940433715565	0.008876026598387599
2021-07-05	0	0	0	0.012574134647516111	0.006441587281967864	0.0426983731050099	0.02222524180284835	0.014587441924160283
2021-07-06	0	0	0	0.016642884134270952	0.008228767527111991	0.04445477635912298	0.03259422988841676	0.023550022122956094
2021-07-07	0	0	0	0.01585252623548783	0.008123917674188741	0.04478975824400133	0.03191929101056168	0.025432044403331133
2021-07-08	0	0	0	0.014559503733924117	0.009829300498523263	0.0486012356382961	0.039921316333508816	0.02982262695734117
2021-07-09	0	0	0	0.010836837456156267	0.009464591243844245	0.04896845633067981	0.027596813136116838	0.01836608233759196
2021-07-10	0	0	0.027212152335712503	0.013884085651149958	0.010466025069660656	0.052681101850627465	0.03271555052456532	0.01706515834831479
2021-07-11	0	0	0	0.003921126690388244	0.0036926512457187144	0.024782131845479727	0.009319452005355	0.004310217134096961
2021-07-12	0	0	0	0.004226812128682145	0.004857941550702183	0.028951513504111848	0.014812908637807265	0.010023885152885326
2021-07-13	0	0	0	0.004958900595002591	0.0065428155677556	0.032929686708323525	0.01884960899850352	0.014620170413458755
2021-07-14	0	0	0.05334294643084947	0.0037337131517052313	0.007247969242549113	0.0323529935765301	0.018555930249942287	0.017193745089656876
2021-07-15	0	0	0	0.003236006813490677	0.0077128123454388575	0.034063257673037084	0.0212922499293704	0.022226480989210984
2021-07-16	0	0	0.02797340563346129	0.0027006741243156274	0.0076566394613279964	0.0390547044093954	0.018681042385231272	0.014901194430508857
2021-07-17	0	0	0	0.005345025567916384	0.015579393799268315	0.05054906577845397	0.02211370172126581	0.018412817029470174
2021-07-18	0	0	0	0.0012623473218240644	0.004949980803871545	0.025185555077120725	0.006056149623140827	0.003213713913282401
2021-07-19	0	0	0	0.0015050183494558222	0.006588586785970074	0.029291166657501755	0.010685045348775235	0.012100951419855344
2021-07-20	0	0	0	0.0017601074920441384	0.00894842699262588	0.026478249640668583	0.015032185550559518	0.008689789912750934
2021-07-21	0	0	0	0.0016535954417655763	0.00932581722646364	0.0351462089946033	0.015059075267346733	0.015067675743646536
2021-07-22	0	0	0	0.0019465380574408275	0.013150259508923678	0.044146239459108116	0.016841896157266945	0.010665265261977641
2021-07-23	0.5857864376269049	2	0	0.01573383286546748	0	0	0.4251591930643721	0.5504402110442259
2021-07-24	0	0	0.024873591259668704	0.001037258242657213	0	0	0.027673589132825693	0.0344416063532067
2021-07-25	0	0	0	0.0014410905763044823	0	0	0.02817604371899063	0.03483334876802924
2021-07-26	0	0	0.024774476050825056	0.0011339252897313301	0	0	0.00960850725626039	0.011671866804454423
2021-07-27	0	0	0	5.615660178028836e-4	0	0	0.010888495143091204	0.015568926414235129
2021-07-28	0	0	0	3.4946089437370986e-4	0	0	0.01682192306915331	0.02613339908027945
2021-07-29	0	0	0	3.9783343513866143e-4	0	0	0.018722085182315107	0.025620830306327447
2021-07-30	0	0	0	5.155148509212726e-4	0	0	0.02040269090095226	0.03034701467339107
2021-07-31	0	0	0	8.408089830291843e-4	0	0	0.018297767831357614	0.03451841252011878
2021-08-01	0	0	0.023506400389038618	0.001244878965840135	0	0	0.023624879557319955	0.036420858580071824
2021-08-02	0	0	0	5.079844889608331e-4	0	0	0.007680722754075164	0.010237228120038466
2021-08-03	0	0	0	3.942075189322658e-4	0	0	0.010269610736245882	0.0207402770495011
2021-08-04	0	0	0	5.392864242361739e-4	0	0.043831641716395975	0.015367705729278924	0.027933838883638096
2021-08-05	0	0	0	4.816895017196732e-4	0	0.07212157585270251	0.018107187135275815	0.03277119638720882
2021-08-06	0	0	0	4.923105487404378e-4	0	0.07555294158975001	0.017862841081457637	0.03198400089048392
2021-08-07	0	0	0	5.893220698798274e-4	0	0.06784834282754182	0.020191704391413268	0.029516182130846724
2021-08-08	0	0	0	8.884673867661785e-4	0	0.08946924495099018	0.022049041965896077	0.03162412779843038
2021-08-09	0.36700683814454793	0	0	2.4364957644840146e-4	0	0.06332924395005857	0.012041919201986495	0.010276504135335873
2021-08-10	0	0	0	3.8397470133011424e-4	0	0.057055265168898694	0.01837403019563144	0.029210832685299337
2021-08-11	0	0	0	2.7046155377297154e-4	0	0.039437301055067264	0.014416445597364547	0.03442597985500884
2021-08-12	0	0	0.06750259330235675	5.640969301767829e-4	0	0.037118177110547546	0.015987526996544377	0.03385545250980049
2021-08-13	0	0	0	5.202098860574988e-4	0	0.03573935060132727	0.02361292417500982	0.04390045975810519
2021-08-14	0	0	0	3.944747305875129e-4	0.007198311581797956	0.04610178818093891	0.02313374946411706	0.04347295217580638
2021-08-15	0	0	0	4.7603227294312767e-4	0.010588024681584818	0.055405577372731996	0.017738765029193804	0.016040359227114553
2021-08-16	0	0	0	7.317269317974606e-4	0.005691033649046773	0.02876034210766809	0.0035339173396378154	0.005080018364047145
2021-08-17	0	0	0	5.4201193449676666e-5	0.004625490237602836	0.02302205695111259	0.004573510780259804	0.00817581348024099
2021-08-18	0	0	0	1.452995293569348e-4	0.01128018640404993	0.035885046987751634	0.014713652423406165	0.01755778878106473
2021-08-19	0	0	0	3.1023203185931436e-4	0.010079563985428974	0.02392783718921998	0.02043959124631467	0.03058445398557219
2021-08-20	0	0	0	4.15764675925967e-4	0.009036734984785078	0.02479523773304959	0.018334123300323135	0.026073901644212416
2021-08-21	0	0	0	5.374974621323858e-4	0.010334291889392055	0.028331602078871976	0.01849272271879543	0.023966310693504855
2021-08-22	0	0	0	3.9551056082731684e-4	0.015883362875702245	0.045325273084643625	0.024024761731984423	0.030309115789572072
2021-08-23	0	0	0	1.6046233992650372e-4	0.01053984610925962	0.028978384844475347	0.009858573902872703	0.007034019445159467
2021-08-24	0	0	0	1.102576100271424e-4	0.00881196724616995	0.029482638177772413	0.013346332894913493	0.027292884191537192
2021-08-25	0	0	0	4.693012489245252e-4	0.010084267747685116	0.029427522942632844	0.01480922466952972	0.03174804762411165
2021-08-26	0	0	0.0030172528230218987	0.0010899986005112883	0.01338183449292929	0.026284226033528535	0.019863100755713292	0.035334011777498286
2021-08-27	0	0	0.00075602697192089785	0.0014460444690773677	0.019421616058295843	0.033988552372117065	0.022069125375126175	0.04522950877511511
2021-08-28	0	0	0	0.0017187051621971872	0.022737945513285673	0.03901698107707885	0.020107276571158517	0.04459486893526288
2021-08-29	0	0	7.563868417421737e-4	0.0018079095553633628	0.024113721592843973	0.043155873909054954	0.01956444041214689	0.027873437235842236
2021-08-30	0	0	0	4.92114496824847e-4	0.011067934790752076	0.024036552472418427	0.008127206628828931	0.01391703409820888
2021-08-31	0	0	0	1.9988964462780423e-4	0.008900802232876925	0.020781410775177145	0.008956410499767253	0.021582027023686168
