2020-02-17	0	0	0	0	0	0	0	0
2020-02-18	0	0	0	0	0	0	0	0
2020-02-19	0	0	0	0	0	0	0	0
2020-02-20	0	0	0	0	0	0	0	0
2020-02-21	0	0	0	0	0	0	0	0
2020-02-22	0	0	0	0	0	0	0	0
2020-02-23	0	0	0	0	0	0	0	0
2020-02-24	0	0	0	0	0	0	0	0
2020-02-25	0	0	0	0	0	0	0	0
2020-02-26	0	0	0	0	0	0	0	0
2020-02-27	0	0	0	0	0	0	0	0
2020-02-28	0	0	0	0	0	0	0	0
2020-02-29	0	0	0	0	0	0	0	0
2020-03-01	0	0	0	0	0	0	0	0
2020-03-02	0	0	0	0	0	0	0	0
2020-03-03	0	0	0	0	0	0	0	0
2020-03-04	0	0	0	0	0	0	0	0
2020-03-05	0	0	0	0	0	0	0	0
2020-03-06	0	0	0	0	0	0	0	0
2020-03-07	0	0	0	0	0	0	0	0
2020-03-08	0	0	0	0	0	0	0	0
2020-03-09	0	0	0	0	0	0	0	0
2020-03-10	0	0	0	0	0	0	0	0
2020-03-11	0	0	0	0	0	0	0	0
2020-03-12	0	0	0	0	0	0	0	0
2020-03-13	0	0	0	0	0	0	0	0
2020-03-14	0	0	0	0	0	0	0	0
2020-03-15	0	0	0	0	0	0	0	0
2020-03-16	0	0	0	0	0	0	0	0
2020-03-17	0	0	0	0	0	0	0	0
2020-03-18	0	0	0	0	0	0	0	0
2020-03-19	0	0	0	0	0	0	0	0
2020-03-20	0	0	0	0	0	0	0	0
2020-03-21	0	0	0	0	0	0	0	0
2020-03-22	0	0	0	0	0	0	0	0
2020-03-23	0	0	0	0	0	0	0	0
2020-03-24	0	0	0	0	0	0	0	0
2020-03-25	0	0	0	0	0	0	0	0
2020-03-26	0	0	0	0	0	0	0	0
2020-03-27	0	0	0	0	0	0	0	0
2020-03-28	0	0	0	0	0	0	0	0
2020-03-29	0	0	0	0	0	0	0	0
2020-03-30	0	0	0	0	0	0	0	0
2020-03-31	0	0	0	0	0	0	0	0
2020-04-01	0	0	0	0	0	0	0	0
2020-04-02	0	0	0	0	0	0	0	0
2020-04-03	0	0	0	0	0	0	0	0
2020-04-04	0	0	0	0	0	0	0	0
2020-04-05	0	0	0	0	0	0	0	0
2020-04-06	0	0	0	0	0	0	0	0
2020-04-07	0	0	0	0	0	0	0	0
2020-04-08	0	0	0	0	0	0	0	0
2020-04-09	0	0	0	0	0	0	0	0
2020-04-10	0	0	0	0	0	0	0	0
2020-04-11	0	0	0	0	0	0	0	0
2020-04-12	0	0	0	0	0	0	0	0
2020-04-13	0	0	0	0	0	0	0	0
2020-04-14	0	0	0	0	0	0	0	0
2020-04-15	0	0	0	0	0	0	0	0
2020-04-16	0	0	0	0	0	0	0	0
2020-04-17	0	0	0	0	0	0	0	0
2020-04-18	0	0	0	0	0	0	0	0
2020-04-19	0	0	0	0	0	0	0	0
2020-04-20	0	0	0	0	0	0	0	0
2020-04-21	0	0	0	0	0	0	0	0
2020-04-22	0	0	0	0	0	0	0	0
2020-04-23	0	0	0	0	0	0	0	0
2020-04-24	0	0	0	0	0	0	0	0
2020-04-25	0	0	0	0	0	0	0	0
2020-04-26	0	0	0	0	0	0	0	0
2020-04-27	0	0	0	0	0	0	0	0
2020-04-28	0	0	0	0	0	0	0	0
2020-04-29	0	0	0	0	0	0	0	0
2020-04-30	0	0	0	0	0	0	0	0
2020-05-01	0	0	0	0	0	0	0	0
2020-05-02	0	0	0	0	0	0	0	0
2020-05-03	0	0	0	0	0	0	0	0
2020-05-04	0	0	0	0	0	0	0	0
2020-05-05	0	0	0	0	0	0	0	0
2020-05-06	0	0	0	0	0	0	0	0
2020-05-07	0	0	0	0	0	0	0	0
2020-05-08	0	0	0	0	0	0	0	0
2020-05-09	0	0	0	0	0	0	0	0
2020-05-10	0	0	0	0	0	0	0	0
2020-05-11	0	0	0	0	0	0	0	0
2020-05-12	0	0	0	0	0	0	0	0
2020-05-13	0	0	0	0	0	0	0	0
2020-05-14	0	0	0	0	0	0	0	0
2020-05-15	0	0	0	0	0	0	0	0
2020-05-16	0	0	0	0	0	0	0	0
2020-05-17	0	0	0	0	0	0	0	0
2020-05-18	0	0	0	0	0	0	0	0
2020-05-19	0	0	0	0	0	0	0	0
2020-05-20	0	0	0	0	0	0	0	0
2020-05-21	0	0	0	0	0	0	0	0
2020-05-22	0	0	0	0	0	0	0	0
2020-05-23	0	0	0	0	0	0	0	0
2020-05-24	0	0	0	0	0	0	0	0
2020-05-25	0	0	0	0	0	0	0	0
2020-05-26	0	0	0	0	0	0	0	0
2020-05-27	0	0	0	0	0	0	0	0
2020-05-28	0	0	0	0	0	0	0	0
2020-05-29	0	0	0	0	0	0	0	0
2020-05-30	0	0	0	0	0	0	0	0
2020-05-31	0	0	0	0	0	0	0	0
2020-06-01	0	0	0	0	0	0	0	0
2020-06-02	0	0	0	0	0	0	0	0
2020-06-03	0	0	0	0	0	0	0	0
2020-06-04	0	0	0	0	0	0	0	0
2020-06-05	0	0	0	0	0	0	0	0
2020-06-06	0	0	0	0	0	0	0	0
2020-06-07	0	0	0	0	0	0	0	0
2020-06-08	0	0	0	0	0	0	0	0
2020-06-09	0	0	0	0	0	0	0	0
2020-06-10	0	0	0	0	0	0	0	0
2020-06-11	0	0	0	0	0	0	0	0
2020-06-12	0	0	0	0	0	0	0	0
2020-06-13	0	0	0	0	0	0	0	0
2020-06-14	0	0	0	0	0	0	0	0
2020-06-15	0	0	0	0	0	0	0	0
2020-06-16	0	0	0	0	0	0	0	0
2020-06-17	0	0	0	0	0	0	0	0
2020-06-18	0	0	0	0	0	0	0	0
2020-06-19	0	0	0	0	0	0	0	0
2020-06-20	0	0	0	0	0	0	0	0
2020-06-21	0	0	0	0	0	0	0	0
2020-06-22	0	0	0	0	0	0	0	0
2020-06-23	0	0	0	0	0	0	0	0
2020-06-24	0	0	0	0	0	0	0	0
2020-06-25	0	0	0	0	0	0	0	0
2020-06-26	0	0	0	0	0	0	0	0
2020-06-27	0	0	0	0	0	0	0	0
2020-06-28	0	0	0	0	0	0	0	0
2020-06-29	0	0	0	0	0	0	0	0
2020-06-30	0	0	0	0	0	0	0	0
2020-07-01	0	0	0	0	0	0	0	0
2020-07-02	0	0	0	0	0	0	0	0
2020-07-03	0	0	0	0	0	0	0	0
2020-07-04	0	0	0	0	0	0	0	0
2020-07-05	0	0	0	0	0	0	0	0
2020-07-06	0	0	0	0	0	0	0	0
2020-07-07	0	0	0	0	0	0	0	0
2020-07-08	0	0	0	0	0	0	0	0
2020-07-09	0	0	0	0	0	0	0	0
2020-07-10	0	0	0	0	0	0	0	0
2020-07-11	0	0	0	0	0	0	0	0
2020-07-12	0	0	0	0	0	0	0	0
2020-07-13	0	0	0	0	0	0	0	0
2020-07-14	0	0	0	0	0	0	0	0
2020-07-15	0	0	0	0	0	0	0	0
2020-07-16	0	0	0	0	0	0	0	0
2020-07-17	0	0	0	0	0	0	0	0
2020-07-18	0	0	0	0	0	0	0	0
2020-07-19	0	0	0	0	0	0	0	0
2020-07-20	0	0	0	0	0	0	0	0
2020-07-21	0	0	0	0	0	0	0	0
2020-07-22	0	0	0	0	0	0	0	0
2020-07-23	0	0	0	0	0	0	0	0
2020-07-24	0	0	0	0	0	0	0	0
2020-07-25	0	0	0	0	0	0	0	0
2020-07-26	0	0	0	0	0	0	0	0
2020-07-27	0	0	0	0	0	0	0	0
2020-07-28	0	0	0	0	0	0	0	0
2020-07-29	0	0	0	0	0	0	0	0
2020-07-30	0	0	0	0	0	0	0	0
2020-07-31	0	0	0	0	0	0	0	0
2020-08-01	0	0	0	0	0	0	0	0
2020-08-02	0	0	0	0	0	0	0	0
2020-08-03	0	0	0	0	0	0	0	0
2020-08-04	0	0	0	0	0	0	0	0
2020-08-05	0	0	0	0	0	0	0	0
2020-08-06	0	0	0	0	0	0	0	0
2020-08-07	0	0	0	0	0	0	0	0
2020-08-08	0	0	0	0	0	0	0	0
2020-08-09	0	0	0	0	0	0	0	0
2020-08-10	0	0	0	0	0	0	0	0
2020-08-11	0	0	0	0	0	0	0	0
2020-08-12	0	0	0	0	0	0	0	0
2020-08-13	0	0	0	0	0	0	0	0
2020-08-14	0	0	0	0	0	0	0	0
2020-08-15	0	0	0	0	0	0	0	0
2020-08-16	0	0	0	0	0	0	0	0
2020-08-17	0	0	0	0	0	0	0	0
2020-08-18	0	0	0	0	0	0	0	0
2020-08-19	0	0	0	0	0	0	0	0
2020-08-20	0	0	0	0	0	0	0	0
2020-08-21	0	0	0	0	0	0	0	0
2020-08-22	0	0	0	0	0	0	0	0
2020-08-23	0	0	0	0	0	0	0	0
2020-08-24	0	0	0	0	0	0	0	0
2020-08-25	0	0	0	0	0	0	0	0
2020-08-26	0	0	0	0	0	0	0	0
2020-08-27	0	0	0	0	0	0	0	0
2020-08-28	0	0	0	0	0	0	0	0
2020-08-29	0	0	0	0	0	0	0	0
2020-08-30	0	0	0	0	0	0	0	0
2020-08-31	0	0	0	0	0	0	0	0
2020-09-01	0	0	0	0	0	0	0	0
2020-09-02	0	0	0	0	0	0	0	0
2020-09-03	0	0	0	0	0	0	0	0
2020-09-04	0	0	0	0	0	0	0	0
2020-09-05	0	0	0	0	0	0	0	0
2020-09-06	0	0	0	0	0	0	0	0
2020-09-07	0	0	0	0	0	0	0	0
2020-09-08	0	0	0	0	0	0	0	0
2020-09-09	0	0	0	0	0	0	0	0
2020-09-10	0	0	0	0	0	0	0	0
2020-09-11	0	0	0	0	0	0	0	0
2020-09-12	0	0	0	0	0	0	0	0
2020-09-13	0	0	0	0	0	0	0	0
2020-09-14	0	0	0	0	0	0	0	0
2020-09-15	0	0	0	0	0	0	0	0
2020-09-16	0	0	0	0	0	0	0	0
2020-09-17	0	0	0	0	0	0	0	0
2020-09-18	0	0	0	0	0	0	0	0
2020-09-19	0	0	0	0	0	0	0	0
2020-09-20	0	0	0	0	0	0	0	0
2020-09-21	0	0	0	0	0	0	0	0
2020-09-22	0	0	0	0	0	0	0	0
2020-09-23	0	0	0	0	0	0	0	0
2020-09-24	0	0	0	0	0	0	0	0
2020-09-25	0	0	0	0	0	0	0	0
2020-09-26	0	0	0	0	0	0	0	0
2020-09-27	0	0	0	0	0	0	0	0
2020-09-28	0	0	0	0	0	0	0	0
2020-09-29	0	0	0	0	0	0	0	0
2020-09-30	0	0	0	0	0	0	0	0
2020-10-01	0	0	0	0	0	0	0	0
2020-10-02	0	0	0	0	0	0	0	0
2020-10-03	0	0	0	0	0	0	0	0
2020-10-04	0	0	0	0	0	0	0	0
2020-10-05	0	0	0	0	0	0	0	0
2020-10-06	0	0	0	0	0	0	0	0
2020-10-07	0	0	0	0	0	0	0	0
2020-10-08	0	0	0	0	0	0	0	0
2020-10-09	0	0	0	0	0	0	0	0
2020-10-10	0	0	0	0	0	0	0	0
2020-10-11	0	0	0	0	0	0	0	0
2020-10-12	0	0	0	0	0	0	0	0
2020-10-13	0	0	0	0	0	0	0	0
2020-10-14	0	0	0	0	0	0	0	0
2020-10-15	0	0	0	0	0	0	0	0
2020-10-16	0	0	0	0	0	0	0	0
2020-10-17	0	0	0	0	0	0	0	0
2020-10-18	0	0	0	0	0	0	0	0
2020-10-19	0	0	0	0	0	0	0	0
2020-10-20	0	0	0	0	0	0	0	0
2020-10-21	0	0	0	0	0	0	0	0
2020-10-22	0	0	0	0	0	0	0	0
2020-10-23	0	0	0	0	0	0	0	0
2020-10-24	0	0	0	0	0	0	0	0
2020-10-25	0	0	0	0	0	0	0	0
2020-10-26	0	0	0	0	0	0	0	0
2020-10-27	0	0	0	0	0	0	0	0
2020-10-28	0	0	0	0	0	0	0	0
2020-10-29	0	0	0	0	0	0	0	0
2020-10-30	0	0	0	0	0	0	0	0
2020-10-31	0	0	0	0	0	0	0	0
2020-11-01	0	0	0	0	0	0	0	0
2020-11-02	0	0	0	0	0	0	0	0
2020-11-03	0	0	0	0	0	0	0	0
2020-11-04	0	0	0	0	0	0	0	0
2020-11-05	0	0	0	0	0	0	0	0
2020-11-06	0	0	0	0	0	0	0	0
2020-11-07	0	0	0	0	0	0	0	0
2020-11-08	0	0	0	0	0	0	0	0
2020-11-09	0	0	0	0	0	0	0	0
2020-11-10	0	0	0	0	0	0	0	0
2020-11-11	0	0	0	0	0	0	0	0
2020-11-12	0	0	0	0	0	0	0	0
2020-11-13	0	0	0	0	0	0	0	0
2020-11-14	0	0	0	0	0	0	0	0
2020-11-15	0	0	0	0	0	0	0	0
2020-11-16	0	0	0	0	0	0	0	0
2020-11-17	0	0	0	0	0	0	0	0
2020-11-18	0	0	0	0	0	0	0	0
2020-11-19	0	0	0	0	0	0	0	0
2020-11-20	0	0	0	0	0	0	0	0
2020-11-21	0	0	0	0	0	0	0	0
2020-11-22	0	0	0	0	0	0	0	0
2020-11-23	0	0	0	0	0	0	0	0
2020-11-24	0	0	0	0	0	0	0	0
2020-11-25	0	0	0	0	0	0	0	0
2020-11-26	0	0	0	0	0	0	0	0
2020-11-27	0	0	0	0	0	0	0	0
2020-11-28	0	0	0	0	0	0	0	0
2020-11-29	0	0	0	0	0	0	0	0
2020-11-30	0	0	0	0	0	0	0	0
2020-12-01	0	0	0	0	0	0	0	0
2020-12-02	0	0	0	0	0	0	0	0
2020-12-03	0	0	0	0	0	0	0	0
2020-12-04	0	0	0	0	0	0	0	0
2020-12-05	0	0	0	0	0	0	0	0
2020-12-06	0	0	0	0	0	0	0	0
2020-12-07	0	0	0	0	0	0	0	0
2020-12-08	0	0	0	0	0	0	0	0
2020-12-09	0	0	0	0	0	0	0	0
2020-12-10	0	0	0	0	0	0	0	0
2020-12-11	0	0	0	0	0	0	0	0
2020-12-12	0	0	0	0	0	0	0	0
2020-12-13	0	0	0	0	0	0	0	0
2020-12-14	0	0	0	0	0	0	0	0
2020-12-15	0	0	0	0	0	0	0	0
2020-12-16	0	0	0	0	0	0	0	0
2020-12-17	0	0	0	0	0	0	0	0
2020-12-18	0	0	0	0	0	0	0	0
2020-12-19	0	0	0	0	0	0	0	0
2020-12-20	0	0	0	0	0	0	0	0
2020-12-21	0	0	0	0	0	0	0	0
2020-12-22	0	0	0	0	0	0	0	0
2020-12-23	0	0	0	0	0	0	0	0
2020-12-24	0	0	0	0	0	0	0	0
2020-12-25	0	0	0	0	0	0	0	0
2020-12-26	0	0	0	0	0	0	0	0
2020-12-27	0	0	0	0	0	0	0	0
2020-12-28	0	0	0	0	0	0	0	0
2020-12-29	0	0	0	1.4204050438726412e-5	2.6920181174006075e-5	4.537051462083497e-5	1.1700034222572597e-5	4.4925045649324424e-4
2020-12-30	0	0	0	1.9886098864274615e-5	6.97512163079228e-5	1.0606281233016546e-4	3.072023593331252e-5	0.002018118200267649
2020-12-31	0	0	0	2.6989182103864806e-5	7.2821325736383e-5	1.249339021200946e-4	2.3410137008683662e-5	0.0027612060647330683
2021-01-01	0	0	0	3.551231528109433e-5	9.791239670930985e-5	1.302542415417829e-4	4.0960419438906825e-5	0.002542816478911414
2021-01-02	0	0	0	1.8467085258322413e-5	5.569077536571321e-5	8.016160647073001e-5	3.3650283085329136e-5	0.002118221715809332
2021-01-03	0	0	0	4.261745406175521e-5	8.63018620027578e-5	1.2969420514674646e-4	4.097041964379322e-5	0.0022097207164111232
2021-01-04	0	0	0	2.6992182144525145e-5	9.855242814538201e-5	1.3560459715167283e-4	3.950039007016848e-5	0.002710937295254734
2021-01-05	0	0	0	7.387636442923728e-5	1.6895713662834488e-4	2.95431819990144e-4	9.950247518575317e-5	0.01597862914735715
2021-01-06	0	0	0	7.530241761344314e-5	2.1797187793493045e-4	4.034806991686235e-4	1.390248319759202e-4	0.022814019875722513
2021-01-07	0	0	0	1.5061867149612773e-4	3.141746764319109e-4	6.462143982621793e-4	2.546762149935322e-4	0.020107477664507156
2021-01-08	0	3.1428479694284306e-6	0	1.406929486265085e-4	3.663535537317131e-4	6.507758773106609e-4	3.337978552520049e-4	0.011410047294817538
2021-01-09	0	0	0	1.535058910147047e-4	3.2419627580626553e-4	5.211779066025546e-4	2.2846304884116542e-4	0.013399989932548095
2021-01-10	0	0	0	1.2936118357909088e-4	3.1020405663917394e-4	5.965389646840347e-4	3.0762365807879277e-4	0.008938273181868572
2021-01-11	0	0	0	8.814694247094579e-5	3.3114741465256614e-4	5.294500793466828e-4	1.919492111248644e-4	0.0055018676368734365
2021-01-12	0	0	0	9.526426882011663e-5	3.539613221543725e-4	4.196340231783502e-4	1.1284318339610522e-4	0.006029288078684081
2021-01-13	0	0	0	1.0664984354713525e-4	3.6758377945877996e-4	4.896799466125312e-4	1.4070494947060475e-4	0.006703434006871234
2021-01-14	0	0	0	4.124142521377827e-5	2.2897310717095998e-4	3.6076253740202624e-4	1.1727343826484216e-4	0.002140945912350034
2021-01-15	0	0	0	0	6.750011390721511e-6	8.890019758123202e-6	7.330013432227389e-6	7.700014822642487e-6
2021-01-16	0	0	0	5.689008091280812e-6	2.579016628323494e-5	2.489015488005286e-5	2.9300021462397297e-6	0
2021-01-17	0	0	0	7.111012641614067e-6	3.8680374042865395e-5	4.26704551919066e-5	2.9300021462397297e-6	0
2021-01-18	0	0	0	1.564406118403916e-5	1.129831913004864e-4	1.208936538188432e-4	2.4920155253571608e-5	2.5721654008714623e-4
2021-01-19	0	0	0	9.955647787296407e-5	3.3101739312857426e-4	4.5403153615897196e-4	1.949995062018317e-4	0.0057940928780699785
2021-01-20	0	0	0	2.7310964721971587e-4	8.227092126120716e-4	0.0011524120133621363	5.616988764070019e-4	0.009709669420061795
2021-01-21	0	0	0	2.5753158062880033e-4	8.984217904284275e-4	0.0012547135765397233	6.544770850638315e-4	0.007965361746939958
2021-01-22	0	0	0	1.1385124052631923e-4	4.0740149399431935e-4	4.4999062289008407e-4	1.9967996802239263e-4	0.0024570092235811636
2021-01-23	0	0	0	1.508716905667118e-4	3.977195452091742e-4	4.032006426895052e-4	1.2041362486026053e-4	8.180673085302903e-4
2021-01-24	0	0	0	9.964648235527562e-5	3.572219018717071e-4	3.8372681156650934e-4	4.700055226303235e-5	3.9843968854635925e-4
2021-01-25	0	0	0	2.3348762911812315e-4	7.505108166214747e-4	9.351286163823413e-4	1.7331750973981208e-4	0.0010203602837770553
2021-01-26	0	0	0	3.7738360459615983e-4	0.001374092032228269	0.001664963025469035	4.216344439009756e-4	0.0028562395260576245
2021-01-27	0	0	1.243379386561827e-6	5.057579477754093e-4	0.00167254935533645	0.002013523569291076	9.010429696083566e-4	0.005327696086397271
2021-01-28	0	0	0	7.155840151207293e-4	0.0020690302215142786	0.002774784857751733	9.666035806206175e-4	0.018566781342353567
2021-01-29	0	0	0	8.074109781219807e-4	0.002220963169349943	0.002920582450462561	0.0013284712089383088	0.018950884001105894
2021-01-30	0	0	0	7.652243920925894e-4	0.0021338883698938105	0.00260882148738828	0.001190094080980364	0.012775201442977169
2021-01-31	0	0	0	6.143393532100916e-4	0.0017478337306875424	0.0017315195399794092	4.989622408293481e-4	0.0057307102600210325
2021-02-01	0	0	0	7.619911576310923e-4	0.002105378154293236	0.0021637003998551396	6.026107849395057e-4	0.004650607036451815
2021-02-02	0	0	0	8.097959423669643e-4	0.002315600501420656	0.002482851137442621	9.148792510109693e-4	0.015519211481249906
2021-02-03	0	0	1.2433813865175836e-6	9.522436920121891e-4	0.0026043957192656286	0.003130009239459719	0.0017134239554126296	0.023473248346989717
2021-02-04	0	0	0	0.0014220105284858953	0.003165164566683476	0.004012314667247274	0.0023689129371260442	0.035112115157712065
2021-02-05	0	0	0	0.0015346127590800673	0.003427577071144716	0.004659237122641269	0.0031612183253251214	0.05825480559368956
2021-02-06	0	0	0	0.0015614235108449837	0.0031500507048607407	0.004634890552608795	0.0037204203819545256	0.08268270753117135
2021-02-07	0	0	0	0.0011994296578761166	0.0028475871881985526	0.003603325989546713	0.002620026134235953	0.0380518865168733
2021-02-08	0	0	0	0.0014359384798294794	0.0027054498647427483	0.003402434139518462	0.003078829798231597	0.022755857259908474
2021-02-09	0	0	1.2433823866064841e-6	0.001582439028319671	0.0032063601864111835	0.004312038418831321	0.005701797624036331	0.09445934181398274
2021-02-10	0	0	0	0.001820771802489185	0.0034953744105674645	0.004701465945509131	0.010062171825461208	0.10109863341983982
2021-02-11	0	0	1.2433843865622407e-6	0.001819743866935175	0.003498630103149658	0.0050007318297082826	0.01447962488419674	0.10815994333558954
2021-02-12	0	0	0	0.0020452527647178975	0.00375871197893507	0.0054035295328531685	0.023238982577812983	0.14938820926700025
2021-02-13	0	3.142857769367069e-6	0	0.0019446664318827356	0.003940020941254341	0.005989879664599185	0.03030513022955761	0.1673042805746503
2021-02-14	0	0	0	0.0012822400348766472	0.002661110377109699	0.00413659786046483	0.012589795739188725	0.07621061443826438
2021-02-15	0	3.142867669447824e-6	0	0.0011583794607437081	0.0024707561589993876	0.0032673488921959315	0.008845581076143638	0.06193168335066179
2021-02-16	0	0	0	0.0012035541356392176	0.002519997596972079	0.0034792963758176754	0.009146183166629296	0.07386625594171159
2021-02-17	0	0	1.2433853864290967e-6	0.0012532786768604254	0.0024896896386241707	0.0033727338333777723	0.009757763487067361	0.058355233313776234
2021-02-18	0	3.1428775693065347e-6	0	0.0013603116119202951	0.0027276700459699654	0.00418833553864606	0.021975935434555893	0.10868691116462692
2021-02-19	0	0	1.2433873866068978e-6	0.001278560679352836	0.002731184842661216	0.004782889006812896	0.036292435213430174	0.18766415915813228
2021-02-20	0	0	0	0.0012038323030534315	0.0025749375758798987	0.004645084201810423	0.041784434746776844	0.19012144053806757
2021-02-21	0	0	0	0.0011391213993905414	0.00198533538915191	0.0031786459475149353	0.027151997745391343	0.13006759480456087
2021-02-22	0	0	0	0.0011433638202063001	0.002050280912955449	0.0034139237187893468	0.030691105996827117	0.11715258185906108
2021-02-23	0	0	0	0.0011962497533681837	0.0022936752365225743	0.0037916241033353337	0.037167159435118835	0.09931317677003926
2021-02-24	0	0	0	0.0011607978629195603	0.0025413746462732423	0.004940532214640969	0.04833304070597122	0.10366321556533631
2021-02-25	0	0	1.2433883864737538e-6	0.0012581607421131569	0.002716805257702015	0.00584225297997043	0.05588775015432823	0.11813921875182287
2021-02-26	0	0	0	0.0011251574948469845	0.002550776615335426	0.005288752726350099	0.060845988581618604	0.11341896542979102
2021-02-27	0	0	0	0.0014655129320384486	0.0032434700244499126	0.00829776321860809	0.1023165701308344	0.13015412399845094
2021-02-28	0	0	0	6.966353251940394e-4	0.0015401830409500494	0.004291714703774652	0.05090882717098122	0.05184518069019983
2021-03-01	0	0	0	0.0010057118640884877	0.001919461082712015	0.004140225366521255	0.04477923497115044	0.05812008610212982
2021-03-02	0	0	0	0.0011017804800566022	0.0022197518245405945	0.004553012480662311	0.0659036425244992	0.07689667464277927
2021-03-03	0	0	0	0.0010985346946188468	0.002125819777431648	0.00439407697812233	0.07082425891263089	0.08113616950029501
2021-03-04	0	0	0	0.0012709348188284508	0.002445244805539648	0.006095869907482232	0.1058707647047945	0.10187071040985196
2021-03-05	0	0	0	0.0014693187243783878	0.003184134678412498	0.008534529548654302	0.1372323709061294	0.11281203903797654
2021-03-06	0	0	2.486781546018335e-6	0.0016431740052027521	0.003114424910630964	0.008410323384859364	0.14336760773706203	0.118916482449543
2021-03-07	0	0	0	8.952733786056211e-4	0.001682257497572115	0.0035377789700101747	0.06987051211583206	0.05725132865828475
2021-03-08	0	0	0	8.227592331888633e-4	0.0016316255504842392	0.0035254872651142577	0.06009069284154411	0.05969579704624661
2021-03-09	0	0	0	0.0013835675648015133	0.0030142814731999312	0.010130054501048535	0.0848791369733346	0.06250305806692946
2021-03-10	0	0	0	0.001966053341435403	0.004198176170790324	0.0164185723797472	0.10529568533768319	0.06500428941043901
2021-03-11	0	0	1.2433933864741675e-6	0.002069150345788362	0.0042671220827170675	0.01587651593959505	0.09998892634805934	0.05549996142967384
2021-03-12	0	0	0	0.0015341694189514588	0.003522562110956473	0.01191190336041692	0.09529964561351534	0.05827530272698045
2021-03-13	0	0	0	0.0018231539726019097	0.0038406376243402818	0.012788768147683927	0.08756731883184976	0.04503749396567702
2021-03-14	0	0	1.2433943865630681e-6	6.313006351230666e-4	0.001683608634508671	0.004328373704731936	0.044433391571639724	0.014815877556945578
2021-03-15	0	0	0	9.309946877771313e-4	0.0022129242584434383	0.006765121717964728	0.06312233736872264	0.03088720485595342
2021-03-16	0	0	2.486793545974919e-6	0.001783927599420032	0.0037608159341224745	0.013819303285826479	0.06854261242967108	0.05666338479408051
2021-03-17	0	0	6.217005662723096e-6	0.0025682499769861256	0.005471263681568361	0.02027066496452612	0.0905210972623971	0.056900517214828694
2021-03-18	0	0	0	0.002915588163584948	0.006834467486455775	0.024027854447335573	0.10567720807672276	0.06806552906160923
2021-03-19	0	0	2.4868155459323305e-6	0.002849356708412909	0.0069967385877161	0.02618595607387575	0.11589668011544552	0.06756257539862354
2021-03-20	0	0	0	0.0029309396017371814	0.006046479980037267	0.019924183269741658	0.08297944716286354	0.04156378709951336
2021-03-21	0	0	1.2434103864311652e-6	0.0010100330416862313	0.0027306541179781263	0.00904354643302141	0.055793529483043836	0.01343039386987499
2021-03-22	0	0	0	5.169698144471546e-4	0.0017137942727023514	0.007792581079971939	0.022699901380673015	0.026562491488519413
2021-03-23	0	0	0	9.117778347049743e-4	0.002423748639366785	0.010087569765945714	0.029151837406036885	0.03363818181902234
2021-03-24	0	0	0	0.001575051196567978	0.004677710243280009	0.016908282504311423	0.036479793839645724	0.03157728117154668
2021-03-25	0	0	0	0.00250308936409116	0.00658384675953827	0.026765923667442904	0.04850953371531941	0.05561269290298032
2021-03-26	0	0	0	0.0028522227937162192	0.006763335677371307	0.031145622449440857	0.06061667533207871	0.06939128770224379
2021-03-27	0	0	0	0.002798424795333876	0.007284506006941305	0.025966393396505527	0.054537412336078894	0.04059284476145697
2021-03-28	0	0	0	6.686167620937322e-4	0.0019511117092254615	0.009810642174971296	0.014404935541992181	0.009169921866760689
2021-03-29	0	0	0	6.457752564204e-4	0.0017064379826470244	0.012903746669527871	0.022670093282357584	0.023501277511164265
2021-03-30	0	0	0	8.761379044068818e-4	0.002273211873054848	0.011713229938900449	0.02099144013978549	0.03234870975571491
2021-03-31	0	0	0	0.0013263928294846572	0.004133521499997794	0.019199394184260532	0.024770534849178683	0.034935929797707654
2021-04-01	0	0	1.2434113865200658e-6	7.098999894987745e-4	0.001832779770421622	0.010260740699927773	0.012365747930469961	0.02390496179966073
2021-04-02	1.3494775527256309e-5	0	0	0.002465686902975772	0.006399819422159059	0.028447921053060377	0.03793226416619344	0.05009343813607314
2021-04-03	0	0	0	0.003173874369628571	0.007745488146657431	0.04310773929682066	0.04752940098960767	0.03483161026847359
2021-04-04	0	0	0	0.0018790477050694143	0.004239212731145026	0.026255649786426805	0.02706255547723968	0.013736472670355937
2021-04-05	0	0	0	0.0016846655244824316	0.005073856003686483	0.04228268639213395	0.03325006164993094	0.028481803279513107
2021-04-06	0	0	0	0.0015663633735545357	0.004380477145004447	0.04808254272881718	0.025241857846890703	0.03494193470014739
2021-04-07	0	0	0	0.0016996111695319893	0.004793624709463762	0.05087152809261952	0.0210779297809629	0.02849975906671509
2021-04-08	0	0	0	0.0028488439780027797	0.007402920809126634	0.06802778487888195	0.028065619753030457	0.03494559871742986
2021-04-09	0	0	0	0.0024847895447706048	0.006925560848265899	0.07915182276162169	0.022930876271646472	0.04526779327704333
2021-04-10	0	0	0	0.004018834758203305	0.009777720956777092	0.11008398070178793	0.030387713279590667	0.03582129122627964
2021-04-11	0	0	0	0.0020181001820862576	0.004333655141721904	0.052602290234478044	0.012796819648277724	0.012019819012272004
2021-04-12	0	0	0	0.0020189880782148784	0.005111461760331837	0.05371471772507097	0.01831679625627336	0.025723119722058874
2021-04-13	0	0	1.2434133864758223e-6	0.001898269857112611	0.0050317396008527915	0.052447279275860126	0.01710871704977235	0.034075586397076085
2021-04-14	0	0	1.243415386431579e-6	0.002333139885431379	0.004889677235867751	0.0545611394854888	0.016654321607047606	0.0331713851990052
2021-04-15	0	0	0	0.0024687767146165385	0.005573215181865709	0.05712272132283136	0.02007110228675124	0.04498736576972484
2021-04-16	0	0	2.4868335459782287e-6	0.002909958965295001	0.007121529043981223	0.06009774473042073	0.01713434645712808	0.0529795070415926
2021-04-17	0	0	0	0.005167937895522945	0.013553111709250887	0.0937747981940853	0.024897238116456943	0.05648452540248594
2021-04-18	0	0	0	0.002571337944706542	0.006825918290125799	0.05300961481572797	0.010869436160612311	0.02153453403907002
2021-04-19	0	0	0	0.0021350486081397335	0.00558981149814608	0.04343006258401272	0.011692357807776332	0.031516116398206284
2021-04-20	0	0	0	0.00235990628942373	0.005926300258689121	0.04272799028852403	0.013334270693733385	0.04450937102731167
2021-04-21	0	0	0	0.002327866740890805	0.005525683293966299	0.04137550306343818	0.014317034368275694	0.04344292186504317
2021-04-22	0	0	0	0.001646462709863794	0.0035394018413485995	0.018174235710918918	0.008345019839028467	0.032659256763079236
2021-04-23	0	0	0	0.0011747970370195038	0.0028352096033736895	0.013257238593783027	0.004693457134969492	0.024344361990177088
2021-04-24	0	0	0	0.001220545432788267	0.002509023800107313	0.0125658149261898	0.004633477277921294	0.017056430454966298
2021-04-25	0	0	0	3.913652916978094e-4	0.0010760094490835925	0.005010115313864638	0.0018524779186097629	0.005882851986874993
2021-04-26	0	0	0	2.730676414841593e-4	5.861358888199497e-4	0.0020026126143206646	0.0014020914651191596	0.0038270616001228053
2021-04-27	0	0	0	4.772009301818869e-4	0.0013542685107998942	0.005102338464451517	0.004132409201452081	0.0189311975602664
2021-04-28	0	0	0	5.301172560763234e-4	9.846723949313851e-4	0.004012344727553074	0.0038172728930849775	0.029376443863516677
2021-04-29	0	0	0	4.8591902932582087e-4	0.0015381614851885939	0.005635429516458679	0.005583694410818296	0.032498437103543276
2021-04-30	0	0	4.973683184417155e-6	8.141707184896596e-4	0.0018625272519410263	0.00792047347501712	0.0072522487780848355	0.046722856325810636
2021-05-01	0	0	2.4868525461130275e-6	8.28032409417645e-4	0.002719839381565281	0.012145568709821308	0.00688223127683707	0.03280880441173184
2021-05-02	0	0	0	6.107752616051343e-4	0.0014278496886832581	0.006746398473089554	0.002888085259115991	0.01647475438299506
2021-05-03	0	0	0	1.53595897925074e-4	8.137055291721484e-4	0.003394961440796207	0.003578581561498151	0.024757027603945492
2021-05-04	0	0	0	1.2884115001043916e-4	5.709014821255742e-4	0.005015729385316803	0.0037626193260482665	0.024952557531845
2021-05-05	0	0	0	2.725935768144172e-4	9.042244054437987e-4	0.02674500380716127	0.0045072688681624395	0.030037056186081434
2021-05-06	0	0	0	3.0737361963550924e-4	8.234595213958418e-4	0.028112315571700686	0.004052866431577984	0.031885470812229366
2021-05-07	0	0	0	5.058589733253349e-4	0.0013237080507508825	0.03772599262997933	0.005109667174658883	0.04340142083257148
2021-05-08	0	0	0	5.706294044793836e-4	0.002073835198107332	0.03759116390085526	0.004830874336714253	0.029966091662379624
2021-05-09	0	0	0	3.7565327884636623e-4	0.0011255767307443154	0.024218483738649876	0.0018353821569154771	0.010580788270104113
2021-05-10	0	0	1.2434283864770634e-6	1.340864947969589e-4	6.471146893551882e-4	0.04015836354056401	0.002758772706711765	0.022472655056320123
2021-05-11	0	0	0	1.7880699298511438e-4	9.554882394440245e-4	0.03699610800182063	0.004832728816954512	0.03458472581492322
2021-05-12	0	0	0	2.13615407885559e-4	0.0013548188835517117	0.038788068565765776	0.0035747847715406067	0.03911295582840868
2021-05-13	0	0	0	3.9421385114013496e-4	0.0018273648155422428	0.04988216766268194	0.00456313555151544	0.035001272265043015
2021-05-14	0	0	0	5.468357573363836e-4	0.003045608933443855	0.05563014835139968	0.004494941123926788	0.03037556879490344
2021-05-15	0	0	0	6.03515057606252e-4	0.004579673352002711	0.07598773392683378	0.009354737779731837	0.03436575121412777
2021-05-16	0	0	0	0.00029859929038411614	0.0028642810264496443	0.03434870844292415	0.002706361097597698	0.011792163781663367
2021-05-17	0	0	0	1.2112966809918468e-4	0.0025982477228072565	0.037621861108313226	0.003573813034902118	0.02774413424626876
2021-05-18	0	0	0	2.240395484298663e-4	0.004450601964461454	0.029258951561621283	0.0032231371532771558	0.029842747392990532
2021-05-19	0	0	0	2.0250925249931662e-4	0.006393890458799678	0.03282842639489125	0.005513860664857928	0.0442859104664608
2021-05-20	0	0	1.24343038643282e-6	3.9681836620397704e-4	0.008886572794005732	0.04316710984305039	0.006095127645252996	0.05702393221120716
2021-05-21	0	0	1.2434323866106212e-6	2.1425747656644845e-4	0.009449000904523386	0.03769139022425927	0.0033175114705894515	0.04010806420353874
2021-05-22	0	0	1.2434333864774771e-6	1.8273834832593927e-4	0.010389776865830314	0.023042590241256544	0.0042541444362209635	0.020008181835086347
2021-05-23	0	0	0	6.812216015705808e-5	0.006297364198963651	0.014580719344148285	0.001624259554775298	0.0062597962623114345
2021-05-24	0	0	0	2.8247199476139073e-5	0.004081063770374538	0.012305959157697721	0.0010689556665541833	0.004722575680264018
2021-05-25	0	0	0	7.47753978400656e-5	0.00869856626376131	0.015732225731617477	0.001675201575079388	0.016657064449014714
2021-05-26	0	0	0	1.8446450678855086e-4	0.009061688549843572	0.01379079651714421	0.0037775073905212952	0.03893314749343646
2021-05-27	0	0	0	3.341049065221924e-4	0.01045614273019857	0.016147192960122903	0.004963599329576018	0.05076969036493795
2021-05-28	0	0	0	2.4109553176376863e-4	0.010577360136866165	0.02022838690923745	0.0031044994792541747	0.02388937556623616
2021-05-29	0	0	0	3.0934792403458644e-4	0.009803125316492745	0.024635142562265733	0.0053820616468927	0.039121319408056854
2021-05-30	0	0	0	9.316116975077726e-5	0.006282958893113033	0.011089353439928784	0.0022766057334164813	0.011278300012794729
2021-05-31	0	0	0	1.1812648846687424e-4	0.004805332805843721	0.009892123526968222	0.0018537691149829172	0.01713500207401908
2021-06-01	0	0	0	5.491613945594054e-4	0.0079504725032562	0.01506646962675351	0.002905630672401127	0.03404089564406254
2021-06-02	0	0	0	0.0019971051072023016	0.017598204197746492	0.02268217021137442	0.005305878085564819	0.0382907452937884
2021-06-03	0	0	1.2434353864332337e-6	0.0025054473165639912	0.02360177089737303	0.029471614008059976	0.006344954612257814	0.06753007785373266
2021-06-04	0	0	1.2434363865221343e-6	0.0014671691463259418	0.021945197928024962	0.0273080422934755	0.005465086793414953	0.04608659352570088
2021-06-05	0	0	0	0.0016302294119838745	0.022974061879814434	0.028011531473878026	0.0069078094578765015	0.04831344729744069
2021-06-06	0	0	0	0.0010957191501139718	0.011884631114180033	0.013222810680573627	0.002201701872784234	0.013492914686685564
2021-06-07	0	0	0	4.937919576244454e-4	0.007683338422328045	0.010179133690673137	0.0015688553267589889	0.02368423575583445
2021-06-08	0	0	0	0.0014051295972963285	0.015672012997851148	0.013792810404715139	0.004373311463288676	0.05142246754202762
2021-06-09	0	3.14288746938729e-6	1.2434383864778908e-6	0.0028775480707248224	0.02899299849036563	0.019354216423340453	0.0047878208070200046	0.0597149693923833
2021-06-10	0	0	0	0.0024279577447026135	0.03194968560252498	0.022322452976724527	0.005655195308494232	0.05911216192176627
2021-06-11	0	0	0	0.001954645159424784	0.026669941444158685	0.018925109946622998	0.004738342973533705	0.06750420440302118
2021-06-12	0	0	0	0.0010493672929288156	0.02000404040816295	0.01950443575351568	0.004058578013873548	0.04741176895895416
2021-06-13	0	0	0	3.121983669551742e-4	0.009121811862915497	0.010786205557582473	0.0018604453141917165	0.02215662905274529
2021-06-14	0	0	0	8.436499363038141e-4	0.008844978410771809	0.009480017683821451	0.0024183821430474595	0.03320453529097245
2021-06-15	0	0	1.2434393865667914e-6	0.0017366820161062169	0.02030140677930481	0.013028767193646651	0.004598466473476837	0.061889476835750745
2021-06-16	0	0	0	0.0019083074092920427	0.03125283492267594	0.015840712039479454	0.005229697433812408	0.09180158264398508
2021-06-17	0	0	0	0.0014615180087225177	0.03338649450381315	0.03237803427589281	0.007609546298718017	0.11215964658025168
2021-06-18	0	0	0	0.0012244798377183397	0.02365981673194728	0.018866173122068064	0.0052459800767414855	0.08412202893816856
2021-06-19	0	0	0	0.0011626969660587516	0.018863719982898264	0.014160318656110782	0.002945318725598778	0.07846217835817759
2021-06-20	0	0	0	7.274522967108954e-4	0.01262911362775565	0.008480409335624994	0.0016060348369744126	0.022347047634494466
2021-06-21	0	0	0	9.181577534149721e-4	0.007997248997883455	0.006235821367030381	0.00254324702635933	0.011396067589124037
2021-06-22	0	0	0	5.554651353791851e-4	0.011400704012997975	0.0075817708121619365	0.0023414606094465107	0.07915247872195752
2021-06-23	0	0	0	0.0014652427340675622	0.024792507102102013	0.009860095370177291	0.003129889051368462	0.07298271933020795
2021-06-24	0	0	0	0.002024391540277115	0.03001972598708491	0.011506771447284958	0.003401582691201277	0.1499138398442088
2021-06-25	0	0	0	0.0035676029476980897	0.024883203453527347	0.009819264488775126	0.0028351695465895776	0.07187987926063077
2021-06-26	0	0	0	0.004433629267119432	0.023529721953805982	0.00893623406983779	0.0023164014288949986	0.07306460928239722
2021-06-27	0	0	0	0.0014891423862615216	0.01288207697680921	0.005262052298598219	0.0012133180351636685	0.04133627184245836
2021-06-28	0	0	0	0.0019365545608918122	0.01393047453015872	0.0054263412949622225	0.0015318166155358082	0.06748940494495614
2021-06-29	0	0	0	0.0014193436340879106	0.019532529931379994	0.006441603564119269	0.002328165088169465	0.07237555524941519
2021-06-30	0	0	0	0.002192631908671805	0.028970370593075057	0.009374429984382981	0.0030235955324859898	0.1772536106194038
2021-07-01	0	0	1.243441386522548e-6	0.0038037992221304773	0.03124182287412447	0.009882234640371967	0.003991432884117074	0.16467408888775292
2021-07-02	0	0	0	0.0060758830888272275	0.03750723822990887	0.010814870355200012	0.0032587648871473807	0.2589514653519851
2021-07-03	0	0	0	0.006914992279556609	0.033367741543935736	0.00896201944814723	0.002304117239062764	0.1611299121471359
2021-07-04	0	0	0	0.0019537082439755604	0.015051083780743824	0.0035836105661726236	8.590144764677454e-4	0.06193457282784176
2021-07-05	0	0	0	0.001627877496285679	0.01784385075241879	0.004788041334956361	0.001666103975614286	0.2792330779562271
2021-07-06	0	0	0	0.004373681271967245	0.025147843508279255	0.006180278962012009	0.0021536595623776744	0.3886368503655049
2021-07-07	0	0	0	0.00860300090614774	0.02959707673785661	0.00766370308624853	0.002968282675510414	0.6443311613819547
2021-07-08	0	0	0	0.015107489056397139	0.030739052334607386	0.006841049991245685	0.002814620522171074	1.5149288711951616
2021-07-09	0	0	2.8934702100968934e-7	0.005911895627477515	0.051874090311408994	0	0	0
2021-07-10	0	0	3.496780305312086e-7	0.00718929248159661	0.06631580654958036	0	0	0
2021-07-11	0	0	3.320040276033609e-7	0.006874719441851029	0.06737488373973588	0	0	0
2021-07-12	0	0	3.342670278350113e-7	0.006969581767503508	0.0727456317340982	0	0	0
2021-07-13	0	0	2.7728701934570665e-7	0.005820342095527176	0.06485625340131396	0	0	0
2021-07-14	0	0	2.230820124182742e-7	0.0047086358128045624	0.055603414938197426	0	0	0
2021-07-15	0	0	1.8030400816826386e-7	0.003822839525509325	0.047449852116468794	0	0	0
2021-07-16	0	0	1.622980065896229e-7	0.003453939424386876	0.04478208887091051	0	0	0
2021-07-17	0	0	2.118120112637456e-7	0.004524500776819762	0.06141040960186728	0	0	0
2021-07-18	0	0	1.9943400997313177e-7	0.004279173832171468	0.06154514109819931	0	0	0
2021-07-19	0	0	2.5758001664932806e-7	0.005552278950385681	0.08512615559144487	0	0	0
2021-07-20	0	0	2.684600179936325e-7	0.0058194635389703375	0.0970820616747552	0	0	0
2021-07-21	0	0	2.2982301306484487e-7	0.005010011052686947	0.09167919887666698	0	0	0
2021-07-22	0	0	2.2361301255102717e-7	0.00489902711667245	0.0981411934636156	0	0	0
2021-07-23	0	0	1.6943200709107487e-7	0.013078322630708294	0.05228964165613181	0	0	0
2021-07-24	0	0	1.5976400646877664e-7	0.0035626671493040885	0	0	0	0
2021-07-25	0	0	1.4184600494182575e-7	0.0031740967225009076	0	0	0	0
2021-07-26	0	0	1.8914700894434588e-7	0.004247143557098765	0	0	0	0
2021-07-27	0	0	2.040020103954987e-7	0.0046006324547458455	0	0	0	0
2021-07-28	0	0	1.8883900887445293e-7	0.004277993306682992	0	0	0	0
2021-07-29	0	0	1.376110048134649e-7	0.0031299341219019894	0	0	0	0
2021-07-30	0	0	1.1914100350729484e-7	0.002718065970655159	0	0	0	0
2021-07-31	0	0	1.0847900289157053e-7	0.0024814273704487633	0	0	0	0
2021-08-01	0	0	9.30040020552525e-8	0.0021325339252356024	0	0	0	0
2021-08-02	0	0	1.4700200545725295e-7	0.003378931294172771	0	0	0	0
2021-08-03	0	0	1.331380043989583e-7	0.003070394831104606	0	0	0	0
2021-08-04	0	0	1.3227400441628845e-7	0.0030598446623395503	0	0	0	0
2021-08-05	0	0	1.2045500352719785e-7	0.0027947977235789345	0	0	0	0
2021-08-06	0	0	9.396500222358384e-8	0.0021859445884357953	0	0	0	0
2021-08-07	0	0	8.72680019359251e-8	0.0020345348329966484	0	0	0	0
2021-08-08	0	0	6.570100108405086e-8	0.0015346567928680166	0	0	0	0
2021-08-09	0	0	1.426490050526752e-7	0.0033386276085771716	0	0	0	0
2021-08-10	0	0	1.4232900502619827e-7	0.0033422967368694767	0	0	0	0
2021-08-11	0	0	1.1649800346624772e-7	0.00274447503580566	0	0	0	0
2021-08-12	0	0	9.474500228812133e-8	0.002237859003229481	0	0	0	0
2021-08-13	0	0	6.974300115203391e-8	0.0016507632548308226	0	0	0	0
2021-08-14	0	0	6.495800097816584e-8	0.0015400009006933946	0	0	0	0
2021-08-15	0	0	5.523500079540611e-8	0.0013114379673855314	0	0	0	0
2021-08-16	0	0	1.1744100358868081e-7	0.002793096346800583	0	0	0	0
2021-08-17	0	0	1.3266700449321434e-7	0.0031643292448926275	0	0	0	0
