2020-02-17	0	0	0	0	0	0	0	0
2020-02-18	0	0	0	0	0	0	0	0
2020-02-19	0	0	0	0	0	0	0	0
2020-02-20	0	0	0	0	0	0	0	0
2020-02-21	0	0	0	0	0	0	0	0
2020-02-22	0	0	0	0	0	0	0	0
2020-02-23	0	0	0	0	0	0	0	0
2020-02-24	0	0	0	0	0	0	0	0
2020-02-25	0	0	0	0	0	0	0	0
2020-02-26	0	0	0	0	0	0	0	0
2020-02-27	0	0	0	0	0	0	0	0
2020-02-28	0	0	0	0	0	0	0	0
2020-02-29	0	0	0	0	0	0	0	0
2020-03-01	0	0	0	0	0	0	0	0
2020-03-02	0	0	0	0	0	0	0	0
2020-03-03	0	0	0	0	0	0	0	0
2020-03-04	0	0	0	0	0	0	0	0
2020-03-05	0	0	0	0	0	0	0	0
2020-03-06	0	0	0	0	0	0	0	0
2020-03-07	0	0	0	0	0	0	0	0
2020-03-08	0	0	0	0	0	0	0	0
2020-03-09	0	0	0	0	0	0	0	0
2020-03-10	0	0	0	0	0	0	0	0
2020-03-11	0	0	0	0	0	0	0	0
2020-03-12	0	0	0	0	0	0	0	0
2020-03-13	0	0	0	0	0	0	0	0
2020-03-14	0	0	0	0	0	0	0	0
2020-03-15	0	0	0	0	0	0	0	0
2020-03-16	0	0	0	0	0	0	0	0
2020-03-17	0	0	0	0	0	0	0	0
2020-03-18	0	0	0	0	0	0	0	0
2020-03-19	0	0	0	0	0	0	0	0
2020-03-20	0	0	0	0	0	0	0	0
2020-03-21	0	0	0	0	0	0	0	0
2020-03-22	0	0	0	0	0	0	0	0
2020-03-23	0	0	0	0	0	0	0	0
2020-03-24	0	0	0	0	0	0	0	0
2020-03-25	0	0	0	0	0	0	0	0
2020-03-26	0	0	0	0	0	0	0	0
2020-03-27	0	0	0	0	0	0	0	0
2020-03-28	0	0	0	0	0	0	0	0
2020-03-29	0	0	0	0	0	0	0	0
2020-03-30	0	0	0	0	0	0	0	0
2020-03-31	0	0	0	0	0	0	0	0
2020-04-01	0	0	0	0	0	0	0	0
2020-04-02	0	0	0	0	0	0	0	0
2020-04-03	0	0	0	0	0	0	0	0
2020-04-04	0	0	0	0	0	0	0	0
2020-04-05	0	0	0	0	0	0	0	0
2020-04-06	0	0	0	0	0	0	0	0
2020-04-07	0	0	0	0	0	0	0	0
2020-04-08	0	0	0	0	0	0	0	0
2020-04-09	0	0	0	0	0	0	0	0
2020-04-10	0	0	0	0	0	0	0	0
2020-04-11	0	0	0	0	0	0	0	0
2020-04-12	0	0	0	0	0	0	0	0
2020-04-13	0	0	0	0	0	0	0	0
2020-04-14	0	0	0	0	0	0	0	0
2020-04-15	0	0	0	0	0	0	0	0
2020-04-16	0	0	0	0	0	0	0	0
2020-04-17	0	0	0	0	0	0	0	0
2020-04-18	0	0	0	0	0	0	0	0
2020-04-19	0	0	0	0	0	0	0	0
2020-04-20	0	0	0	0	0	0	0	0
2020-04-21	0	0	0	0	0	0	0	0
2020-04-22	0	0	0	0	0	0	0	0
2020-04-23	0	0	0	0	0	0	0	0
2020-04-24	0	0	0	0	0	0	0	0
2020-04-25	0	0	0	0	0	0	0	0
2020-04-26	0	0	0	0	0	0	0	0
2020-04-27	0	0	0	0	0	0	0	0
2020-04-28	0	0	0	0	0	0	0	0
2020-04-29	0	0	0	0	0	0	0	0
2020-04-30	0	0	0	0	0	0	0	0
2020-05-01	0	0	0	0	0	0	0	0
2020-05-02	0	0	0	0	0	0	0	0
2020-05-03	0	0	0	0	0	0	0	0
2020-05-04	0	0	0	0	0	0	0	0
2020-05-05	0	0	0	0	0	0	0	0
2020-05-06	0	0	0	0	0	0	0	0
2020-05-07	0	0	0	0	0	0	0	0
2020-05-08	0	0	0	0	0	0	0	0
2020-05-09	0	0	0	0	0	0	0	0
2020-05-10	0	0	0	0	0	0	0	0
2020-05-11	0	0	0	0	0	0	0	0
2020-05-12	0	0	0	0	0	0	0	0
2020-05-13	0	0	0	0	0	0	0	0
2020-05-14	0	0	0	0	0	0	0	0
2020-05-15	0	0	0	0	0	0	0	0
2020-05-16	0	0	0	0	0	0	0	0
2020-05-17	0	0	0	0	0	0	0	0
2020-05-18	0	0	0	0	0	0	0	0
2020-05-19	0	0	0	0	0	0	0	0
2020-05-20	0	0	0	0	0	0	0	0
2020-05-21	0	0	0	0	0	0	0	0
2020-05-22	0	0	0	0	0	0	0	0
2020-05-23	0	0	0	0	0	0	0	0
2020-05-24	0	0	0	0	0	0	0	0
2020-05-25	0	0	0	0	0	0	0	0
2020-05-26	0	0	0	0	0	0	0	0
2020-05-27	0	0	0	0	0	0	0	0
2020-05-28	0	0	0	0	0	0	0	0
2020-05-29	0	0	0	0	0	0	0	0
2020-05-30	0	0	0	0	0	0	0	0
2020-05-31	0	0	0	0	0	0	0	0
2020-06-01	0	0	0	0	0	0	0	0
2020-06-02	0	0	0	0	0	0	0	0
2020-06-03	0	0	0	0	0	0	0	0
2020-06-04	0	0	0	0	0	0	0	0
2020-06-05	0	0	0	0	0	0	0	0
2020-06-06	0	0	0	0	0	0	0	0
2020-06-07	0	0	0	0	0	0	0	0
2020-06-08	0	0	0	0	0	0	0	0
2020-06-09	0	0	0	0	0	0	0	0
2020-06-10	0	0	0	0	0	0	0	0
2020-06-11	0	0	0	0	0	0	0	0
2020-06-12	0	0	0	0	0	0	0	0
2020-06-13	0	0	0	0	0	0	0	0
2020-06-14	0	0	0	0	0	0	0	0
2020-06-15	0	0	0	0	0	0	0	0
2020-06-16	0	0	0	0	0	0	0	0
2020-06-17	0	0	0	0	0	0	0	0
2020-06-18	0	0	0	0	0	0	0	0
2020-06-19	0	0	0	0	0	0	0	0
2020-06-20	0	0	0	0	0	0	0	0
2020-06-21	0	0	0	0	0	0	0	0
2020-06-22	0	0	0	0	0	0	0	0
2020-06-23	0	0	0	0	0	0	0	0
2020-06-24	0	0	0	0	0	0	0	0
2020-06-25	0	0	0	0	0	0	0	0
2020-06-26	0	0	0	0	0	0	0	0
2020-06-27	0	0	0	0	0	0	0	0
2020-06-28	0	0	0	0	0	0	0	0
2020-06-29	0	0	0	0	0	0	0	0
2020-06-30	0	0	0	0	0	0	0	0
2020-07-01	0	0	0	0	0	0	0	0
2020-07-02	0	0	0	0	0	0	0	0
2020-07-03	0	0	0	0	0	0	0	0
2020-07-04	0	0	0	0	0	0	0	0
2020-07-05	0	0	0	0	0	0	0	0
2020-07-06	0	0	0	0	0	0	0	0
2020-07-07	0	0	0	0	0	0	0	0
2020-07-08	0	0	0	0	0	0	0	0
2020-07-09	0	0	0	0	0	0	0	0
2020-07-10	0	0	0	0	0	0	0	0
2020-07-11	0	0	0	0	0	0	0	0
2020-07-12	0	0	0	0	0	0	0	0
2020-07-13	0	0	0	0	0	0	0	0
2020-07-14	0	0	0	0	0	0	0	0
2020-07-15	0	0	0	0	0	0	0	0
2020-07-16	0	0	0	0	0	0	0	0
2020-07-17	0	0	0	0	0	0	0	0
2020-07-18	0	0	0	0	0	0	0	0
2020-07-19	0	0	0	0	0	0	0	0
2020-07-20	0	0	0	0	0	0	0	0
2020-07-21	0	0	0	0	0	0	0	0
2020-07-22	0	0	0	0	0	0	0	0
2020-07-23	0	0	0	0	0	0	0	0
2020-07-24	0	0	0	0	0	0	0	0
2020-07-25	0	0	0	0	0	0	0	0
2020-07-26	0	0	0	0	0	0	0	0
2020-07-27	0	0	0	0	0	0	0	0
2020-07-28	0	0	0	0	0	0	0	0
2020-07-29	0	0	0	0	0	0	0	0
2020-07-30	0	0	0	0	0	0	0	0
2020-07-31	0	0	0	0	0	0	0	0
2020-08-01	0	0	0	0	0	0	0	0
2020-08-02	0	0	0	0	0	0	0	0
2020-08-03	0	0	0	0	0	0	0	0
2020-08-04	0	0	0	0	0	0	0	0
2020-08-05	0	0	0	0	0	0	0	0
2020-08-06	0	0	0	0	0	0	0	0
2020-08-07	0	0	0	0	0	0	0	0
2020-08-08	0	0	0	0	0	0	0	0
2020-08-09	0	0	0	0	0	0	0	0
2020-08-10	0	0	0	0	0	0	0	0
2020-08-11	0	0	0	0	0	0	0	0
2020-08-12	0	0	0	0	0	0	0	0
2020-08-13	0	0	0	0	0	0	0	0
2020-08-14	0	0	0	0	0	0	0	0
2020-08-15	0	0	0	0	0	0	0	0
2020-08-16	0	0	0	0	0	0	0	0
2020-08-17	0	0	0	0	0	0	0	0
2020-08-18	0	0	0	0	0	0	0	0
2020-08-19	0	0	0	0	0	0	0	0
2020-08-20	0	0	0	0	0	0	0	0
2020-08-21	0	0	0	0	0	0	0	0
2020-08-22	0	0	0	0	0	0	0	0
2020-08-23	0	0	0	0	0	0	0	0
2020-08-24	0	0	0	0	0	0	0	0
2020-08-25	0	0	0	0	0	0	0	0
2020-08-26	0	0	0	0	0	0	0	0
2020-08-27	0	0	0	0	0	0	0	0
2020-08-28	0	0	0	0	0	0	0	0
2020-08-29	0	0	0	0	0	0	0	0
2020-08-30	0	0	0	0	0	0	0	0
2020-08-31	0	0	0	0	0	0	0	0
2020-09-01	0	0	0	0	0	0	0	0
2020-09-02	0	0	0	0	0	0	0	0
2020-09-03	0	0	0	0	0	0	0	0
2020-09-04	0	0	0	0	0	0	0	0
2020-09-05	0	0	0	0	0	0	0	0
2020-09-06	0	0	0	0	0	0	0	0
2020-09-07	0	0	0	0	0	0	0	0
2020-09-08	0	0	0	0	0	0	0	0
2020-09-09	0	0	0	0	0	0	0	0
2020-09-10	0	0	0	0	0	0	0	0
2020-09-11	0	0	0	0	0	0	0	0
2020-09-12	0	0	0	0	0	0	0	0
2020-09-13	0	0	0	0	0	0	0	0
2020-09-14	0	0	0	0	0	0	0	0
2020-09-15	0	0	0	0	0	0	0	0
2020-09-16	0	0	0	0	0	0	0	0
2020-09-17	0	0	0	0	0	0	0	0
2020-09-18	0	0	0	0	0	0	0	0
2020-09-19	0	0	0	0	0	0	0	0
2020-09-20	0	0	0	0	0	0	0	0
2020-09-21	0	0	0	0	0	0	0	0
2020-09-22	0	0	0	0	0	0	0	0
2020-09-23	0	0	0	0	0	0	0	0
2020-09-24	0	0	0	0	0	0	0	0
2020-09-25	0	0	0	0	0	0	0	0
2020-09-26	0	0	0	0	0	0	0	0
2020-09-27	0	0	0	0	0	0	0	0
2020-09-28	0	0	0	0	0	0	0	0
2020-09-29	0	0	0	0	0	0	0	0
2020-09-30	0	0	0	0	0	0	0	0
2020-10-01	0	0	0	0	0	0	0	0
2020-10-02	0	0	0	0	0	0	0	0
2020-10-03	0	0	0	0	0	0	0	0
2020-10-04	0	0	0	0	0	0	0	0
2020-10-05	0	0	0	0	0	0	0	0
2020-10-06	0	0	0	0	0	0	0	0
2020-10-07	0	0	0	0	0	0	0	0
2020-10-08	0	0	0	0	0	0	0	0
2020-10-09	0	0	0	0	0	0	0	0
2020-10-10	0	0	0	0	0	0	0	0
2020-10-11	0	0	0	0	0	0	0	0
2020-10-12	0	0	0	0	0	0	0	0
2020-10-13	0	0	0	0	0	0	0	0
2020-10-14	0	0	0	0	0	0	0	0
2020-10-15	0	0	0	0	0	0	0	0
2020-10-16	0	0	0	0	0	0	0	0
2020-10-17	0	0	0	0	0	0	0	0
2020-10-18	0	0	0	0	0	0	0	0
2020-10-19	0	0	0	0	0	0	0	0
2020-10-20	0	0	0	0	0	0	0	0
2020-10-21	0	0	0	0	0	0	0	0
2020-10-22	0	0	0	0	0	0	0	0
2020-10-23	0	0	0	0	0	0	0	0
2020-10-24	0	0	0	0	0	0	0	0
2020-10-25	0	0	0	0	0	0	0	0
2020-10-26	0	0	0	0	0	0	0	0
2020-10-27	0	0	0	0	0	0	0	0
2020-10-28	0	0	0	0	0	0	0	0
2020-10-29	0	0	0	0	0	0	0	0
2020-10-30	0	0	0	0	0	0	0	0
2020-10-31	0	0	0	0	0	0	0	0
2020-11-01	0	0	0	0	0	0	0	0
2020-11-02	0	0	0	0	0	0	0	0
2020-11-03	0	0	0	0	0	0	0	0
2020-11-04	0	0	0	0	0	0	0	0
2020-11-05	0	0	0	0	0	0	0	0
2020-11-06	0	0	0	0	0	0	0	0
2020-11-07	0	0	0	0	0	0	0	0
2020-11-08	0	0	0	0	0	0	0	0
2020-11-09	0	0	0	0	0	0	0	0
2020-11-10	0	0	0	0	0	0	0	0
2020-11-11	0	0	0	0	0	0	0	0
2020-11-12	0	0	0	0	0	0	0	0
2020-11-13	0	0	0	0	0	0	0	0
2020-11-14	0	0	0	0	0	0	0	0
2020-11-15	0	0	0	0	0	0	0	0
2020-11-16	0	0	0	0	0	0	0	0
2020-11-17	0	0	0	0	0	0	0	0
2020-11-18	0	0	0	0	0	0	0	0
2020-11-19	0	0	0	0	0	0	0	0
2020-11-20	0	0	0	0	0	0	0	0
2020-11-21	0	0	0	0	0	0	0	0
2020-11-22	0	0	0	0	0	0	0	0
2020-11-23	0	0	0	0	0	0	0	0
2020-11-24	0	0	0	0	0	0	0	0
2020-11-25	0	0	0	0	0	0	0	0
2020-11-26	0	0	0	0	0	0	0	0
2020-11-27	0	0	0	0	0	0	0	0
2020-11-28	0	0	0	0	0	0	0	0
2020-11-29	0	0	0	0	0	0	0	0
2020-11-30	0	0	0	0	0	0	0	0
2020-12-01	0	0	0	0	0	0	0	0
2020-12-02	0	0	0	0	0	0	0	0
2020-12-03	0	0	0	0	0	0	0	0
2020-12-04	0	0	0	0	0	0	0	0
2020-12-05	0	0	0	0	0	0	0	0
2020-12-06	0	0	0	0	0	0	0	0
2020-12-07	0	0	0	0	0	0	0	0
2020-12-08	0	0	0	0	0	0	0	0
2020-12-09	0	0	0	0	0	0	0	0
2020-12-10	0	0	0	0	0	0	0	0
2020-12-11	0	0	0	0	0	0	0	0
2020-12-12	0	0	0	0	0	0	0	0
2020-12-13	0	0	0	0	0	0	0	0
2020-12-14	0	0	0	0	0	0	0	0
2020-12-15	0	0	0	0	0	0	0	0
2020-12-16	0	0	0	0	0	0	0	0
2020-12-17	0	0	0	0	0	0	0	0
2020-12-18	0	0	0	0	0	0	0	0
2020-12-19	0	0	0	0	0	0	0	0
2020-12-20	0	0	0	0	0	0	0	0
2020-12-21	0	0	0	0	0	0	0	0
2020-12-22	0	0	0	0	0	0	0	0
2020-12-23	0	0	0	0	0	0	0	0
2020-12-24	0	0	0	0	0	0	0	0
2020-12-25	0	0	0	0	0	0	0	0
2020-12-26	0	0	0	0	0	0	0	0
2020-12-27	0	0	0	0	0	0	0	0
2020-12-28	0	0	0	0	0	0	0	0
2020-12-29	0	0	0	3.1280244613407504e-5	1.4433520816314882e-4	1.8515857092404886e-4	4.125042539948609e-5	4.547516997770451e-4
2020-12-30	0	0	0	4.7900573616255215e-5	1.6917715522746235e-4	2.3309358315470874e-4	5.428073659952126e-5	3.4182921180248016e-4
2020-12-31	0	0	0	6.550107259761795e-5	2.041504193484034e-4	2.755089762991325e-4	6.405102563356024e-5	3.6383309362997274e-4
2021-01-01	0	0	0	8.70218932025324e-5	2.7594903696770423e-4	3.6930409637880857e-4	8.577183920199793e-5	3.493305079509401e-4
2021-01-02	0	0	0	7.138127382155801e-5	2.1483153814738642e-4	2.6240721438641756e-4	8.360174731292247e-5	1.7050726818212958e-4
2021-01-03	0	0	0	4.205044205995989e-5	1.1365322926404353e-4	1.3830478205312247e-4	2.8230199236034537e-5	6.210096413239441e-5
2021-01-04	0	0	0	8.606185166049052e-5	2.4941555202939725e-4	3.08343768969932e-4	1.053327737483567e-4	4.043408728853226e-4
2021-01-05	0	0	0	1.1638338627317779e-4	4.0784158368922796e-4	5.286598703146961e-4	1.2380383184718013e-4	0.007847796979357335
2021-01-06	0	0	0	1.2324379725825452e-4	3.9372875558330023e-4	5.640895492549092e-4	1.8356842434164022e-4	0.015272008561374673
2021-01-07	0	0	0	1.6532683324044228e-4	5.546869193946424e-4	8.256504246559881e-4	2.6181713705319964e-4	0.01437697434784968
2021-01-08	0	0	0	1.88838915033962e-4	6.711726181707345e-4	9.598603329645794e-4	3.2057569219356985e-4	0.013747146005826272
2021-01-09	0	0	0	1.683270835017847e-4	5.152263645515909e-4	7.325841698915259e-4	3.195955353265667e-4	0.020434290052487203
2021-01-10	0	0	0	1.9673967662514613e-4	5.464246449731203e-4	8.629961906061467e-4	4.0452090929155027e-4	0.011887327136613113
2021-01-11	0	0	0	2.7314865254646215e-4	8.14135704236385e-4	0.0011676708638115318	4.688749609322862e-4	0.005630726269580721
2021-01-12	1.0545992804589233e-5	0	0	2.54616207353342e-4	8.471494155330994e-4	0.001217310461189891	3.972494517818781e-4	0.016271893630581236
2021-01-13	0	0	0	2.6153710041376677e-4	9.991695849649318e-4	0.001405243677448098	5.19367435633189e-4	0.015290550231596312
2021-01-14	0	0	0	1.1953357206873072e-4	4.486203150466661e-4	6.177253961663354e-4	2.3529384079790105e-4	0.005174995143684358
2021-01-15	0	0	0	0	3.710003441126375e-6	1.300000422421732e-6	0	0
2021-01-16	0	0	0	2.940002160833899e-6	3.2880270278035084e-5	3.8030361577012783e-5	1.5250058141180745e-5	3.180025281412924e-5
2021-01-17	0	0	0	4.40904859928537e-5	1.9221923705869948e-4	1.8411847490318323e-4	2.5060157002876338e-5	2.350013806418083e-5
2021-01-18	0	0	0	8.329173437826576e-5	3.391187503816173e-4	0.00034627997745562134	1.1331320997087779e-4	8.710189668503787e-5
2021-01-19	0	0	0	3.106741296037274e-4	0.0010554284823203197	0.0012323496714281568	3.443696476135294e-4	0.0022300432732502706
2021-01-20	0	0	0	4.7940745787755645e-4	0.0014798775093607386	0.0019418727174125294	8.667778259499048e-4	0.012316624811687937
2021-01-21	0	0	0	3.8252658164639186e-4	0.001247759225771361	0.0015674842517199306	6.667111259313074e-4	0.010439747079772355
2021-01-22	0	0	0	1.6188655181381684e-4	5.559372665611129e-4	7.209299349928422e-4	3.548414781187059e-4	0.005185522410667831
2021-01-23	0	0	9.21300212120002e-7	1.77617887028525e-4	6.135040968191507e-4	6.231470780702075e-4	1.9440944875848132e-4	0.0016309650117174446
2021-01-24	0	0	9.21300212120002e-7	1.3446452017684685e-4	4.666844485936572e-4	5.395527793004007e-4	1.3108429577313174e-4	5.909873165019786e-4
2021-01-25	0	0	0	2.974421179533504e-4	0.001071416983588147	0.0011377536208254657	2.086708858846098e-4	1.1710342830317799e-4
2021-01-26	0	0	0	3.8100629144866005e-4	0.0014529377570313695	0.001648849676313624	4.152731129396514e-4	0.0029790186380114214
2021-01-27	0	0	0	5.511159321927028e-4	0.001843519641166802	0.002272901520330217	9.753278160871126e-4	0.005216001668351122
2021-01-28	0	0	0	7.893357627364317e-4	0.0023776833445217083	0.003030706295161778	0.0014229862224472978	0.02989969798489711
2021-01-29	0	0	0	9.552681343021341e-4	0.0029051700031867966	0.003641685468262379	0.0022607677677248805	0.03816728541906511
2021-01-30	0	0	0	8.606451775303725e-4	0.002413836651845358	0.003143660650571478	0.002135059619895241	0.043095199045185995
2021-01-31	0	0	0	5.025931499686997e-4	0.0013670772250349295	0.0016584175872234042	8.465491613707243e-4	0.018327776851075672
2021-02-01	0	0	9.21300212120002e-7	7.454389197958378e-4	0.002083565311101321	0.0023823789323442757	8.439580663044399e-4	0.009328756424105134
2021-02-02	0	0	0	0.0010006403202627023	0.0026261041056934165	0.0031054910186167906	0.0010917479784120498	0.020745291782788167
2021-02-03	0	0	0	0.0011834601444784543	0.002960841645812895	0.003465512444124963	0.0018793329731059405	0.03800682977743275
2021-02-04	0	0	0	0.0011888233252246305	0.0029710668094966586	0.003726732133098043	0.0030641772956248037	0.04478195589340972
2021-02-05	0	0	0	0.0015329775050076933	0.0035378090231710235	0.004475006420616046	0.0035368773753921	0.05891875492034071
2021-02-06	0	0	0	0.0011702323609446008	0.0025962351091854963	0.00324919932406198	0.002290922080995461	0.055243562807928415
2021-02-07	0	0	0	7.048642083880008e-4	0.0015271730643922066	0.001922864351828979	0.001264419689287699	0.024562428220015864
2021-02-08	0	0	0	0.0010491952026432383	0.0023690931505890855	0.0029496951754068856	0.001502994748303399	0.01955772616316831
2021-02-09	0	0	0	0.00104532317513506	0.0027188880881088284	0.0033684766587500636	0.003533831992137193	0.058748135866960816
2021-02-10	0	0	0	0.0012715041807203065	0.0028545771526802266	0.003518555057423045	0.004480067751765127	0.0639678721674064
2021-02-11	0	0	0	0.0014745835991976097	0.003451728607595017	0.00434748515679706	0.006582171244573276	0.08563347292113366
2021-02-12	0	0	0	0.0016525727491727427	0.003681518394422101	0.005040531740055698	0.010456404096658156	0.12191395298298446
2021-02-13	0	0	0	0.0013581511436322469	0.003062735086552637	0.004183305010202032	0.015830400394159838	0.1348014582892254
2021-02-14	0	0	0	7.159381418557764e-4	0.0016026321074180672	0.00209608839664166	0.0065926758436949395	0.04714670289855105
2021-02-15	0	0	0	0.0010241522219434085	0.0019862062538207326	0.002585751527740765	0.005636081353255218	0.048323797347521014
2021-02-16	0	0	0	0.001117512208383964	0.0024025030051724183	0.003254848509705255	0.00881560873936138	0.05484077772538121
2021-02-17	0	0	0	0.0011358425345657785	0.0025271766554619823	0.0033735251680147016	0.010066141802697937	0.05699294906065755
2021-02-18	0	2.423838468823547e-6	0	0.0011310998467157773	0.0025711627194324738	0.0038304080063737977	0.014543578921964784	0.1113663139719232
2021-02-19	0	0	0	0.0015180361084066174	0.0034293701448977476	0.005453755863253917	0.024669404884336776	0.19414286279340476
2021-02-20	0	0	9.21300212120002e-7	0.0013892324917290644	0.0025682589885580587	0.004335859920312046	0.028089971626494403	0.22253641387509715
2021-02-21	0	0	0	6.682016233523491e-4	0.001561469546786487	0.0026974190173387758	0.024439330215343613	0.15655377078689936
2021-02-22	0	0	9.21300212120002e-7	8.66667778259389e-4	0.0018910340023996497	0.0033286199276556516	0.02777644269215762	0.12713908685134867
2021-02-23	0	0	9.21300212120002e-7	9.988794400339618e-4	0.0020782698013417367	0.003750005635566822	0.03770158232749932	0.13314906861849307
2021-02-24	0	0	0	0.0011183126557989809	0.0024156087914584123	0.004298098412490736	0.04795192682147298	0.12235743550589473
2021-02-25	0	0	0	0.0011246362016463785	0.0024536350812780494	0.004913936693456744	0.05726233371564038	0.12358959712966833
2021-02-26	1.0546103805131324e-5	2.4238443687707445e-6	0	0.0012161997854795992	0.002775726163934289	0.005223100193908925	0.06441873329999392	0.13595279029741314
2021-02-27	0	0	0	0.0015468581925670577	0.0035378290586118855	0.007520198345789986	0.09661982778006228	0.138444091626577
2021-02-28	0	0	9.21300212120002e-7	6.630899220612108e-4	0.0015888310960630037	0.0030398902331574273	0.051950318908678295	0.07995697964863302
2021-03-01	0	0	9.21300212120002e-7	7.724491694298674e-4	0.0016903843498123905	0.003362466545317133	0.05888439293276515	0.08677476495839631
2021-03-02	0	0	9.21300212120002e-7	0.0010705265067503245	0.0023689129371260442	0.004634710134507669	0.07566151626071771	0.1061822685379672
2021-03-03	0	0	0	0.0011389943270192493	0.0024061674104016717	0.0048670019269392295	0.0886332952570299	0.10686461128634539
2021-03-04	0	0	9.21300212120002e-7	0.0011678609748140278	0.002509634566414176	0.005285885145442704	0.10279964157709487	0.10547135149663145
2021-03-05	1.0546214805673415e-5	0	0	0.001377794579475733	0.002817915161464235	0.006527090728343898	0.1337256043121633	0.12468893247013546
2021-03-06	0	0	0	0.001612129740575119	0.003229527461906745	0.008199277035978225	0.15810145773443862	0.11560885164464851
2021-03-07	0	0	0	6.488152403039127e-4	0.0013530977183588977	0.0038397158544607457	0.07331446260683205	0.03798440373171341
2021-03-08	0	0	0	8.61585582428992e-4	0.001862877578217903	0.0043658050634631795	0.09139915121049991	0.05532480861198841
2021-03-09	0	0	0	0.0011272676831073358	0.0026734067759472957	0.007969528345512567	0.11035122840248435	0.0502052415702825
2021-03-10	1.0546325806215506e-5	0	9.21300212120002e-7	0.0016940674661449773	0.00397652318415842	0.016190765219598946	0.11883536074058632	0.059784960371660256
2021-03-11	0	0	0	0.0020606215402829697	0.004626851939717902	0.018748244164815908	0.13429018333503961	0.063851245384281
2021-03-12	0	0	0	0.0015342584872763965	0.0037025371954209074	0.01305416279154703	0.08536246772398193	0.04102914774109001
2021-03-13	0	2.4238501687978697e-6	0	0.0017650988935260514	0.004375426088363721	0.015131681949656306	0.0900379899066055	0.03884085296475748
2021-03-14	0	0	0	6.39602272766826e-4	0.0017515369704397266	0.004062125215316126	0.032973096269397706	0.008348825722737097
2021-03-15	0	0	0	8.05752309195995e-4	0.0020541448777946503	0.007175501957084052	0.05148653584328544	0.029714842973231015
2021-03-16	0	0	9.21300212120002e-7	0.001541564104972304	0.003996452908963333	0.013477671910028466	0.07296103827659994	0.0433855770745224
2021-03-17	0	0	2.7638019095554966e-06	0.002152708538512904	0.005664692184385922	0.021503651759751108	0.083598664162436	0.04469726129174556
2021-03-18	0	0	9.21300212120002e-7	0.002784288065007301	0.006991781251266316	0.02492047755033422	0.1061112387471117	0.06328308728405019
2021-03-19	0	0	6.448910397027774e-6	0.0027669940640375756	0.007048570586829506	0.025381960985872087	0.10022279200954731	0.05206622289154805
2021-03-20	0	0	9.21300212120002e-7	0.0027306841589940234	0.007379614678199697	0.021168354811354817	0.07228073620664355	0.03485939434349894
2021-03-21	0	0	0	0.0010280742341577387	0.0034429534821700525	0.011125051693797516	0.03966096809760988	0.011128158980574288
2021-03-22	0	0	0	6.751739649706323e-4	0.002178516483517301	0.009728088928550482	0.031151920538306177	0.023370343235739055
2021-03-23	0	0	0	6.272883726756717e-4	0.002326633305634651	0.01089321553617939	0.0349260879040707	0.03040917955022948
2021-03-24	0	0	0	9.042644235368602e-4	0.0027186177205777984	0.013468711547688805	0.031174939208665986	0.03238021965624682
2021-03-25	0	0	9.21300212120002e-7	0.0013988491947674042	0.003838483488873612	0.017486332960097828	0.03613581936020838	0.033814556050218325
2021-03-26	0	0	0	0.003288012756972547	0.009755633094267635	0.0344287751393999	0.06936047901220044	0.06776719829105482
2021-03-27	0	0	9.21300212120002e-7	0.0029812219210356705	0.008498877730670262	0.030870019526390013	0.04830830303554334	0.041223647273635367
2021-03-28	0	0	0	7.94317735166139e-4	0.0022671850319924136	0.01316703268744801	0.01649118983554798	0.008585025666423274
2021-03-29	0	0	0	6.824264264568836e-4	0.0021625891980097123	0.015306713872392796	0.019907497110299266	0.02050097246803384
2021-03-30	0	0	0	8.486000305027996e-4	0.0025012140178908293	0.016056966543645856	0.024174218206473475	0.028302863013693003
2021-03-31	0	0	0	9.205618585339526e-4	0.002431888520443959	0.015962449952118485	0.020573224390455058	0.022605552753826474
2021-04-01	0	0	9.21300212120002e-7	8.873568505449736e-4	0.0018447407671244864	0.012457426871061994	0.017255669532755924	0.025970212990695574
2021-04-02	0	0	0	0.0023383469666340417	0.005888097422815264	0.030791519417001867	0.040448724835198346	0.03431477596233634
2021-04-03	0	0	0	0.00417809411761394	0.010405026142255247	0.050795711065666715	0.04894889867025776	0.03156722238223231
2021-04-04	0	0	9.21300212120002e-7	0.001308918316790031	0.0039918036240431665	0.024561304418686758	0.02618037298237419	0.012473798914842016
2021-04-05	0	0	0	0.0016360091314695513	0.004936782956489916	0.04112197419032748	0.028907186355751513	0.021703055656204118
2021-04-06	0	0	0	0.0017667003074941512	0.005171145185632664	0.04758338462304623	0.02575934597628149	0.027024075159557404
2021-04-07	0	0	0	0.0020845263124869007	0.005565202870748243	0.05568437747365729	0.029244307378512246	0.034811764741097484
2021-04-08	0	0	0	0.00217960767240144	0.006132832909875097	0.06916682232772886	0.025202552158829494	0.041255095730942326
2021-04-09	0	0	0	0.002418201925137753	0.006683176211067066	0.09187119931593712	0.02985998467114026	0.03166639006493632
2021-04-10	0	0	0	0.0033695484642131124	0.009231123409852104	0.12669013775083116	0.03170639385278706	0.040138780423470966
2021-04-11	0	0	0	0.0015199575677518062	0.004561371527552982	0.06377570514157638	0.01367419590843566	0.01040868518180349
2021-04-12	0	0	0	0.0014187131867766656	0.004018336757574348	0.05502928556751785	0.01318777938125204	0.026475437193648643
2021-04-13	0	0	0	0.001542985200832403	0.003961874111618968	0.05084165856131628	0.014839825102266557	0.030582827331903317
2021-04-14	0	0	9.21300212120002e-7	0.00216757459490613	0.005033704545362561	0.04753463539042513	0.014421182627091023	0.0385563479926323
2021-04-15	0	0	9.21300212120002e-7	0.0022117429517212184	0.005763404207013378	0.05380478882512918	0.019007561851888344	0.04475720177774334
2021-04-16	0	0	0	0.0026418047831280322	0.007121077435962242	0.05997528881717584	0.017989545940789053	0.04458965943206694
2021-04-17	0	0	2.7639019097858153e-6	0.0034597825237778768	0.009411082116651537	0.07641077150031861	0.02001343438901082	0.04977344905777681
2021-04-18	0	0	0	0.0018379044732130811	0.0049447426198943045	0.04209510956226481	0.011102928756744346	0.023740806472997145
2021-04-19	0	0	0	0.001575610637220004	0.004553734123617037	0.03216378730342506	0.011198572003730645	0.03619950096757529
2021-04-20	0	0	0	0.0019617320982061592	0.005276580575642731	0.03195848621021202	0.013380821596650438	0.038776198390402916
2021-04-21	0	0	0	0.0023489393790516733	0.006064344067241434	0.03170228877844816	0.014575007712454457	0.05262700028987766
2021-04-22	0	0	0	0.0017998298468693275	0.004209199339770375	0.016618816263499925	0.008270399878537837	0.043020490654028354
2021-04-23	0	0	9.21300212120002e-7	0.0010892366090977657	0.002491992506663321	0.01135233889962306	0.0037256701545251847	0.01602036300772469
2021-04-24	0	0	0	7.767408315797475e-4	0.0016200561454786655	0.009233182916693394	0.004074380143388234	0.014880457000133296
2021-04-25	0	0	0	1.1390324348714564e-4	4.435991950613172e-4	0.002489879875448686	7.016030617141844e-4	0.001411297940469236
2021-04-26	0	0	0	1.0163258229534122e-4	2.902410599683325e-4	0.0011324806280932354	6.105031785326176e-4	0.002591779330023858
2021-04-27	0	0	0	6.132740262578817e-4	0.0021200536568770634	0.008202771364514527	0.005137147571292244	0.020406304313938417
2021-04-28	0	0	4.606505304982633e-6	7.444485509111587e-4	0.0018665009564551305	0.007310952506638602	0.007873799178375274	0.031084968821660786
2021-04-29	0	0	9.21300212120002e-7	3.6911406129758184e-4	0.0018882313544119622	0.005824792050608263	0.005949258418933789	0.034610776461822645
2021-04-30	0	0	9.21300212120002e-7	3.5358125492601644e-4	0.0022552315172992277	0.008221940074647716	0.006609320780294192	0.0342793687810059
2021-05-01	0	0	0	4.398983776456866e-4	0.0029393199003691084	0.0100654181606874	0.006276097349485088	0.03549619496423473
2021-05-02	0	0	9.21300212120002e-7	4.535314226878917e-4	0.0011351421369176773	0.0031622699878690597	0.0024291952473876055	0.011636049411476668
2021-05-03	0	0	0	2.3078331523462836e-4	0.0011475892402661447	0.003400861464675442	0.0025933413548457906	0.01655824385993121
2021-05-04	0	0	0	1.5687615253168197e-4	0.0016076060993426289	0.008259715725968508	0.003774391507813668	0.02458996661452595
2021-05-05	0	0	0	1.9612961670656404e-4	0.0014647163484953207	0.023264539701885134	0.0043942774185077305	0.027275994975475504
2021-05-06	0	0	0	2.824799487304297e-4	0.0011128996364000443	0.03393696947427438	0.004861979711679121	0.030167621344394657
2021-05-07	0	0	0	4.989922483160658e-4	0.0018341410183189133	0.036168540836561514	0.00456393738110461	0.03424375875339014
2021-05-08	0	0	9.21300212120002e-7	6.888786384446899e-4	0.002627235591713628	0.040334936781287745	0.0056518759253689765	0.03773620529756494
2021-05-09	0	0	0	2.930014624642485e-4	0.0011356924493348686	0.027950832255950075	0.0018495852413913383	0.010648950034207738
2021-05-10	0	0	0	2.346937702915053e-4	0.0014973204921640004	0.046757813275578375	0.0024710665424643175	0.020568667520896255
2021-05-11	0	0	0	3.268567088270391e-4	0.0017448411176315126	0.045096841273205124	0.0036842935046570435	0.027934788096499075
2021-05-12	0	0	0	2.71898482196109e-4	0.002265362967343476	0.05434752332283144	0.004582509849129446	0.035180822569160775
2021-05-13	0	0	0	3.2255601059505423e-4	0.0027325266755080513	0.056029856196345706	0.004274417661586538	0.030524943036850827
2021-05-14	0	0	0	4.407185582118167e-4	0.003532279249173653	0.05099785531159573	0.004788682870909389	0.030721451901737584
2021-05-15	0	0	0	5.905271805877188e-4	0.004095413102119139	0.06022244574281155	0.005077535341285522	0.032878956444215124
2021-05-16	1.0546436806757598e-5	0	0	1.6767702889652902e-4	0.0016001901521307538	0.0428134478287463	0.002766923967059798	0.010057387762149483
2021-05-17	0	0	0	3.005325799578795e-4	0.0029256298274717984	0.03886408426136878	0.004146608590701151	0.029812800772474946
2021-05-18	0	0	0	2.0604061318363343e-4	0.004569810792670159	0.02620999090582088	0.0034244917859982404	0.03370083659683165
2021-05-19	0	0	2.7639019097858153e-6	4.2682554501149994e-4	0.006463765064702809	0.02567283359621464	0.0037060136342643712	0.03487628888153704
2021-05-20	0	0	0	3.988397682901379e-4	0.007785342890982649	0.023974443485105246	0.005277412771389933	0.047566544027684454
2021-05-21	0	0	0	3.0318297997977695e-4	0.009977497614662711	0.0304960319918115	0.00533946747823788	0.044170252808287014
2021-05-22	0	0	0	3.855871693663193e-4	0.008967875698636663	0.03486720041621627	0.0038622292036052386	0.01627451495929
2021-05-23	0	0	0	6.000700210075927e-4	0.005022486342264543	0.01853496624341111	7.542622278771116e-4	0.00499874686756141
2021-05-24	0	0	0	4.8520588561862255e-5	0.004513162158166439	0.015141617142421904	0.0011666802857224212	0.008044277600528504
2021-05-25	0	0	0	1.2301378309764743e-4	0.010923460497308968	0.023616970321795216	0.0034029750598143504	0.017782655711034323
2021-05-26	0	0	0	2.95731864333737e-4	0.00972062262605955	0.015962520515300227	0.004761337583896852	0.031138399988460463
2021-05-27	0	0	0	3.8614727743002675e-4	0.008482608662430113	0.016315196408461574	0.004090052131609845	0.02459330769585577
2021-05-28	0	0	0	5.139560377021013e-4	0.010342170120701377	0.01969390244841196	0.004246217590957446	0.02521342925368253
2021-05-29	0	0	0	3.910182238129334e-4	0.01485566267840377	0.02928155232666474	0.0054893733048198	0.029264401295800324
2021-05-30	0	0	0	1.503556517055138e-4	0.010368094345087231	0.019467021228881443	0.002248213616115935	0.008071487226511964
2021-05-31	0	0	0	1.0741288438187446e-4	0.00836540500020444	0.020088133274614783	0.002993199811277547	0.02745058363548214
2021-06-01	0	0	0	4.44429379368394e-4	0.00960577774150484	0.02028506092417426	0.003426385028590939	0.03428313330734234
2021-06-02	0	0	4.606505304982633e-6	0.0010489350661933017	0.013585884061432685	0.018731890934495343	0.0045736996821956755	0.036757579920401184
2021-06-03	0	0	9.21300212120002e-7	0.0013333144318434798	0.0180108779309609	0.02248072575764759	0.005343698779160633	0.04798104517399726
2021-06-04	0	0	0	0.0015132424756976182	0.020339867553018642	0.023900457972827693	0.004332612883599873	0.04351304629956698
2021-06-05	0	0	9.21300212120002e-7	0.0016144215892668345	0.02135161284274667	0.02599469098991536	0.004279468462580649	0.026172651927225843
2021-06-06	0	0	0	4.6301359539735465e-4	0.010262660550393266	0.015127359249465622	0.0018408071427342687	0.015209330936886811
2021-06-07	0	0	0	1.8550860336041808e-4	0.008784250765377255	0.013253483707596825	0.002206006616297662	0.020619086683919763
2021-06-08	0	0	0	5.999399819953677e-4	0.01973382597187201	0.020082506769537156	0.0037345567284894354	0.04233281684551904
2021-06-09	0	0	2.7639019097858153e-6	0.0014081957538203405	0.031037501626808517	0.021857325671376104	0.005096844455851901	0.055412434473572025
2021-06-10	0	0	0	0.0017982684423476503	0.03162463945516736	0.02108460009024138	0.004903130171369341	0.062069660694688444
2021-06-11	0	0	0	0.0012800896573827991	0.02593861290992283	0.019859712040583677	0.004559166499793266	0.04987426046421306
2021-06-12	0	0	0	9.669437450514629e-4	0.027170640932166146	0.021598786898875844	0.00435818845164504	0.046801085398622266
2021-06-13	0	0	0	2.908911544159398e-4	0.013948872762838516	0.011968219569918448	0.0019277790830483088	0.013625412969648476
2021-06-14	0	0	0	3.5169092162612436e-4	0.01068918466721236	0.010887494383487573	0.0026005407029869865	0.02175057184388396
2021-06-15	0	0	9.21300212120002e-7	6.452340817550972e-4	0.02245323696252388	0.01361462953433934	0.004210652398405124	0.04574935077406206
2021-06-16	0	0	0	0.0030902273763093735	0.03126789024001542	0.013072432120385447	0.004265909495956954	0.05334296806037253
2021-06-17	0	0	0	0.0014635554986743848	0.03397870815191828	0.03627654696492466	0.008539892440724728	0.07011803469745859
2021-06-18	0	0	1.8426008487892886e-6	0.0010957101451805062	0.028990583482666255	0.019531176715977816	0.005193974342367236	0.07045331748620298
2021-06-19	0	0	0	0.0014222957312868267	0.026766268279401206	0.016129157429849217	0.003580885685573243	0.03753165630627309
2021-06-20	1.054654880738859e-5	0	0	2.5752657998490136e-4	0.01506506907657057	0.01031397451758731	0.002752083490885182	0.029512040128131023
2021-06-21	0	0	0	0.0011161014205951503	0.009657064724774678	0.007187826211411341	0.0015710170236220566	0.013764767204045292
2021-06-22	0	0	0	3.1339455403656125e-4	0.008497642481937628	0.00815454414756367	0.0020726539736235505	0.025193477831309208
2021-06-23	0	0	0	0.0016918255684386097	0.019430738398679592	0.010311722907329512	0.002692772756279327	0.038894597427257205
2021-06-24	0	0	9.21300212120002e-7	0.001429150617872077	0.0282430778617766	0.008818993662303987	0.0029702556045891892	0.04805502126724881
2021-06-25	0	0	0	0.0020838756344150333	0.025519085936761998	0.008713039263300804	0.002746806236124666	0.04569326870114887
2021-06-26	0	0	2.7639019097858153e-6	0.0032408858352492853	0.03235607896143988	0.011163053440528925	0.0027931904782618755	0.05122705273292549
2021-06-27	0	0	0	9.859530258422566e-4	0.01566748754146552	0.004922898732983905	0.0014389176209799182	0.0294260734496663
2021-06-28	0	0	0	0.0014250777116209257	0.015159825074069211	0.005352993635214576	0.0019475382262856833	0.041130938526007466
2021-06-29	0	0	0	0.0029067623167915446	0.024009180183268253	0.007565188017434776	0.0029277128756706183	0.058037693465704754
2021-06-30	0	0	9.21300212120002e-7	0.004468471810079366	0.027209205212068044	0.0068382102799582345	0.0022312045684564907	0.06363464191284396
2021-07-01	0	0	9.21300212120002e-7	0.005728604226596268	0.03119569281251322	0.007810280118883961	0.0029036177490080473	0.04646883823164982
2021-07-02	0	0	9.21300212120002e-7	0.005623786744336501	0.029286180086007585	0.00746383721649857	0.002282071963111143	0.05322461490802688
2021-07-03	1.054665980793068e-5	0	3.6853033953399006e-6	0.011058874677281949	0.03953855431941733	0.00928196873590359	0.003076626407512828	0.06335930023145497
2021-07-04	0	0	1.8426008487892886e-6	0.003909661362993422	0.020662080391526505	0.004718415862061898	0.0011864018873595228	0.04735871189816332
2021-07-05	0	0	0	0.0035469452050720385	0.02319580129948129	0.005384979501056764	0.0016631315015980253	0.05236512662152215
2021-07-06	0	0	0	0.008495141858800404	0.02824779447314918	0.006879662438818102	0.002181830095641546	0.07214595988181727
2021-07-07	0	0	9.21300212120002e-7	0.011604475965609096	0.02986351741814608	0.006033741509149815	0.0016695468466683128	0.06256210422114439
2021-07-08	0	0	0	0.014514588318514043	0.03527753613900986	0.007626219807136625	0.0025090338126683154	0.13251506030169025
2021-07-09	0	0	9.21300212120002e-7	0.015018297313549533	0.03346628810996477	0.008031144821787128	0.0024753918912538975	0.08795554444986808
2021-07-10	0	0	9.21300212120002e-7	0.028595130370222543	0.04094809665491517	0.009585741610556031	0.0024414902186218335	0.12550657509822138
2021-07-11	0	0	0	0.01192640981275539	0.022813433183403342	0.004207235207021709	0.0012434165211612225	0.03149803149704722
2021-07-12	0	0	0	0.009271520272038813	0.019225979572631946	0.004588754166199527	0.0010441125427504971	0.051350416313902914
2021-07-13	0	0	9.21300212120002e-7	0.0174384145757287	0.02458375019339276	0.006218587708271217	0.001889812848150152	0.14088440380916611
2021-07-14	0	0	0	0.020686209819170687	0.02543513654273699	0.007077884110871846	0.002699632003238195	0.10381815218054569
2021-07-15	0	0	0	0.02501727602492676	0.028271671857403202	0.007817136907357192	0.0028686572986744707	0.1560911085414225
2021-07-16	0	0	0	0.0184482444306433	0.026516531612184924	0.007301959653696066	0.0023093032203409525	0.1370484708398878
2021-07-17	0	0	9.21300212120002e-7	0.027697842621470903	0.03348357749038877	0.012202676327387696	0.003655941477020752	0.2728489353852108
2021-07-18	0	0	0	0.01427002842783276	0.015328319343473895	0.004486271658348251	0.001466937976756899	0.1050305543360337
2021-07-19	0	0	0	0.015434455604955266	0.01458652165348684	0.004364482176166584	0.0013874412483043663	0.15815168919913503
2021-07-20	0	0	1.8427008490196073e-6	0.01805942571428254	0.01444807673030124	0.0056347074821021526	0.0014302514047701553	0.1715351794469766
2021-07-21	0	0	0	0.01794618640159018	0.015768582044926926	0.005788085483390715	0.002333130874919931	0.48814207016664435
2021-07-22	0	0	9.21300212120002e-7	0.020161723776409124	0.015499458301913238	0.0064326647940882165	0.0019691493873272847	1.6464466094067263
2021-07-23	0	0	4.071000414551662e-7	0.03420170922853827	0.04510584429744635	0	0	0
2021-07-24	0	0	5.292000699874677e-7	0.04616136797329151	0.06163139728275624	0	0	0
2021-07-25	0	0	5.287000699460975e-7	0.048350707734609255	0.0656190861156638	0	0	0
2021-07-26	0	0	5.333000712148817e-7	0.05125346953483967	0.07084817601102222	0	0	0
2021-07-27	0	0	5.336000712397038e-7	0.05406271426851994	0.07630905808651267	0	0	0
2021-07-28	0	0	5.334000710011111e-7	0.05712678746141542	0.08257756349833012	0	0	0
2021-07-29	0	0	5.32200070679778e-7	0.06044863950448587	0.08980449168154525	0	0	0
2021-07-30	0	0	3.8980003802535634e-7	0.046919315542750084	0.07177970138264533	0	0	0
2021-07-31	0	0	3.7030003419147306e-7	0.05187647208910273	0.06381580421696453	0	0	0
2021-08-01	0	0	3.438000295563626e-7	0.04571379782796403	0	0	0	0
2021-08-02	0	0	3.3970002877303784e-7	0.04732584387461092	0	0	0	0
2021-08-03	0	0	3.259000265209977e-7	0.047643290789308734	0	0	0	0
2021-08-04	0	0	3.015000227257758e-7	0.04623345304511872	0	0	0	0
2021-08-05	0	0	2.9010002111640176e-7	0.046622473764991845	0	0	0	0
2021-08-06	0	0	2.276000128365041e-7	0.03826894809711501	0	0	0	0
2021-08-07	0	0	2.2750001282823007e-7	0.039765350780677444	0	0	0	0
2021-08-08	0	0	2.0910001086171803e-7	0.03803509715387632	0	0	0	0
2021-08-09	0	0	2.7910001954012387e-7	0.05295361123572606	0	0	0	0
2021-08-10	0	0	2.8150001973870076e-7	0.05640667834034785	0	0	0	0
2021-08-11	0	0	2.7320001860786647e-7	0.057994016487075806	0	0	0	0
2021-08-12	0	0	2.687000180134902e-7	0.06053583688689934	0	0	0	0
2021-08-13	0	0	3.7990003609600365e-7	0.09171797681789173	0	0	0	0
2021-08-14	0	0	3.2310002606728006e-7	0.0855587969331626	0	0	0	0
2021-08-15	0	0	2.880000207206024e-7	0.08318912774368892	0	0	0	0
2021-08-16	0	0	3.6030003247589093e-7	0.11418679610094995	0	0	0	0
2021-08-17	0	0	3.7880003600498924e-7	0.13579133142236466	0	0	0	0
2021-08-18	0	0	3.3000002730432243e-7	0.13616701391997044	0	0	0	0
2021-08-19	0	0	0.002154530900850604	0.12547235816592983	0	0	0	0
2021-08-20	0	0	3.0050002264303544e-7	0	0	0	0	0
2021-08-21	0	0	2.880000207206024e-7	0	0	0	0	0
2021-08-22	0	0	2.3880001420728547e-7	0	0	0	0	0
2021-08-23	0	0	3.4320002950671835e-7	0	0	0	0	0
2021-08-24	0	0	3.4370002954808854e-7	0	0	0	0	0
2021-08-25	0	0	3.0240002280024214e-7	0	0	0	0	0
2021-08-26	0	0	2.1930001214975903e-7	0	0	0	0	0
2021-08-27	0	0	1.7630000770374465e-7	0	0	0	0	0
2021-08-28	0	0	1.5880000625578816e-7	0	0	0	0	0
2021-08-29	0	0	1.206000035391952e-7	0	0	0	0	0
2021-08-30	0	0	2.8870002077852064e-7	0	0	0	0	0
2021-08-31	0	0	3.3110002739533684e-7	0	0	0	0	0
