2020-02-17	0	0	0	0	0	0	0	0
2020-02-18	0	0	0	0	0	0	0	0
2020-02-19	0	0	0	0	0	0	0	0
2020-02-20	0	0	0	0	0	0	0	0
2020-02-21	0	0	0	0	0	0	0	0
2020-02-22	0	0	0	0	0	0	0	0
2020-02-23	0	0	0	0	0	0	0	0
2020-02-24	0	0	0	0	0	0	0	0
2020-02-25	0	0	0	0	0	0	0	0
2020-02-26	0	0	0	0	0	0	0	0
2020-02-27	0	0	0	0	0	0	0	0
2020-02-28	0	0	0	0	0	0	0	0
2020-02-29	0	0	0	0	0	0	0	0
2020-03-01	0	0	0	0	0	0	0	0
2020-03-02	0	0	0	0	0	0	0	0
2020-03-03	0	0	0	0	0	0	0	0
2020-03-04	0	0	0	0	0	0	0	0
2020-03-05	0	0	0	0	0	0	0	0
2020-03-06	0	0	0	0	0	0	0	0
2020-03-07	0	0	0	0	0	0	0	0
2020-03-08	0	0	0	0	0	0	0	0
2020-03-09	0	0	0	0	0	0	0	0
2020-03-10	0	0	0	0	0	0	0	0
2020-03-11	0	0	0	0	0	0	0	0
2020-03-12	0	0	0	0	0	0	0	0
2020-03-13	0	0	0	0	0	0	0	0
2020-03-14	0	0	0	0	0	0	0	0
2020-03-15	0	0	0	0	0	0	0	0
2020-03-16	0	0	0	0	0	0	0	0
2020-03-17	0	0	0	0	0	0	0	0
2020-03-18	0	0	0	0	0	0	0	0
2020-03-19	0	0	0	0	0	0	0	0
2020-03-20	0	0	0	0	0	0	0	0
2020-03-21	0	0	0	0	0	0	0	0
2020-03-22	0	0	0	0	0	0	0	0
2020-03-23	0	0	0	0	0	0	0	0
2020-03-24	0	0	0	0	0	0	0	0
2020-03-25	0	0	0	0	0	0	0	0
2020-03-26	0	0	0	0	0	0	0	0
2020-03-27	0	0	0	0	0	0	0	0
2020-03-28	0	0	0	0	0	0	0	0
2020-03-29	0	0	0	0	0	0	0	0
2020-03-30	0	0	0	0	0	0	0	0
2020-03-31	0	0	0	0	0	0	0	0
2020-04-01	0	0	0	0	0	0	0	0
2020-04-02	0	0	0	0	0	0	0	0
2020-04-03	0	0	0	0	0	0	0	0
2020-04-04	0	0	0	0	0	0	0	0
2020-04-05	0	0	0	0	0	0	0	0
2020-04-06	0	0	0	0	0	0	0	0
2020-04-07	0	0	0	0	0	0	0	0
2020-04-08	0	0	0	0	0	0	0	0
2020-04-09	0	0	0	0	0	0	0	0
2020-04-10	0	0	0	0	0	0	0	0
2020-04-11	0	0	0	0	0	0	0	0
2020-04-12	0	0	0	0	0	0	0	0
2020-04-13	0	0	0	0	0	0	0	0
2020-04-14	0	0	0	0	0	0	0	0
2020-04-15	0	0	0	0	0	0	0	0
2020-04-16	0	0	0	0	0	0	0	0
2020-04-17	0	0	0	0	0	0	0	0
2020-04-18	0	0	0	0	0	0	0	0
2020-04-19	0	0	0	0	0	0	0	0
2020-04-20	0	0	0	0	0	0	0	0
2020-04-21	0	0	0	0	0	0	0	0
2020-04-22	0	0	0	0	0	0	0	0
2020-04-23	0	0	0	0	0	0	0	0
2020-04-24	0	0	0	0	0	0	0	0
2020-04-25	0	0	0	0	0	0	0	0
2020-04-26	0	0	0	0	0	0	0	0
2020-04-27	0	0	0	0	0	0	0	0
2020-04-28	0	0	0	0	0	0	0	0
2020-04-29	0	0	0	0	0	0	0	0
2020-04-30	0	0	0	0	0	0	0	0
2020-05-01	0	0	0	0	0	0	0	0
2020-05-02	0	0	0	0	0	0	0	0
2020-05-03	0	0	0	0	0	0	0	0
2020-05-04	0	0	0	0	0	0	0	0
2020-05-05	0	0	0	0	0	0	0	0
2020-05-06	0	0	0	0	0	0	0	0
2020-05-07	0	0	0	0	0	0	0	0
2020-05-08	0	0	0	0	0	0	0	0
2020-05-09	0	0	0	0	0	0	0	0
2020-05-10	0	0	0	0	0	0	0	0
2020-05-11	0	0	0	0	0	0	0	0
2020-05-12	0	0	0	0	0	0	0	0
2020-05-13	0	0	0	0	0	0	0	0
2020-05-14	0	0	0	0	0	0	0	0
2020-05-15	0	0	0	0	0	0	0	0
2020-05-16	0	0	0	0	0	0	0	0
2020-05-17	0	0	0	0	0	0	0	0
2020-05-18	0	0	0	0	0	0	0	0
2020-05-19	0	0	0	0	0	0	0	0
2020-05-20	0	0	0	0	0	0	0	0
2020-05-21	0	0	0	0	0	0	0	0
2020-05-22	0	0	0	0	0	0	0	0
2020-05-23	0	0	0	0	0	0	0	0
2020-05-24	0	0	0	0	0	0	0	0
2020-05-25	0	0	0	0	0	0	0	0
2020-05-26	0	0	0	0	0	0	0	0
2020-05-27	0	0	0	0	0	0	0	0
2020-05-28	0	0	0	0	0	0	0	0
2020-05-29	0	0	0	0	0	0	0	0
2020-05-30	0	0	0	0	0	0	0	0
2020-05-31	0	0	0	0	0	0	0	0
2020-06-01	0	0	0	0	0	0	0	0
2020-06-02	0	0	0	0	0	0	0	0
2020-06-03	0	0	0	0	0	0	0	0
2020-06-04	0	0	0	0	0	0	0	0
2020-06-05	0	0	0	0	0	0	0	0
2020-06-06	0	0	0	0	0	0	0	0
2020-06-07	0	0	0	0	0	0	0	0
2020-06-08	0	0	0	0	0	0	0	0
2020-06-09	0	0	0	0	0	0	0	0
2020-06-10	0	0	0	0	0	0	0	0
2020-06-11	0	0	0	0	0	0	0	0
2020-06-12	0	0	0	0	0	0	0	0
2020-06-13	0	0	0	0	0	0	0	0
2020-06-14	0	0	0	0	0	0	0	0
2020-06-15	0	0	0	0	0	0	0	0
2020-06-16	0	0	0	0	0	0	0	0
2020-06-17	0	0	0	0	0	0	0	0
2020-06-18	0	0	0	0	0	0	0	0
2020-06-19	0	0	0	0	0	0	0	0
2020-06-20	0	0	0	0	0	0	0	0
2020-06-21	0	0	0	0	0	0	0	0
2020-06-22	0	0	0	0	0	0	0	0
2020-06-23	0	0	0	0	0	0	0	0
2020-06-24	0	0	0	0	0	0	0	0
2020-06-25	0	0	0	0	0	0	0	0
2020-06-26	0	0	0	0	0	0	0	0
2020-06-27	0	0	0	0	0	0	0	0
2020-06-28	0	0	0	0	0	0	0	0
2020-06-29	0	0	0	0	0	0	0	0
2020-06-30	0	0	0	0	0	0	0	0
2020-07-01	0	0	0	0	0	0	0	0
2020-07-02	0	0	0	0	0	0	0	0
2020-07-03	0	0	0	0	0	0	0	0
2020-07-04	0	0	0	0	0	0	0	0
2020-07-05	0	0	0	0	0	0	0	0
2020-07-06	0	0	0	0	0	0	0	0
2020-07-07	0	0	0	0	0	0	0	0
2020-07-08	0	0	0	0	0	0	0	0
2020-07-09	0	0	0	0	0	0	0	0
2020-07-10	0	0	0	0	0	0	0	0
2020-07-11	0	0	0	0	0	0	0	0
2020-07-12	0	0	0	0	0	0	0	0
2020-07-13	0	0	0	0	0	0	0	0
2020-07-14	0	0	0	0	0	0	0	0
2020-07-15	0	0	0	0	0	0	0	0
2020-07-16	0	0	0	0	0	0	0	0
2020-07-17	0	0	0	0	0	0	0	0
2020-07-18	0	0	0	0	0	0	0	0
2020-07-19	0	0	0	0	0	0	0	0
2020-07-20	0	0	0	0	0	0	0	0
2020-07-21	0	0	0	0	0	0	0	0
2020-07-22	0	0	0	0	0	0	0	0
2020-07-23	0	0	0	0	0	0	0	0
2020-07-24	0	0	0	0	0	0	0	0
2020-07-25	0	0	0	0	0	0	0	0
2020-07-26	0	0	0	0	0	0	0	0
2020-07-27	0	0	0	0	0	0	0	0
2020-07-28	0	0	0	0	0	0	0	0
2020-07-29	0	0	0	0	0	0	0	0
2020-07-30	0	0	0	0	0	0	0	0
2020-07-31	0	0	0	0	0	0	0	0
2020-08-01	0	0	0	0	0	0	0	0
2020-08-02	0	0	0	0	0	0	0	0
2020-08-03	0	0	0	0	0	0	0	0
2020-08-04	0	0	0	0	0	0	0	0
2020-08-05	0	0	0	0	0	0	0	0
2020-08-06	0	0	0	0	0	0	0	0
2020-08-07	0	0	0	0	0	0	0	0
2020-08-08	0	0	0	0	0	0	0	0
2020-08-09	0	0	0	0	0	0	0	0
2020-08-10	0	0	0	0	0	0	0	0
2020-08-11	0	0	0	0	0	0	0	0
2020-08-12	0	0	0	0	0	0	0	0
2020-08-13	0	0	0	0	0	0	0	0
2020-08-14	0	0	0	0	0	0	0	0
2020-08-15	0	0	0	0	0	0	0	0
2020-08-16	0	0	0	0	0	0	0	0
2020-08-17	0	0	0	0	0	0	0	0
2020-08-18	0	0	0	0	0	0	0	0
2020-08-19	0	0	0	0	0	0	0	0
2020-08-20	0	0	0	0	0	0	0	0
2020-08-21	0	0	0	0	0	0	0	0
2020-08-22	0	0	0	0	0	0	0	0
2020-08-23	0	0	0	0	0	0	0	0
2020-08-24	0	0	0	0	0	0	0	0
2020-08-25	0	0	0	0	0	0	0	0
2020-08-26	0	0	0	0	0	0	0	0
2020-08-27	0	0	0	0	0	0	0	0
2020-08-28	0	0	0	0	0	0	0	0
2020-08-29	0	0	0	0	0	0	0	0
2020-08-30	0	0	0	0	0	0	0	0
2020-08-31	0	0	0	0	0	0	0	0
2020-09-01	0	0	0	0	0	0	0	0
2020-09-02	0	0	0	0	0	0	0	0
2020-09-03	0	0	0	0	0	0	0	0
2020-09-04	0	0	0	0	0	0	0	0
2020-09-05	0	0	0	0	0	0	0	0
2020-09-06	0	0	0	0	0	0	0	0
2020-09-07	0	0	0	0	0	0	0	0
2020-09-08	0	0	0	0	0	0	0	0
2020-09-09	0	0	0	0	0	0	0	0
2020-09-10	0	0	0	0	0	0	0	0
2020-09-11	0	0	0	0	0	0	0	0
2020-09-12	0	0	0	0	0	0	0	0
2020-09-13	0	0	0	0	0	0	0	0
2020-09-14	0	0	0	0	0	0	0	0
2020-09-15	0	0	0	0	0	0	0	0
2020-09-16	0	0	0	0	0	0	0	0
2020-09-17	0	0	0	0	0	0	0	0
2020-09-18	0	0	0	0	0	0	0	0
2020-09-19	0	0	0	0	0	0	0	0
2020-09-20	0	0	0	0	0	0	0	0
2020-09-21	0	0	0	0	0	0	0	0
2020-09-22	0	0	0	0	0	0	0	0
2020-09-23	0	0	0	0	0	0	0	0
2020-09-24	0	0	0	0	0	0	0	0
2020-09-25	0	0	0	0	0	0	0	0
2020-09-26	0	0	0	0	0	0	0	0
2020-09-27	0	0	0	0	0	0	0	0
2020-09-28	0	0	0	0	0	0	0	0
2020-09-29	0	0	0	0	0	0	0	0
2020-09-30	0	0	0	0	0	0	0	0
2020-10-01	0	0	0	0	0	0	0	0
2020-10-02	0	0	0	0	0	0	0	0
2020-10-03	0	0	0	0	0	0	0	0
2020-10-04	0	0	0	0	0	0	0	0
2020-10-05	0	0	0	0	0	0	0	0
2020-10-06	0	0	0	0	0	0	0	0
2020-10-07	0	0	0	0	0	0	0	0
2020-10-08	0	0	0	0	0	0	0	0
2020-10-09	0	0	0	0	0	0	0	0
2020-10-10	0	0	0	0	0	0	0	0
2020-10-11	0	0	0	0	0	0	0	0
2020-10-12	0	0	0	0	0	0	0	0
2020-10-13	0	0	0	0	0	0	0	0
2020-10-14	0	0	0	0	0	0	0	0
2020-10-15	0	0	0	0	0	0	0	0
2020-10-16	0	0	0	0	0	0	0	0
2020-10-17	0	0	0	0	0	0	0	0
2020-10-18	0	0	0	0	0	0	0	0
2020-10-19	0	0	0	0	0	0	0	0
2020-10-20	0	0	0	0	0	0	0	0
2020-10-21	0	0	0	0	0	0	0	0
2020-10-22	0	0	0	0	0	0	0	0
2020-10-23	0	0	0	0	0	0	0	0
2020-10-24	0	0	0	0	0	0	0	0
2020-10-25	0	0	0	0	0	0	0	0
2020-10-26	0	0	0	0	0	0	0	0
2020-10-27	0	0	0	0	0	0	0	0
2020-10-28	0	0	0	0	0	0	0	0
2020-10-29	0	0	0	0	0	0	0	0
2020-10-30	0	0	0	0	0	0	0	0
2020-10-31	0	0	0	0	0	0	0	0
2020-11-01	0	0	0	0	0	0	0	0
2020-11-02	0	0	0	0	0	0	0	0
2020-11-03	0	0	0	0	0	0	0	0
2020-11-04	0	0	0	0	0	0	0	0
2020-11-05	0	0	0	0	0	0	0	0
2020-11-06	0	0	0	0	0	0	0	0
2020-11-07	0	0	0	0	0	0	0	0
2020-11-08	0	0	0	0	0	0	0	0
2020-11-09	0	0	0	0	0	0	0	0
2020-11-10	0	0	0	0	0	0	0	0
2020-11-11	0	0	0	0	0	0	0	0
2020-11-12	0	0	0	0	0	0	0	0
2020-11-13	0	0	0	0	0	0	0	0
2020-11-14	0	0	0	0	0	0	0	0
2020-11-15	0	0	0	0	0	0	0	0
2020-11-16	0	0	0	0	0	0	0	0
2020-11-17	0	0	0	0	0	0	0	0
2020-11-18	0	0	0	0	0	0	0	0
2020-11-19	0	0	0	0	0	0	0	0
2020-11-20	0	0	0	0	0	0	0	0
2020-11-21	0	0	0	0	0	0	0	0
2020-11-22	0	0	0	0	0	0	0	0
2020-11-23	0	0	0	0	0	0	0	0
2020-11-24	0	0	0	0	0	0	0	0
2020-11-25	0	0	0	0	0	0	0	0
2020-11-26	0	0	0	0	0	0	0	0
2020-11-27	0	0	0	0	0	0	0	0
2020-11-28	0	0	0	0	0	0	0	0
2020-11-29	0	0	0	0	0	0	0	0
2020-11-30	0	0	0	0	0	0	0	0
2020-12-01	0	0	0	0	0	0	0	0
2020-12-02	0	0	0	0	0	0	0	0
2020-12-03	0	0	0	0	0	0	0	0
2020-12-04	0	0	0	0	0	0	0	0
2020-12-05	0	0	0	0	0	0	0	0
2020-12-06	0	0	0	0	0	0	0	0
2020-12-07	0	0	0	0	0	0	0	0
2020-12-08	0	0	0	0	0	0	0	0
2020-12-09	0	0	0	0	0	0	0	0
2020-12-10	0	0	0	0	0	0	0	0
2020-12-11	0	0	0	0	0	0	0	0
2020-12-12	0	0	0	0	0	0	0	0
2020-12-13	0	0	0	0	0	0	0	0
2020-12-14	0	0	0	0	0	0	0	0
2020-12-15	0	0	0	0	0	0	0	0
2020-12-16	0	0	0	0	0	0	0	0
2020-12-17	0	0	0	0	0	0	0	0
2020-12-18	0	0	0	0	0	0	0	0
2020-12-19	0	0	0	0	0	0	0	0
2020-12-20	0	0	0	0	0	0	0	0
2020-12-21	0	0	0	0	0	0	0	0
2020-12-22	0	0	0	0	0	0	0	0
2020-12-23	0	0	0	0	0	0	0	0
2020-12-24	0	0	0	0	0	0	0	0
2020-12-25	0	0	0	0	0	0	0	0
2020-12-26	0	0	0	0	0	0	0	0
2020-12-27	0	0	0	0	0	0	0	0
2020-12-28	0	0	0	0	0	0	0	0
2020-12-29	0	0	0	0	0	0	0	0
2020-12-30	0	0	0	0	0	0	0	0
2020-12-31	0	0	0	0	0	0	0	0
2021-01-01	0	0	0	0	0	0	0	0
2021-01-02	0	0	0	0	0	0	0	0
2021-01-03	0	0	0	0	0	0	0	0
2021-01-04	0	0	0	0	0	0	0	0
2021-01-05	0	0	0	0	0	0	0	0
2021-01-06	0	0	0	0	0	0	0	0
2021-01-07	0	0	0	0	0	0	0	0
2021-01-08	0	0	0	0	0	0	0	0
2021-01-09	0	0	0	0	0	0	0	0
2021-01-10	0	0	0	0	0	0	0	0
2021-01-11	0	0	0	0	0	0	0	0
2021-01-12	0	0	0	0	0	0	0	0
2021-01-13	0	0	0	0	0	0	0	0
2021-01-14	0	0	0	0	0	0	0	0
2021-01-15	0	0	0	0	0	0	0	0
2021-01-16	0	0	0	0	0	0	0	0
2021-01-17	0	0	0	0	0	0	0	0
2021-01-18	0	0	0	0	0	0	0	0
2021-01-19	0	0	0	0.004016068309491638	0.0046615930709426046	0.005493155199302269	0.0037189565979733885	6.155178450331089e-4
2021-01-20	0	0	0	0.012152484559946775	0.012153851075959565	0.013111412415401924	0.0061386049647345065	9.474868444605544e-4
2021-01-21	0	0	0	0.00891866205143943	0.012321107492569316	0.0101487793234456	0.0071876294854014144	0.0022639068585106337
2021-01-22	0	0	0	0.0022954799376759816	0.001953875069544919	0.0019106268568696017	0.0010130857551668981	1.8399648772926547e-4
2021-01-23	0	0	0	0.007437734949310437	0.008934553362580422	0.00838041150795199	0.004107961450082076	0.0029287633812113967
2021-01-24	0	0	0	0.008344794098182229	0.009270419244990835	0.008626771126888588	0.0063118350074204965	0.0020908394804732833
2021-01-25	0	0	0	0.02554618412413734	0.025156635899246327	0.02339458622442292	0.012801818358029848	0.0028772207655110016
2021-01-26	0	0	0	0.015440790413876693	0.01847793970770062	0.019699607578080425	0.011832672997750704	0.040478335969288626
2021-01-27	0	0	0	0.015561165874699245	0.018212808844711992	0.018552432676213426	0.012886040204048044	0.08898616924733327
2021-01-28	0	0	0	0.018251186183450452	0.014069183018198261	0.016019251639819876	0.017453118846470383	0.08633359181127953
2021-01-29	0	0	0	0.010285445241429603	0.014416734378516871	0.017024402347325385	0.02117896990219781	0.06387579268836863
2021-01-30	0	0	0.2679491924311228	0.009769624100631313	0.011786208217004823	0.011923655276902423	0.018089595517698953	0.06018965679815147
2021-01-31	0	0	0	0.006941294114555685	0.007572530129783761	0.010059744274796056	0.01442804909027906	0.0351134519736378
2021-02-01	0	0	0	0.003059442350619168	0.003104145903151778	0.0036132853772647966	0.002737612862711236	0.008411581979635985
2021-02-02	0	0	0	0.0016640973930961422	0.0020749828741530862	0.0028271699486039914	0.002443624913170961	0.0031356652413288
2021-02-03	0	0	0	4.4073250276199794e-4	9.200426006539253e-4	0.0011000092499555691	7.161186599444758e-4	2.743412393926281e-4
2021-02-04	0	0	0	7.936035556554977e-5	4.753479349890455e-4	6.357933084464307e-4	2.850598131047821e-4	2.1334331898814618e-4
2021-02-05	0	0	0	9.937888812336926e-4	9.571553891654094e-4	0.0012502313511664198	6.43386260034351e-4	1.5224233957633615e-4
2021-02-06	0	0	0	2.5161980347432333e-4	2.9386395889985373e-4	4.817723074135305e-4	1.7703031678850678e-4	4.305551761096815e-5
2021-02-07	0	0	0	2.822984755828095e-4	3.926454524945111e-4	3.8390844499525123e-4	2.2104943285428114e-4	3.319078895480665e-5
2021-02-08	0	0	0	5.208401151945985e-5	1.980184020524689e-4	1.708598525178573e-4	2.6764625196129543e-5	8.356126593200841e-5
2021-02-09	0	0	0	5.3201137510972e-4	4.0776346597248825e-4	3.7486952607745927e-4	2.5625584688837577e-4	1.1701755691295723e-4
2021-02-10	0	0	0	1.7949293282715217e-4	2.513878715282303e-4	3.255773260035788e-4	2.7859033426702595e-4	4.879912419131216e-5
2021-02-11	0	0	0	4.138601773839845e-5	1.6536377104903188e-4	2.723212940352049e-4	1.6104032073127605e-4	4.991042861357542e-5
2021-02-12	0	0	0	1.536747476240663e-4	2.3760905968384094e-4	3.719749714898857e-4	3.102672626378311e-4	7.219588715501324e-5
2021-02-13	0	0	0	7.065265391226205e-5	1.3911591850712668e-4	1.430746749435663e-4	5.470609153346295e-5	3.715979838192496e-5
2021-02-14	0	0	0	3.327039683487243e-5	5.9705552132083284e-5	9.245910818411751e-5	6.825045644487382e-5	1.7962560635353952e-5
2021-02-15	0	0	0	0	7.113375897294105e-5	1.0890602720059483e-4	2.110517235065501e-5	3.48534673126899e-5
2021-02-16	0	0	0	6.202031166702149e-5	4.387332518018816e-5	1.283144070904907e-4	4.962594445134805e-5	2.7200059841359092e-5
2021-02-17	0	0	0	8.89646736548233e-5	9.06326613385744e-5	1.4121302001646185e-4	6.396944090059087e-5	2.8284366025976837e-5
2021-02-18	0	0	0	2.8263158267982647e-5	1.92459383496546e-4	2.5086607358271173e-4	1.0856063223685375e-4	4.0662456480156095e-5
2021-02-19	0	0	0	3.2409658290877275e-4	6.376912353993625e-4	6.330968909162848e-4	2.8957179722466364e-4	3.858311981153051e-5
2021-02-20	0	0	0	3.899319605793483e-4	4.1997843301100346e-4	5.95221792033751e-4	2.689252414929122e-4	5.629100719795055e-5
2021-02-21	0	0	0	2.001501130857175e-4	5.79479586825471e-4	6.119210239550199e-4	1.460788779195088e-4	3.578258228054132e-5
2021-02-22	0	0	0	7.315422742437683e-5	1.5435393895657512e-4	1.6435849537455027e-4	5.9826119670036704e-5	1.6137404621474616e-5
2021-02-23	0	0	0	1.1890959908256171e-4	1.9602496600934494e-4	2.5602822104842105e-4	9.696621799637484e-5	4.998937726519159e-5
2021-02-24	0	0	0	2.0805039499172118e-4	3.6693432795953385e-4	3.716167424772099e-4	9.891778829285158e-5	3.098273358270731e-5
2021-02-25	0	0	0	3.359518940591055e-4	4.941321878999538e-4	5.984801713851962e-4	8.596266704641309e-5	2.9311115509411678e-5
2021-02-26	0	0	0	3.251591946702437e-4	4.052722273550913e-4	3.552093701797432e-4	5.9740686472853355e-5	2.7694362499053327e-5
2021-02-27	0	0	0	1.4719101734184115e-4	8.037275099082031e-5	9.412500565031401e-5	2.9601242798493743e-5	1.1204094723327174e-5
2021-02-28	0	0	0	0	3.463068538711589e-5	3.772010953673188e-5	1.2224253938653007e-5	8.637419336654517e-6
2021-03-01	0	0	0	3.995804405776404e-5	1.6190295648543795e-4	1.0790411875039041e-4	2.3123080303388832e-5	1.9662469139536398e-5
2021-03-02	0	0	0	9.807623471602689e-5	2.468812939291354e-4	2.4104513934819494e-4	3.6315633701766714e-5	1.9554427917345407e-5
2021-03-03	0	0	0	4.6150296745461894e-4	3.8996557385195807e-4	5.361782309649676e-4	4.073444199326204e-5	5.2259795606302006e-5
2021-03-04	0	0	0	4.149964675657092e-4	4.4742504426986685e-4	3.4057491912653504e-4	6.825513294472785e-5	2.7795561231558352e-5
2021-03-05	0	0	0	3.317697172371403e-4	5.20549898791689e-4	5.668411998958067e-4	5.55998972973093e-5	7.212231947728576e-5
2021-03-06	0	0	0	1.0753940879015822e-4	2.0737207790721968e-4	1.631900490886018e-4	4.4627899677962546e-5	2.3916064181950247e-5
2021-03-07	0	0	0	8.66029557995418e-5	1.3051459120405617e-4	9.331644310783815e-5	1.2639388759394521e-5	2.026468660853986e-5
2021-03-08	0	0	0	3.414455095884783e-5	9.554941839740039e-5	1.1166952211305592e-4	2.2047083998222305e-5	1.3098368449648845e-5
2021-03-09	0	0	0	1.6803474988269507e-4	2.278652021967531e-4	3.7584475052687694e-4	4.505164044865673e-5	2.852697403832316e-5
2021-03-10	0	0	0	4.7677176873350824e-4	8.067455576852289e-4	8.791927991251836e-4	7.890459836756847e-5	8.660517505565402e-5
2021-03-11	0	0	0	5.42979209112282e-4	9.725479181161845e-4	9.268627436029853e-4	7.399903196336766e-5	5.921823638721513e-5
2021-03-12	0	0	0	6.176080189257416e-4	0.001068512637096397	9.790210376836583e-4	6.574361554467778e-5	6.73954240473229e-5
2021-03-13	0	0	0	5.247120732849719e-4	0.0010999031180525254	8.446601855394142e-4	6.368000375189808e-5	4.132064317796669e-5
2021-03-14	0	0	0	8.855885423819654e-4	0.0011718105789499944	0.0011169661444934142	6.591949191459001e-5	4.6006611392090946e-5
2021-03-15	0	0	0	6.278538967496861e-4	7.698888223672817e-4	6.238847212858278e-4	6.0401660642916966e-5	1.6039324675864997e-4
2021-03-16	0	0	0	7.725560303550871e-4	0.0017348113506101548	0.0012876467252140866	1.1185890871745485e-4	3.6897683216130517e-4
2021-03-17	0	0	0	0.0013464397379352455	0.002373788310056746	0.001627584411455274	1.4306560270926916e-4	5.784649182183355e-4
2021-03-18	0	0	0	0.0014550747651884688	0.002869342786792739	0.002229969113714203	2.215982191122734e-4	6.771228362378867e-4
2021-03-19	0	0	0	0.001700774899519919	0.0028881147134141028	0.0021332303251517803	3.7792215596987866e-4	6.532376485024471e-4
2021-03-20	0	0	0	0.0014471444137447165	0.00266054733924026	0.0018842315297264989	3.6542045678022994e-4	8.223701489669111e-4
2021-03-21	0	0	0	7.614952458614432e-4	0.0015167250956078515	0.0010900096533408288	1.2422721168969808e-4	5.14126879594512e-4
2021-03-22	0	0	0	0.001181938537489824	0.0016299968993844782	0.0010299547649490481	8.501438872365874e-5	3.895097186368268e-4
2021-03-23	0	0	0	0.0017251642389086719	0.0027350250608695337	0.0018007071186196821	2.0071182849834557e-4	0.003508166187867978
2021-03-24	0	0	0	0.0023069426145263527	0.0034341704561031694	0.002434390456800717	3.7288117328992954e-4	0.009027704157360317
2021-03-25	0	0	0	0.0025108934427602314	0.0029461801519894415	0.001980625829865801	4.3382049098239506e-4	0.008508446669203806
2021-03-26	0	0	0	0.0020490642297135153	0.0027339478173644682	0.0019185996507966596	4.080347140018592e-4	0.004443218708429786
2021-03-27	0	0	0	0.0012612424491220686	0.0016019868895571499	0.0010345036288437193	2.068596752144991e-4	0.003718208540317791
2021-03-28	0	0	0	6.191950612794983e-4	8.377562803383309e-4	5.110793209164299e-4	7.59874107885139e-5	0.001721990655113359
2021-03-29	0	0	0	0.001565182144126931	0.002046790976264923	0.0013625454409438298	1.9130593461946788e-4	0.0015612922887631164
2021-03-30	0	0	0	0.0022283917269962927	0.0034111445424531706	0.002108469455124551	2.8863618323060614e-4	0.003903345730060348
2021-03-31	0	0	0	0.0018214983003901342	0.003330009619104901	0.0020809993108077407	3.2569948731331344e-4	0.005025746156075872
2021-04-01	0	0	0	0.0022023355162055225	0.0029891551446150633	0.0019102882137818078	4.167608683205426e-4	0.0038530328014190207
2021-04-02	0	0	0	0.0022912689876872783	0.0035632247710402076	0.0019499110926883834	6.003750268233077e-4	0.005738484609027816
2021-04-03	0	0	0	0.002289888813369778	0.002392241675069018	0.0012256612955869883	4.231454727716688e-4	0.00320917846393054
2021-04-04	0	0	0	9.31880470990798e-4	0.0011222106936179532	5.68107736890866e-4	9.21187057809636e-5	3.641672990055689e-4
2021-04-05	0	0	0	0.001330495669874976	0.001930515779952735	0.0010430736563855625	2.5751764359616125e-4	0.0011213379875163465
2021-04-06	0	0	0	0.002253039211752128	0.003155472662359271	0.0018091998338394255	3.6295643476513817e-4	0.004685921478290389
2021-04-07	0	0	0	0.0038868477161075887	0.004634884269231643	0.0025573883810146025	9.629807793472001e-4	0.012706318673120887
2021-04-08	0	0	0	0.004326028411908878	0.005439764616711251	0.002933319869292017	0.0010999898899692884	0.009329062224982643
2021-04-09	0	0	0	0.0040128223163988785	0.00456608761761812	0.0025277665693888007	0.0020337172803031045	0.010413765398468167
2021-04-10	0	0	0	0.0038792985145799097	0.004789459225331472	0.002610048262721376	0.0016135130405325881	0.0070572384335232385
2021-04-11	0	0	0	0.001730758733971216	0.0018834361266262256	7.32169636808333e-4	2.5941994299594207e-4	0.001491977925986765
2021-04-12	0	0	0	0.003076842472956809	0.0035573051356028174	0.0015202812852357361	6.695471738724645e-4	0.0034842117953302054
2021-04-13	0	0	0	0.00420744031882303	0.0051708428718129085	0.0024885314297808936	0.001828205414245332	0.008905874372186373
2021-04-14	0	0	0	0.006018518301992737	0.007068879953495921	0.0037368164820736904	0.003444541265889889	0.029580886213084856
2021-04-15	0	0	0	0.006435158927455609	0.007958492590125488	0.004044369270126191	0.003140268230166665	0.03325575932059088
2021-04-16	0	0	0	0.009376557800938823	0.009934424786432583	0.00478082031575533	0.0042666031448515	0.0335885926225854
2021-04-17	0	0	0	0.008891719078502947	0.009949354738349347	0.004925457396677713	0.004109629992366859	0.036971303042054204
2021-04-18	0	0	0	0.005058251873921282	0.005272412286677408	0.002362314790054665	0.001320845157398054	0.011204435864387019
2021-04-19	0	0	0	0.005982081108076853	0.006890838625661644	0.0030764010023123234	0.0017881520643001636	0.01148841480693763
2021-04-20	0	0	0	0.007839422600353751	0.008598796068318482	0.004032825061678791	0.0037530627447039944	0.032059783568970435
2021-04-21	0	0	0	0.008471106091475944	0.009675547357276049	0.0048491513876189885	0.008268494920130598	0.06322345502012783
2021-04-22	0	0	0	0.00967179700288967	0.010863254820488777	0.0054833695314358	0.007925295737293059	0.07469235805347352
2021-04-23	0	0	0	0.00694743982617374	0.007118508205754326	0.003318844486483341	0.003669434843485142	0.04438979882557881
2021-04-24	0	0	0	0.00555992284842266	0.005726283442748281	0.0024626834989931456	0.00218576132239634	0.025374179644731987
2021-04-25	0	0	0	0.0030800152189278673	0.003577121754409829	0.001539131399850735	6.306106612292695e-4	0.008836541733205694
2021-04-26	0	0	0	0.004026288632122954	0.004487489527163824	0.0019265905958361085	9.57219531035225e-4	0.006995367349883708
2021-04-27	0	0	0	0.0074491153820606115	0.007366225347659405	0.003327999433562434	0.004360616510949322	0.024734661493411858
2021-04-28	0	0	0	0.01027456548299388	0.009881303184088752	0.004887568171941803	0.010581622890727616	0.07114582182535178
2021-04-29	0	0	0.020942985493680455	0.011336258120356435	0.010619953029237461	0.005482267997843682	0.012780207793794629	0.08091220688667344
2021-04-30	0	0	0	0.012221577190107524	0.010819325367773969	0.005772377698481934	0.014172205824936945	0.09762100976264976
2021-05-01	0	0	0	0.011801710497596929	0.009784025003282126	0.005473110730090269	0.020537955120951468	0.107184655843519
2021-05-02	0	0	0	0.006266660095848753	0.005875666836312021	0.0027088855060979355	0.0062658357943596865	0.048693869828463576
2021-05-03	0	0	0	0.008377270415783622	0.007108512166906333	0.0034324958397209393	0.007307832927715419	0.04593615209654489
2021-05-04	0	0	0.021390989351034895	0.010737653477907338	0.009589228054477594	0.004917310649997564	0.013759317497499035	0.05209174326619315
2021-05-05	0	0	0.04396141231269701	0.011464908969790688	0.009942424481428125	0.005331490790054572	0.01819800708604591	0.07007874788015145
2021-05-06	0	0	0	0.013470096665820996	0.010695585514867378	0.0062238422766616175	0.026726638287277726	0.1106690160353403
2021-05-07	0	0	0.022857893551677666	0.011034137254375409	0.009640675278808963	0.005808097508547938	0.03318776730762818	0.15255813235660454
2021-05-08	0	0	0	0.010316591849996337	0.008445313010278399	0.0050362725077799375	0.03377980975860573	0.143659095154258
2021-05-09	0	0	0	0.006357495851071704	0.005862035214215355	0.0031093497879497445	0.020487330079092425	0.07644015285070327
2021-05-10	0	0	0	0.006656745502135575	0.0057643416402657355	0.0030760502411584234	0.01908642584455289	0.07335138166545807
2021-05-11	0	0	0	0.0073638853570665574	0.007446864449601964	0.004701605719722224	0.033473684666155634	0.10299233987650935
2021-05-12	0	0	0	0.008972705509898926	0.00845642579935002	0.005168773165300733	0.04603805313862863	0.10641227380480522
2021-05-13	0	0	0.04494956018464258	0.010217084408435273	0.009577688319739375	0.00641937419903571	0.056006168841089776	0.11336066503855857
2021-05-14	0	0	0	0.010454141863881494	0.00985053674171854	0.007291488079077535	0.06594277058398235	0.1133776074031041
2021-05-15	0	0	0	0.012627852345993062	0.010765203206495766	0.008446791043567714	0.08448790165197106	0.14639241933331482
2021-05-16	0	0	0	0.007088993501760843	0.006414125160380424	0.0045158893713082016	0.05107884742076907	0.08490308144117464
2021-05-17	0	0	0	0.0070960954022669664	0.006543457185357093	0.004835780702447945	0.059758778717997174	0.07594769408574709
2021-05-18	0	0	0	0.007315815725717378	0.007208324720913817	0.005420024784575039	0.0711191772859674	0.07946985823200992
2021-05-19	0	0	0	0.009287450785385731	0.008684942601381529	0.008720589417166469	0.08984705780694768	0.09966258407025119
2021-05-20	0	0	0	0.011078415293854116	0.010502569949479179	0.010374925185606898	0.10852136080099117	0.09759510901202506
2021-05-21	0	0	0	0.011122890968646049	0.010203214299498553	0.009361515311377744	0.09860327472818287	0.08185433386429164
2021-05-22	0	0	0.022857893551677666	0.012614752211274949	0.01047022030635869	0.008918252363080637	0.1077451715677562	0.06442183245484845
2021-05-23	0	0	0	0.007067969688447695	0.00552641028517864	0.004332737838870893	0.06879632616279308	0.029506892693712317
2021-05-24	0	0	0	0.004536207519554525	0.003765077361126634	0.002690012533521191	0.05701935723708629	0.022635856800269583
2021-05-25	0	0	0	0.006833265625386442	0.006415626231210059	0.005825490565229741	0.08916622402814123	0.0454181601600292
2021-05-26	0	0	0	0.011975101767322638	0.010809447034916042	0.012855995599583725	0.12996230524991015	0.06855170168764801
2021-05-27	0	0	0.022857893551677666	0.017463535387370666	0.014758381192590653	0.02036122504116955	0.1471202900280466	0.07235474260257568
2021-05-28	0	0	0	0.020484269825964407	0.017861705259167637	0.021095074146003867	0.12477150381823776	0.06258584525079702
2021-05-29	0	0	0	0.02377950260555961	0.018733034102781376	0.020996055658269785	0.1370297181150093	0.05219161198231381
2021-05-30	0	0	0	0.011226605142274027	0.009668202534773851	0.009327319650799026	0.061134736371232457	0.02254728807137263
2021-05-31	0	0	0	0.011723933776090822	0.009993365485398309	0.010041608078195319	0.07381084931615689	0.03482255262788869
2021-06-01	0	0	0	0.022360747297402783	0.017619765412423938	0.02053496104474939	0.09327081030774731	0.04667579680597567
2021-06-02	0	0	0.047065416258882165	0.03391563216389315	0.0242181215874524	0.02984404173717392	0.11489306229192797	0.05855582262699177
2021-06-03	0	0	0.07456055063506817	0.035922619652480225	0.024169438600945448	0.030332582074175773	0.10647170039804221	0.05534601434205322
2021-06-04	0	0	0	0.03218097835493583	0.021113534651815202	0.02692343745243564	0.09139328940432079	0.048321608175594166
2021-06-05	0	0	0.05195693197717133	0.02598195703237649	0.020268289246482274	0.024083619950987956	0.08748775312792523	0.033981880415973054
2021-06-06	0	0	0	0.01389576856803676	0.010446358534669908	0.014845773602942147	0.041433661698552005	0.015537155434856231
2021-06-07	0	0	0	0.012750136005161838	0.010490948937822209	0.017228564434274007	0.05241726749806386	0.023730820568597544
2021-06-08	0	0	0	0.016686008090268878	0.013620169764134937	0.024587160112034656	0.07143329361308615	0.036688927753442346
2021-06-09	0	0	0	0.02234530789195155	0.01452731764415316	0.02646331749508124	0.0657766512030149	0.03945873801028843
2021-06-10	0	0	0.027212152335712503	0.025729886607765762	0.017849481724688143	0.03697111934620656	0.07629116975131667	0.0421005781141901
2021-06-11	0	0	0.054804949681450665	0.023778753938452413	0.016260285316725964	0.036287040780098145	0.06735913316122111	0.03720113065413244
2021-06-12	0	0	0	0.033674273274100885	0.022301131220082704	0.05440290052966157	0.09333709624637931	0.03561058728852262
2021-06-13	0	0	0	0.012455259390284912	0.007902197910500508	0.029624180130751965	0.030685523733016362	0.013457212239059047
2021-06-14	0	0	0	0.014734178984132873	0.010229322632825832	0.03512090768126086	0.041262554053565825	0.025270282768160124
2021-06-15	0	0	0	0.019865769734854544	0.012647954090696745	0.040575359461090255	0.054772750766964196	0.03704071836812295
2021-06-16	0	0	0	0.02343534646103751	0.013315585490425663	0.04653118286028346	0.06321839453662381	0.04282786510775938
2021-06-17	0	0	0	0.023675171308430887	0.01332095048747517	0.050304440865396316	0.061546377525843354	0.040607459695343406
2021-06-18	0	0	0.02797340563346129	0.02517915486944511	0.013974947565429163	0.05405953632507576	0.05717979701658216	0.035685394308908824
2021-06-19	0	0	0	0.02324930250794499	0.012958758644307844	0.05613797290447353	0.05125976053165893	0.02160693865926211
2021-06-20	0	0	0	0.01071003442838836	0.00662894231072686	0.03196455573864654	0.028712868608638864	0.011348886932145197
2021-06-21	0	0	0	0.009451009463505855	0.005412467409477539	0.027213644195156705	0.01881086427319345	0.009154198491713172
2021-06-22	0	0	0	0.017195293302260772	0.010068736948217305	0.045307769486651495	0.03808201591305549	0.018490004160606643
2021-06-23	0	0	0	0.0202829047393005	0.012027351028260691	0.05295864167791087	0.04116906458459968	0.024571417127538187
2021-06-24	0	0	0.02797340563346129	0.019873663481669857	0.010777773752550068	0.057147886885910326	0.041222710609022606	0.02695549613900261
2021-06-25	0	0	0	0.01948913837411781	0.012892385344522639	0.06179566795254887	0.03999760507869943	0.02670399080818564
2021-06-26	0	0	0	0.031890488506644	0.02103343059130669	0.09796969012740342	0.06918133698756801	0.026484148706442223
2021-06-27	0	0	0	0.016396108972366985	0.00989810497392285	0.06202405020428081	0.02151344449536552	0.013109522674875862
2021-06-28	0	0	0	0.017603515915268986	0.011292178309358913	0.0573265744026481	0.029294685879907245	0.017355857219482518
2021-06-29	0	0	0	0.018985173590143622	0.012564858577231552	0.051419724138820566	0.037983128086154894	0.026877079074788313
2021-06-30	0	0	0	0.019907709361323356	0.011709355595824755	0.053656298018490034	0.04063739615774864	0.03131619549820175
2021-07-01	0	0	0.027212152335712503	0.02241188926420512	0.013304289339177933	0.05714221554045906	0.0409570815925655	0.03286756740722918
2021-07-02	0	0	0.02797340563346129	0.020173487413450486	0.01315625030129497	0.06005989610043727	0.03333457268359763	0.02347642318048182
2021-07-03	0	0	0	0.030460529747389442	0.017041353779643442	0.0899306578751975	0.04110631538654097	0.025430200159028304
2021-07-04	0	0	0.02797340563346129	0.01596318238793515	0.0094281596637118	0.05051990290162034	0.02118338041120449	0.015710165137303056
2021-07-05	0	0	0	0.013900410173721234	0.008184318118833245	0.03825028818091214	0.02216741070801609	0.01769661560696334
2021-07-06	0	0	0	0.014811799311676754	0.008876894626641318	0.0374359303110785	0.025012822308960514	0.022383582758040754
2021-07-07	0	0	0.027212152335712503	0.01580819686295243	0.009743697478624025	0.039632304081579806	0.028532416214838152	0.019982184612908904
2021-07-08	0	0	0	0.013241141408198542	0.009815577764365147	0.03507123360509512	0.023889512646661837	0.02286370058836762
2021-07-09	0	0	0	0.010060345645956259	0.009058800176351633	0.03406514083522416	0.02225548158835622	0.020022943174332397
2021-07-10	0	0	0	0.014097585675561852	0.013606295109656275	0.04695814021752942	0.026348266075205906	0.02097791308404573
2021-07-11	0	0	0	0.0055726475374271445	0.003932777111728791	0.017956826875911158	0.00855659186247193	0.010868193229758294
2021-07-12	0	0	0	0.003702759408415357	0.004628005692586257	0.018447917972857386	0.010081091808641363	0.009520014536859689
2021-07-13	0	0	0	0.003652844175313863	0.005569460051143782	0.02901628372873377	0.017359015221978247	0.013416886113922555
2021-07-14	0	0	0	0.003989958084856582	0.007809828668053687	0.024804423679777532	0.017670448887363355	0.013929788289258616
2021-07-15	0	0	0	0.005003435207408868	0.010098942438567349	0.03207779924846976	0.019351381044235394	0.01844467881604528
2021-07-16	0.3456596162629777	2	0.6031394084608437	0.028854065195502487	0	0	0.4769666656113756	0.5229482192846442
2021-07-17	0	0	0.09683485916363299	0.00490167574153233	0	0.0017629915510442018	0.017478795716156625	0.02331585229702915
2021-07-18	0	0	0	0.005354250492154877	0	0.023055370348661786	0.01738595408157062	0.022449780904280958
2021-07-19	0	0	0	0.002171411050779115	0	0.007113001490985482	0.007855770406188567	0.010997514287696353
2021-07-20	0	0	0	6.798578247873e-4	0	0.0031110064584121133	0.0026700910493444585	0.005825608588099218
2021-07-21	0	0	0	0.0017889246069626719	0	0.012268756704898909	0.014354870174140943	0.02113932796307494
2021-07-22	0	0	0	0.0019218993465730527	0	0.01570966637348059	0.021516723662582393	0.03923429074139295
2021-07-23	0	0	0	0.0010661228226562791	0	0.014889040433762046	0.023608510486654355	0.03627929951675335
2021-07-24	0	0	0	0.001081015297126564	7.474260566329161e-4	0.02006958704462014	0.028053423317697	0.05083760927979508
2021-07-25	0	0	0	0.0014362256518785088	0.004724477748428546	0.02821244912107468	0.033772046421290725	0.03554506494788878
2021-07-26	0	0	0	5.418691085259386e-4	0.003212131390812445	0.013079774608011352	0.012479347433451027	0.01900805642467618
2021-07-27	0.054974031061874706	0	0	4.679347063798467e-4	0.001352147295156536	0.009562206356430014	0.018094568207197792	0.02481765614416731
2021-07-28	0	0	0	4.0176405602521115e-4	0.0019137415139884872	0.009249534120809644	0.017218345163415583	0.02777912686895201
2021-07-29	0	0	0	5.799567453335097e-4	0.0022631112611444237	0.031269266307709875	0.021461822374400086	0.048580561473494654
2021-07-30	0	0	0	4.651855644648428e-4	0.001535044052713097	0.05048312129322374	0.024833219940912477	0.04393933375716874
2021-07-31	0	0	0	7.695476125504364e-4	0.002131909795404452	0.06808297170797362	0.02455974090523405	0.036681132338329814
2021-08-01	0	0	0.05013830245244	9.187048394561081e-4	0.0030657022714966065	0.08264372262899711	0.02279164098882247	0.035882228406439065
2021-08-02	0	0	0	5.272331928840579e-4	0.0034900493802161314	0.049449194842708044	0.011020848625456381	0.01739407420858341
2021-08-03	0	0	0	2.0059948199890876e-4	0.001085592135556368	0.04377130256722084	0.014826606338851356	0.02517262791990582
2021-08-04	0	0	0	2.5900633051767485e-4	0.0015955071561122303	0.03960526835737399	0.021991609232222986	0.02996204029409233
2021-08-05	0	0	0	3.068021059036141e-4	0.0019160915810829682	0.039353287467660314	0.019217628140632215	0.03363621410952078
2021-08-06	0	0	0	7.025164186345023e-4	0.0036885765551291083	0.0441226365459082	0.0216222568418194	0.024080308805766837
2021-08-07	0	0	0	8.8654124243015e-4	0.0044531511109418	0.056931392131446934	0.025362276468379852	0.031134052044398786
2021-08-08	0	0	0	8.003647316154883e-4	0.005664620628716532	0.06829972905230619	0.02465215768178952	0.02613194207699676
2021-08-09	0	0	0	3.362292479909268e-4	0.001944475926851208	0.031180125530036573	0.014536649810409807	0.011843433802584125
2021-08-10	0	0	0	4.5658805708126415e-4	0.00267647384120262	0.02854430185928858	0.016642097891832908	0.017144153080713487
2021-08-11	0.044840502608227695	0	0	4.8726564195100686e-4	0.0055852180470157275	0.03710440615384081	0.024956984630557955	0.029392781398719814
2021-08-12	0	0	0.02070722724318852	3.939562198520541e-4	0.00684435271456052	0.030497418166654855	0.025760950661703363	0.03137308006048167
2021-08-13	0	0	0	3.701142246879119e-4	0.008295449561007029	0.03398215952729733	0.031875222102198286	0.03953401373328713
2021-08-14	0.04514995665831023	0	0	0.0010787491206072364	0.007893989570316284	0.04099827698374292	0.026786147051500064	0.0266962352728759
2021-08-15	0	0	0	3.7443341107268324e-4	0.009969565849544892	0.05440431686907776	0.021234486593597612	0.01426325648936344
2021-08-16	0	0	0	1.3995189891757853e-4	0.00734809381214796	0.029252835146463596	0.01273318992306316	0.0072216885769320616
2021-08-17	0	0	0	4.360385400858924e-5	0.00535500127072619	0.0251021541514036	0.008834941043053712	0.010110265946626784
2021-08-18	0	0	0	1.1685232186886552e-4	0.007388597390674878	0.029587772497221332	0.01618555979015457	0.016366887249970707
2021-08-19	0	0	0.018612828090061484	3.447776482263798e-4	0.01059996875252378	0.033159225476708354	0.030936058421066503	0.02627029515070789
2021-08-20	0	0	0	6.511301583413953e-4	0.008805487018449965	0.03226134217710808	0.02975307748224254	0.03259223291391811
2021-08-21	0	0	0	7.287594133489339e-4	0.009302330371325773	0.03793357876186798	0.027821131466648774	0.028778478781675387
2021-08-22	0	0	0	4.0170171418685285e-4	0.011202184667377324	0.047484943932520673	0.030498130030786275	0.023669472749768827
2021-08-23	0.041884308009349835	0	0	3.000393136232127e-4	0.005916747041946779	0.025368754786618375	0.010430596362721367	0.008358522759507991
2021-08-24	0	0	0	2.903557488040942e-4	0.0051247643543814725	0.027308481587829947	0.019619942898773557	0.02019542170842059
