2020-02-17	0	0	0	0	0	0	0	0
2020-02-18	0	0	0	0	0	0	0	0
2020-02-19	0	0	0	0	0	0	0	0
2020-02-20	0	0	0	0	0	0	0	0
2020-02-21	0	0	0	0	0	0	0	0
2020-02-22	0	0	0	0	0	0	0	0
2020-02-23	0	0	0	0	0	0	0	0
2020-02-24	0	0	0	0	0	0	0	0
2020-02-25	0	0	0	0	0	0	0	0
2020-02-26	0	0	0	0	0	0	0	0
2020-02-27	0	0	0	0	0	0	0	0
2020-02-28	0	0	0	0	0	0	0	0
2020-02-29	0	0	0	0	0	0	0	0
2020-03-01	0	0	0	0	0	0	0	0
2020-03-02	0	0	0	0	0	0	0	0
2020-03-03	0	0	0	0	0	0	0	0
2020-03-04	0	0	0	0	0	0	0	0
2020-03-05	0	0	0	0	0	0	0	0
2020-03-06	0	0	0	0	0	0	0	0
2020-03-07	0	0	0	0	0	0	0	0
2020-03-08	0	0	0	0	0	0	0	0
2020-03-09	0	0	0	0	0	0	0	0
2020-03-10	0	0	0	0	0	0	0	0
2020-03-11	0	0	0	0	0	0	0	0
2020-03-12	0	0	0	0	0	0	0	0
2020-03-13	0	0	0	0	0	0	0	0
2020-03-14	0	0	0	0	0	0	0	0
2020-03-15	0	0	0	0	0	0	0	0
2020-03-16	0	0	0	0	0	0	0	0
2020-03-17	0	0	0	0	0	0	0	0
2020-03-18	0	0	0	0	0	0	0	0
2020-03-19	0	0	0	0	0	0	0	0
2020-03-20	0	0	0	0	0	0	0	0
2020-03-21	0	0	0	0	0	0	0	0
2020-03-22	0	0	0	0	0	0	0	0
2020-03-23	0	0	0	0	0	0	0	0
2020-03-24	0	0	0	0	0	0	0	0
2020-03-25	0	0	0	0	0	0	0	0
2020-03-26	0	0	0	0	0	0	0	0
2020-03-27	0	0	0	0	0	0	0	0
2020-03-28	0	0	0	0	0	0	0	0
2020-03-29	0	0	0	0	0	0	0	0
2020-03-30	0	0	0	0	0	0	0	0
2020-03-31	0	0	0	0	0	0	0	0
2020-04-01	0	0	0	0	0	0	0	0
2020-04-02	0	0	0	0	0	0	0	0
2020-04-03	0	0	0	0	0	0	0	0
2020-04-04	0	0	0	0	0	0	0	0
2020-04-05	0	0	0	0	0	0	0	0
2020-04-06	0	0	0	0	0	0	0	0
2020-04-07	0	0	0	0	0	0	0	0
2020-04-08	0	0	0	0	0	0	0	0
2020-04-09	0	0	0	0	0	0	0	0
2020-04-10	0	0	0	0	0	0	0	0
2020-04-11	0	0	0	0	0	0	0	0
2020-04-12	0	0	0	0	0	0	0	0
2020-04-13	0	0	0	0	0	0	0	0
2020-04-14	0	0	0	0	0	0	0	0
2020-04-15	0	0	0	0	0	0	0	0
2020-04-16	0	0	0	0	0	0	0	0
2020-04-17	0	0	0	0	0	0	0	0
2020-04-18	0	0	0	0	0	0	0	0
2020-04-19	0	0	0	0	0	0	0	0
2020-04-20	0	0	0	0	0	0	0	0
2020-04-21	0	0	0	0	0	0	0	0
2020-04-22	0	0	0	0	0	0	0	0
2020-04-23	0	0	0	0	0	0	0	0
2020-04-24	0	0	0	0	0	0	0	0
2020-04-25	0	0	0	0	0	0	0	0
2020-04-26	0	0	0	0	0	0	0	0
2020-04-27	0	0	0	0	0	0	0	0
2020-04-28	0	0	0	0	0	0	0	0
2020-04-29	0	0	0	0	0	0	0	0
2020-04-30	0	0	0	0	0	0	0	0
2020-05-01	0	0	0	0	0	0	0	0
2020-05-02	0	0	0	0	0	0	0	0
2020-05-03	0	0	0	0	0	0	0	0
2020-05-04	0	0	0	0	0	0	0	0
2020-05-05	0	0	0	0	0	0	0	0
2020-05-06	0	0	0	0	0	0	0	0
2020-05-07	0	0	0	0	0	0	0	0
2020-05-08	0	0	0	0	0	0	0	0
2020-05-09	0	0	0	0	0	0	0	0
2020-05-10	0	0	0	0	0	0	0	0
2020-05-11	0	0	0	0	0	0	0	0
2020-05-12	0	0	0	0	0	0	0	0
2020-05-13	0	0	0	0	0	0	0	0
2020-05-14	0	0	0	0	0	0	0	0
2020-05-15	0	0	0	0	0	0	0	0
2020-05-16	0	0	0	0	0	0	0	0
2020-05-17	0	0	0	0	0	0	0	0
2020-05-18	0	0	0	0	0	0	0	0
2020-05-19	0	0	0	0	0	0	0	0
2020-05-20	0	0	0	0	0	0	0	0
2020-05-21	0	0	0	0	0	0	0	0
2020-05-22	0	0	0	0	0	0	0	0
2020-05-23	0	0	0	0	0	0	0	0
2020-05-24	0	0	0	0	0	0	0	0
2020-05-25	0	0	0	0	0	0	0	0
2020-05-26	0	0	0	0	0	0	0	0
2020-05-27	0	0	0	0	0	0	0	0
2020-05-28	0	0	0	0	0	0	0	0
2020-05-29	0	0	0	0	0	0	0	0
2020-05-30	0	0	0	0	0	0	0	0
2020-05-31	0	0	0	0	0	0	0	0
2020-06-01	0	0	0	0	0	0	0	0
2020-06-02	0	0	0	0	0	0	0	0
2020-06-03	0	0	0	0	0	0	0	0
2020-06-04	0	0	0	0	0	0	0	0
2020-06-05	0	0	0	0	0	0	0	0
2020-06-06	0	0	0	0	0	0	0	0
2020-06-07	0	0	0	0	0	0	0	0
2020-06-08	0	0	0	0	0	0	0	0
2020-06-09	0	0	0	0	0	0	0	0
2020-06-10	0	0	0	0	0	0	0	0
2020-06-11	0	0	0	0	0	0	0	0
2020-06-12	0	0	0	0	0	0	0	0
2020-06-13	0	0	0	0	0	0	0	0
2020-06-14	0	0	0	0	0	0	0	0
2020-06-15	0	0	0	0	0	0	0	0
2020-06-16	0	0	0	0	0	0	0	0
2020-06-17	0	0	0	0	0	0	0	0
2020-06-18	0	0	0	0	0	0	0	0
2020-06-19	0	0	0	0	0	0	0	0
2020-06-20	0	0	0	0	0	0	0	0
2020-06-21	0	0	0	0	0	0	0	0
2020-06-22	0	0	0	0	0	0	0	0
2020-06-23	0	0	0	0	0	0	0	0
2020-06-24	0	0	0	0	0	0	0	0
2020-06-25	0	0	0	0	0	0	0	0
2020-06-26	0	0	0	0	0	0	0	0
2020-06-27	0	0	0	0	0	0	0	0
2020-06-28	0	0	0	0	0	0	0	0
2020-06-29	0	0	0	0	0	0	0	0
2020-06-30	0	0	0	0	0	0	0	0
2020-07-01	0	0	0	0	0	0	0	0
2020-07-02	0	0	0	0	0	0	0	0
2020-07-03	0	0	0	0	0	0	0	0
2020-07-04	0	0	0	0	0	0	0	0
2020-07-05	0	0	0	0	0	0	0	0
2020-07-06	0	0	0	0	0	0	0	0
2020-07-07	0	0	0	0	0	0	0	0
2020-07-08	0	0	0	0	0	0	0	0
2020-07-09	0	0	0	0	0	0	0	0
2020-07-10	0	0	0	0	0	0	0	0
2020-07-11	0	0	0	0	0	0	0	0
2020-07-12	0	0	0	0	0	0	0	0
2020-07-13	0	0	0	0	0	0	0	0
2020-07-14	0	0	0	0	0	0	0	0
2020-07-15	0	0	0	0	0	0	0	0
2020-07-16	0	0	0	0	0	0	0	0
2020-07-17	0	0	0	0	0	0	0	0
2020-07-18	0	0	0	0	0	0	0	0
2020-07-19	0	0	0	0	0	0	0	0
2020-07-20	0	0	0	0	0	0	0	0
2020-07-21	0	0	0	0	0	0	0	0
2020-07-22	0	0	0	0	0	0	0	0
2020-07-23	0	0	0	0	0	0	0	0
2020-07-24	0	0	0	0	0	0	0	0
2020-07-25	0	0	0	0	0	0	0	0
2020-07-26	0	0	0	0	0	0	0	0
2020-07-27	0	0	0	0	0	0	0	0
2020-07-28	0	0	0	0	0	0	0	0
2020-07-29	0	0	0	0	0	0	0	0
2020-07-30	0	0	0	0	0	0	0	0
2020-07-31	0	0	0	0	0	0	0	0
2020-08-01	0	0	0	0	0	0	0	0
2020-08-02	0	0	0	0	0	0	0	0
2020-08-03	0	0	0	0	0	0	0	0
2020-08-04	0	0	0	0	0	0	0	0
2020-08-05	0	0	0	0	0	0	0	0
2020-08-06	0	0	0	0	0	0	0	0
2020-08-07	0	0	0	0	0	0	0	0
2020-08-08	0	0	0	0	0	0	0	0
2020-08-09	0	0	0	0	0	0	0	0
2020-08-10	0	0	0	0	0	0	0	0
2020-08-11	0	0	0	0	0	0	0	0
2020-08-12	0	0	0	0	0	0	0	0
2020-08-13	0	0	0	0	0	0	0	0
2020-08-14	0	0	0	0	0	0	0	0
2020-08-15	0	0	0	0	0	0	0	0
2020-08-16	0	0	0	0	0	0	0	0
2020-08-17	0	0	0	0	0	0	0	0
2020-08-18	0	0	0	0	0	0	0	0
2020-08-19	0	0	0	0	0	0	0	0
2020-08-20	0	0	0	0	0	0	0	0
2020-08-21	0	0	0	0	0	0	0	0
2020-08-22	0	0	0	0	0	0	0	0
2020-08-23	0	0	0	0	0	0	0	0
2020-08-24	0	0	0	0	0	0	0	0
2020-08-25	0	0	0	0	0	0	0	0
2020-08-26	0	0	0	0	0	0	0	0
2020-08-27	0	0	0	0	0	0	0	0
2020-08-28	0	0	0	0	0	0	0	0
2020-08-29	0	0	0	0	0	0	0	0
2020-08-30	0	0	0	0	0	0	0	0
2020-08-31	0	0	0	0	0	0	0	0
2020-09-01	0	0	0	0	0	0	0	0
2020-09-02	0	0	0	0	0	0	0	0
2020-09-03	0	0	0	0	0	0	0	0
2020-09-04	0	0	0	0	0	0	0	0
2020-09-05	0	0	0	0	0	0	0	0
2020-09-06	0	0	0	0	0	0	0	0
2020-09-07	0	0	0	0	0	0	0	0
2020-09-08	0	0	0	0	0	0	0	0
2020-09-09	0	0	0	0	0	0	0	0
2020-09-10	0	0	0	0	0	0	0	0
2020-09-11	0	0	0	0	0	0	0	0
2020-09-12	0	0	0	0	0	0	0	0
2020-09-13	0	0	0	0	0	0	0	0
2020-09-14	0	0	0	0	0	0	0	0
2020-09-15	0	0	0	0	0	0	0	0
2020-09-16	0	0	0	0	0	0	0	0
2020-09-17	0	0	0	0	0	0	0	0
2020-09-18	0	0	0	0	0	0	0	0
2020-09-19	0	0	0	0	0	0	0	0
2020-09-20	0	0	0	0	0	0	0	0
2020-09-21	0	0	0	0	0	0	0	0
2020-09-22	0	0	0	0	0	0	0	0
2020-09-23	0	0	0	0	0	0	0	0
2020-09-24	0	0	0	0	0	0	0	0
2020-09-25	0	0	0	0	0	0	0	0
2020-09-26	0	0	0	0	0	0	0	0
2020-09-27	0	0	0	0	0	0	0	0
2020-09-28	0	0	0	0	0	0	0	0
2020-09-29	0	0	0	0	0	0	0	0
2020-09-30	0	0	0	0	0	0	0	0
2020-10-01	0	0	0	0	0	0	0	0
2020-10-02	0	0	0	0	0	0	0	0
2020-10-03	0	0	0	0	0	0	0	0
2020-10-04	0	0	0	0	0	0	0	0
2020-10-05	0	0	0	0	0	0	0	0
2020-10-06	0	0	0	0	0	0	0	0
2020-10-07	0	0	0	0	0	0	0	0
2020-10-08	0	0	0	0	0	0	0	0
2020-10-09	0	0	0	0	0	0	0	0
2020-10-10	0	0	0	0	0	0	0	0
2020-10-11	0	0	0	0	0	0	0	0
2020-10-12	0	0	0	0	0	0	0	0
2020-10-13	0	0	0	0	0	0	0	0
2020-10-14	0	0	0	0	0	0	0	0
2020-10-15	0	0	0	0	0	0	0	0
2020-10-16	0	0	0	0	0	0	0	0
2020-10-17	0	0	0	0	0	0	0	0
2020-10-18	0	0	0	0	0	0	0	0
2020-10-19	0	0	0	0	0	0	0	0
2020-10-20	0	0	0	0	0	0	0	0
2020-10-21	0	0	0	0	0	0	0	0
2020-10-22	0	0	0	0	0	0	0	0
2020-10-23	0	0	0	0	0	0	0	0
2020-10-24	0	0	0	0	0	0	0	0
2020-10-25	0	0	0	0	0	0	0	0
2020-10-26	0	0	0	0	0	0	0	0
2020-10-27	0	0	0	0	0	0	0	0
2020-10-28	0	0	0	0	0	0	0	0
2020-10-29	0	0	0	0	0	0	0	0
2020-10-30	0	0	0	0	0	0	0	0
2020-10-31	0	0	0	0	0	0	0	0
2020-11-01	0	0	0	0	0	0	0	0
2020-11-02	0	0	0	0	0	0	0	0
2020-11-03	0	0	0	0	0	0	0	0
2020-11-04	0	0	0	0	0	0	0	0
2020-11-05	0	0	0	0	0	0	0	0
2020-11-06	0	0	0	0	0	0	0	0
2020-11-07	0	0	0	0	0	0	0	0
2020-11-08	0	0	0	0	0	0	0	0
2020-11-09	0	0	0	0	0	0	0	0
2020-11-10	0	0	0	0	0	0	0	0
2020-11-11	0	0	0	0	0	0	0	0
2020-11-12	0	0	0	0	0	0	0	0
2020-11-13	0	0	0	0	0	0	0	0
2020-11-14	0	0	0	0	0	0	0	0
2020-11-15	0	0	0	0	0	0	0	0
2020-11-16	0	0	0	0	0	0	0	0
2020-11-17	0	0	0	0	0	0	0	0
2020-11-18	0	0	0	0	0	0	0	0
2020-11-19	0	0	0	0	0	0	0	0
2020-11-20	0	0	0	0	0	0	0	0
2020-11-21	0	0	0	0	0	0	0	0
2020-11-22	0	0	0	0	0	0	0	0
2020-11-23	0	0	0	0	0	0	0	0
2020-11-24	0	0	0	0	0	0	0	0
2020-11-25	0	0	0	0	0	0	0	0
2020-11-26	0	0	0	0	0	0	0	0
2020-11-27	0	0	0	0	0	0	0	0
2020-11-28	0	0	0	0	0	0	0	0
2020-11-29	0	0	0	0	0	0	0	0
2020-11-30	0	0	0	0	0	0	0	0
2020-12-01	0	0	0	0	0	0	0	0
2020-12-02	0	0	0	0	0	0	0	0
2020-12-03	0	0	0	0	0	0	0	0
2020-12-04	0	0	0	0	0	0	0	0
2020-12-05	0	0	0	0	0	0	0	0
2020-12-06	0	0	0	0	0	0	0	0
2020-12-07	0	0	0	0	0	0	0	0
2020-12-08	0	0	0	0	0	0	0	0
2020-12-09	0	0	0	0	0	0	0	0
2020-12-10	0	0	0	0	0	0	0	0
2020-12-11	0	0	0	0	0	0	0	0
2020-12-12	0	0	0	0	0	0	0	0
2020-12-13	0	0	0	0	0	0	0	0
2020-12-14	0	0	0	0	0	0	0	0
2020-12-15	0	0	0	0	0	0	0	0
2020-12-16	0	0	0	0	0	0	0	0
2020-12-17	0	0	0	0	0	0	0	0
2020-12-18	0	0	0	0	0	0	0	0
2020-12-19	0	0	0	0	0	0	0	0
2020-12-20	0	0	0	0	0	0	0	0
2020-12-21	0	0	0	0	0	0	0	0
2020-12-22	0	0	0	0	0	0	0	0
2020-12-23	0	0	0	0	0	0	0	0
2020-12-24	0	0	0	0	0	0	0	0
2020-12-25	0	0	0	0	0	0	0	0
2020-12-26	0	0	0	0	0	0	0	0
2020-12-27	0	0	0	0	0	0	0	0
2020-12-28	0	0	0	0	0	0	0	0
2020-12-29	0	0	0	0	0	0	0	0
2020-12-30	0	0	0	0	0	0	0	0
2020-12-31	0	0	0	0	0	0	0	0
2021-01-01	0	0	0	0	0	0	0	0
2021-01-02	0	0	0	0	0	0	0	0
2021-01-03	0	0	0	0	0	0	0	0
2021-01-04	0	0	0	0	0	0	0	0
2021-01-05	0	0	0	0	0	0	0	0
2021-01-06	0	0	0	0	0	0	0	0
2021-01-07	0	0	0	0	0	0	0	0
2021-01-08	0	0	0	0	0	0	0	0
2021-01-09	0	0	0	0	0	0	0	0
2021-01-10	0	0	0	0	0	0	0	0
2021-01-11	0	0	0	0	0	0	0	0
2021-01-12	0	0	0	0	0	0	0	0
2021-01-13	0	0	0	0	0	0	0	0
2021-01-14	0	0	0	0	0	0	0	0
2021-01-15	0	0	0	0	0	0	0	0
2021-01-16	0	0	0	0	0	0	0	0
2021-01-17	0	0	0	0	0	0	0	0
2021-01-18	0	0	0	0	0	0	0	0
2021-01-19	0	0	0	0.0029549388213712113	0.002262124292393919	0.003468461313822724	0.0046549163462399346	0.002944871893131751
2021-01-20	0	0	0	0.004270771476346358	0.004769063659848749	0.00476912353424197	0.0038046958995305857	0.0026119815080996034
2021-01-21	0	0	0	0.0013647220968187046	0.0036230565143806626	0.004974806421594868	0.0033429788717955766	0.0022073086516456453
2021-01-22	0	0	0	0	1.6841396181588308e-4	3.140527403637794e-4	6.694560857007925e-4	8.351369976300482e-5
2021-01-23	0	0	0	0.0015762513942152445	0.0016643159399201135	0.0025424195572649744	0.001736865286366962	3.161588099191981e-4
2021-01-24	0	0	0	0.0020080326348168587	9.040081429525504e-4	0.0018447867746937963	0.0012705136274260287	1.8911379965147468e-4
2021-01-25	0	0	0	0.008672649867778492	0.006628374805983883	0.00807008428845335	0.006963882922025766	0.004380633149758895
2021-01-26	0	0	0	0.01095178531301122	0.01457915927613107	0.022326830311587775	0.018662289696718348	0.037818180149170155
2021-01-27	0	0	0	0.019153295762352585	0.016268327018097217	0.023934329136888977	0.03231963234717816	0.11010595178398619
2021-01-28	0	0	0	0.01522787495654443	0.0213050548235032	0.02905064879058128	0.036539551414751736	0.13849786519385665
2021-01-29	0	0	0	0.016170048036120432	0.02157995766177101	0.03067473566593404	0.040182667210907574	0.10951293337954304
2021-01-30	0	0	0	0.006533829941514968	0.007299905482776925	0.009762018525954375	0.013931033337561738	0.07085642143890358
2021-01-31	0	0	0	0.006545363912533464	0.009742268907575236	0.013746818516352066	0.021449426234046998	0.04965997230476593
2021-02-01	0	0	0	0.004363296636950453	0.011203190526790197	0.012040994533996985	0.013206410384531742	0.025523246601375726
2021-02-02	0	0	0	0.003943593360702824	0.009585944755966969	0.010444375457721922	0.01039142202610388	0.01724120091476511
2021-02-03	0	0	0	0.0036518594069379073	0.006287290909631427	0.005986442252736035	0.006247518079430581	0.01347833355799355
2021-02-04	0	0	0	0.0017110331847878246	0.005261170926773584	0.005784790482637359	0.005418853839141979	0.005693086707907247
2021-02-05	0	0	0	6.892986591080508e-4	0.00263711446550019	0.0028734749511529767	0.0017568601832587127	0.0028624874807219314
2021-02-06	0	0	0	2.0248038523162926e-4	8.057693409508904e-4	0.0011365909506571015	5.015867582811584e-4	8.844285319722367e-4
2021-02-07	0	0	0	5.677248541311464e-4	4.0944801718811874e-4	6.62299920801912e-4	4.83316942137213e-4	8.986865700322255e-5
2021-02-08	0	0	0	9.214254456524351e-5	4.606186667666101e-4	6.278127607075579e-4	4.487539122117745e-4	6.164156144796706e-4
2021-02-09	0	0	0	2.610227753485628e-4	7.258729307015876e-4	0.0011688502435063253	7.243315261400429e-4	0.0011179553253015673
2021-02-10	0	0	0	4.838124491222118e-4	0.0013032098540304293	0.0016946697726807347	0.0012590812473862734	0.0017092215608562888
2021-02-11	0	0	0	4.4677762201583704e-4	0.001268351587756067	0.001670199393849492	0.0010251205441282885	0.0022943936584967073
2021-02-12	0	0	0	2.085034669365715e-4	2.9870511499963115e-4	3.331161569744001e-4	3.2832635861046455e-4	1.9276601755136014e-4
2021-02-13	0	0	0	1.3050996783769975e-4	3.682815212919799e-4	4.5351268831250735e-4	2.768740928336122e-4	1.213157911814644e-4
2021-02-14	0	0	0	2.485398294671537e-4	3.7130366393678393e-4	3.57506142172781e-4	9.801172334999997e-5	7.566156584326578e-5
2021-02-15	0	0	0	6.08503841321717e-5	1.5129299913296812e-4	1.7340073975624648e-4	5.951642902735088e-5	1.1724231431742282e-4
2021-02-16	0	0	0	4.120495091777254e-4	4.0627830050254943e-4	3.6489257786964657e-4	9.109832702658416e-5	1.5294476493310505e-4
2021-02-17	0	0	0	1.690307498123378e-4	3.5059455261787775e-4	3.927433158210647e-4	1.7124579306981857e-4	1.2407931437441455e-4
2021-02-18	0	0	0	6.431902401413669e-4	8.015132892176258e-4	9.314612180120196e-4	2.61161006873456e-4	1.410434869046906e-4
2021-02-19	0	0	0	8.182887878960265e-4	0.0011212786528971286	0.0013153437591066908	4.291791367372344e-4	1.9554101356544784e-4
2021-02-20	0	0	0	5.811982493040269e-4	0.0010007689014941423	8.367254651706624e-4	2.587754540750442e-4	1.6694503993641696e-4
2021-02-21	0	0	0	8.850691602524385e-4	0.0011920486483727455	0.0013916055138938344	4.1091377974900034e-4	2.0594014419694773e-4
2021-02-22	0	0	0	1.8084000217810647e-4	0.0010195998044750798	5.551145585798167e-4	1.3160617926488705e-4	1.1854670864730465e-4
2021-02-23	0	0	0	5.280528144844254e-4	4.5174960837468525e-4	3.6155981451790886e-4	1.1041619025231597e-4	9.906525930025722e-5
2021-02-24	0	0	0	3.423045679942227e-4	5.451121439599138e-4	5.606365102188704e-4	1.7740194881366023e-4	9.499128757139985e-5
2021-02-25	0	0	0	4.135563824942956e-4	6.753162551920155e-4	6.411989628072323e-4	1.3488963708407908e-4	1.2939501960351762e-4
2021-02-26	0	0	0	1.5952779797245853e-4	2.1577866104327548e-4	2.934408094894536e-4	1.3230682612830336e-4	7.854265560114371e-5
2021-02-27	0	0	0	1.5401201316533886e-4	1.5463166463280942e-4	1.268271030794299e-4	6.056293247103106e-5	2.5912348602830093e-5
2021-02-28	0	0	0	1.1246801699660303e-4	1.795038459420084e-4	2.0473849227609087e-4	7.779965295662272e-5	6.0079347666164296e-5
2021-03-01	0	0	0	7.398228126898054e-5	2.343824815718154e-4	1.5617191428107802e-4	5.050384601634761e-5	5.7004905283708496e-5
2021-03-02	0	0	0	2.1796385497463433e-4	2.816528529907547e-4	3.1123265398513844e-4	1.1168413555995294e-4	2.3533798372721293e-4
2021-03-03	0	0	0	4.971326178035973e-4	6.900978074004804e-4	5.133007781319421e-4	1.6312505535887034e-4	3.552823606371991e-4
2021-03-04	0	0	0	0.00106925134184932	9.539221155991928e-4	7.554453127911476e-4	1.913537452626901e-4	1.6816426314902877e-4
2021-03-05	0	0	0	4.010293125900066e-4	4.805131113632122e-4	3.6129498739922994e-4	1.4746471312343523e-4	1.085675830523325e-4
2021-03-06	0	0	0	1.6120322110224627e-4	2.1497715929785777e-4	1.6136189465121298e-4	2.8527957399715476e-5	3.319878603336157e-5
2021-03-07	0	0	0	1.2499218811035107e-4	8.703998766224075e-5	3.937622435823407e-5	1.860209878223884e-5	3.0324562414918432e-5
2021-03-08	0	0	0	2.13784521084337e-4	3.2034220289989257e-4	1.6404651687595972e-4	6.6439588390698745e-05	3.851640317686922e-5
2021-03-09	0	0	0	5.064233929630291e-4	7.248355022082542e-4	4.861015959132242e-4	1.3338028032605642e-4	3.4293200253454614e-4
2021-03-10	0	0	0	0.001134301361658041	0.001454854119261162	7.037504249780557e-4	1.6201457380948803e-4	4.68092713403534e-4
2021-03-11	0	0	0	8.281850413542902e-4	0.001988496811176521	0.0011321131571098153	2.4001038676813025e-4	1.993382248965947e-4
2021-03-12	0	0	0	6.8317679192198e-4	0.001525341139561931	7.778289304374297e-4	2.2383594617103597e-4	1.7972314502778808e-4
2021-03-13	0	0	0	3.1309646573474126e-4	3.485970888308376e-4	1.950541707269604e-4	7.670803221149214e-5	5.706355046486422e-5
2021-03-14	0	0	0	1.1573069477033293e-4	1.4538528938157214e-4	9.202154075760305e-5	3.1729227009336114e-5	3.527511537604333e-5
2021-03-15	0	0	0	7.069515217927869e-4	0.0012820720746100633	5.548525642733448e-4	1.2651475069214158e-4	6.779720772365216e-5
2021-03-16	0	0	0	9.587674815305647e-4	0.0016995914414135171	9.685703200397189e-4	2.475374750798842e-4	5.580788110497448e-4
2021-03-17	0	0	0	0.001978987052007497	0.0034258613868278776	0.0015908792123728865	4.08814546388081e-4	0.0013126388903634822
2021-03-18	0	0	0	0.0023157795588306662	0.004157682347044611	0.0018482222278435323	5.95074887379754e-4	6.353098613716135e-4
2021-03-19	0	0	0	0.0019543442861496008	0.002854260429566713	0.0014079329959844067	4.203550810484291e-4	0.0020789661550051353
2021-03-20	0	0	0	0.00110682736437262	0.0013957090181575538	8.02194693186209e-4	3.933378441332014e-4	0.0029922348322186654
2021-03-21	0	0	0	7.438565676820552e-4	7.387216757153148e-4	3.669261935912438e-4	1.6115994385557109e-4	9.438102196106524e-4
2021-03-22	0	0	0	0.0012519563042163728	0.002207400913788682	9.464347330079281e-4	1.8527256229461386e-4	9.197293236189452e-4
2021-03-23	0	0	0	0.001631819019569436	0.0030553347226356387	0.0015369562800113812	8.433824072533458e-4	0.0030234169562768365
2021-03-24	0	0	0	0.002657516058851117	0.003702023519224218	0.00200048579354295	0.0016204721600505678	0.00642117219174021
2021-03-25	0	0	0	0.002521399715246675	0.0041711239373762865	0.002059340959230216	9.778867602627805e-4	0.006107400883372582
2021-03-26	0	0	0	0.002822683441209506	0.003713962514501068	0.001908263494187823	0.002501943622722269	0.00638173425098465
2021-03-27	0	0	0	0.0011025445990240357	0.0017454341090963332	0.0010958447984801278	0.0011058576993250302	0.0037143608489087487
2021-03-28	0	0	0	6.732873444450505e-4	7.748175045598771e-4	4.0841927581336535e-4	1.711291963131245e-4	4.2983259068241075e-4
2021-03-29	0	0	0	0.002424243315230168	0.003750419602221111	0.0016166267450876681	6.396878165306763e-4	0.001579174982742071
2021-03-30	0	0	0	0.003575160022816437	0.006339814612297712	0.0025584838543617483	0.0013608841894516832	0.004609961148596131
2021-03-31	0	0	0	0.005080863634017385	0.007001210016839288	0.002925006247106454	0.0010784827918199902	0.0035894041885402572
2021-04-01	0	0	0	0.0038685889507594773	0.005501429669976021	0.002304763535716292	6.479266267771511e-4	0.0035538604091722714
2021-04-02	0	0	0	0.0034578222710806017	0.004372496832600881	0.002239695501880412	0.001599742052039499	0.009040492034624092
2021-04-03	0	0	0	0.0021544888452555977	0.002303320112001739	0.0012262201856454436	7.994898812795359e-4	0.006152897287961867
2021-04-04	0	0	0	0.0016080713786914558	0.0013463689168320414	6.42706635443524e-4	7.486026513381372e-4	0.0017119946390593554
2021-04-05	0	0	0	0.0033602034298969574	0.004048973766556108	0.0016877139731130697	8.406237799516436e-4	0.001265225904471201
2021-04-06	0	0	0	0.004614123147612004	0.006814080139716738	0.003043287722857002	0.0023268279748820397	0.004117395253427469
2021-04-07	0	0	0	0.006406187961211396	0.008307514550269568	0.003589076094146826	0.0018031949830430438	0.008487300297973288
2021-04-08	0	0	0	0.006724754947272649	0.00841732132979578	0.0037144183813411225	0.0023163043410683315	0.016742889010183726
2021-04-09	0	0	0	0.005611931195865338	0.006052490267712596	0.002807749535914894	0.003009904124193774	0.0146628390383019
2021-04-10	0	0	0	0.0019484426577058844	0.002316411222769821	0.0011562322621259113	0.002051900779359128	0.009799000765112531
2021-04-11	0	0	0	0.0020184123686735056	0.001539308934066952	6.229741976899739e-4	0.0010211190745710308	0.0014401319068313434
2021-04-12	0	0	0.02797340563346129	0.004796024017825751	0.005521688895814281	0.0021413321975463084	0.0014390288720560473	0.003652373519623664
2021-04-13	0	0	0	0.0075543121241372635	0.009143477223765739	0.003961910378186495	0.0037610408280965846	0.01659595894387267
2021-04-14	0	0	0.028778478781675387	0.010891990103786053	0.010790159654395781	0.005480704356971788	0.008512256285702291	0.03778938702592827
2021-04-15	0	0	0	0.009179610362077817	0.009326565611487148	0.004804011429804023	0.007557647284294644	0.04235126496714425
2021-04-16	0	0	0.029631267712443954	0.007158577966594359	0.007641531421614944	0.0038988820332448437	0.008693711882206578	0.037407380980834404
2021-04-17	0	0	0	0.004015689249053933	0.004188108378417432	0.002228535107157592	0.0059833478982393995	0.02313062515458597
2021-04-18	0	0	0	0.0016099461488388034	0.0017271663658624536	0.001076007775706378	0.0050632809578632365	0.008867400044065832
2021-04-19	0	0	0	0.006861008004013902	0.007455830757262527	0.003537475769638254	0.009461621285518085	0.01762229561782358
2021-04-20	0	0	0	0.008548942197195819	0.009030345432854414	0.0049470870001782075	0.014897763129258834	0.04963595950692423
2021-04-21	0	0	0	0.011564469318905646	0.010995650885257557	0.006393897732241971	0.02281015170152445	0.08172393906100428
2021-04-22	0	0	0	0.011689422706209207	0.012164631693269978	0.007327844370165648	0.029573546743018042	0.1118667123474466
2021-04-23	0	0	0	0.004036634387641236	0.004218220710884069	0.003225470036327227	0.010758136796363393	0.05012518701457891
2021-04-24	0	0	0	0.0033907484829196477	0.003082282838557937	0.0022094095623375054	0.010261520260434143	0.02615008718303069
2021-04-25	0	0	0	8.402713702739817e-4	5.916954825060383e-4	3.4736486534758804e-4	0.001674447680407365	0.003558367004526497
2021-04-26	0	0	0	0.0015399854126283419	0.0011743427393358097	6.614454078246457e-4	7.585978969508744e-4	0.0035162952040974638
2021-04-27	0	0	0	0.007339903083527499	0.007262120209583278	0.003889120697665005	0.012356077330558657	0.026971110838681644
2021-04-28	0	0	0	0.01151803339670665	0.011158866195544626	0.007029507267073631	0.033327062885684544	0.09640349978380369
2021-04-29	0	0	0	0.01046356168241469	0.01074269638054437	0.007262666689313191	0.03726920354308372	0.09581201997330613
2021-04-30	0	0	0	0.010541587327881352	0.010375595196921994	0.007874219437707719	0.036875270464747256	0.09926968429928529
2021-05-01	0	0	0	0.007913735006476852	0.007606613500282133	0.007122952922307579	0.04467488580993417	0.10061279049739502
2021-05-02	0	0	0	0.00265714819671925	0.0026620477281669164	0.002771319783901216	0.01771317157623664	0.04274567514515737
2021-05-03	0	0	0	0.006577257102978518	0.005887965795304151	0.004275232631638204	0.01664156140662887	0.03806382014071086
2021-05-04	0	0	0	0.0083444983928187	0.007894538913353566	0.006717072256825274	0.02804578109858502	0.05594190417392486
2021-05-05	0	0	0.02797340563346129	0.010147621458799216	0.010043595152792628	0.009339528807687403	0.049154706933193015	0.06902046384967053
2021-05-06	0	0	0.028778478781675387	0.010195553551432868	0.009690678478774917	0.009265286317803323	0.06335921424079971	0.08638506022486037
2021-05-07	0	0	0	0.010705559276414256	0.009900209713895824	0.010095172445124145	0.07625682498936626	0.09772653770447337
2021-05-08	0	0	0.028778478781675387	0.010721417511779352	0.008768960119113878	0.009615938018720183	0.07820376438449239	0.09007871768711628
2021-05-09	0	0	0	0.00409684275827793	0.0042553848715174425	0.005042065876095236	0.04560496042860662	0.05331447524053545
2021-05-10	0	0	0	0.00692914402416811	0.006261992095919933	0.006345051894009801	0.04610188488076061	0.05740168310985605
2021-05-11	0	0	0	0.008947473051664545	0.008871123122870639	0.008437578549395752	0.051235132679944506	0.056265731021916565
2021-05-12	0	0	0	0.01241020102014434	0.011669521848219455	0.011829639756103738	0.07242101254268829	0.07250967258515528
2021-05-13	0	0	0.0563493683848999	0.011628977148546493	0.010827537375152074	0.012328398863872048	0.07045978930203667	0.06792680976388721
2021-05-14	0	0	0	0.010824324860212897	0.01026561031549944	0.012918581780723803	0.09157771750363874	0.08120279664488583
2021-05-15	0	0	0	0.009180414632286693	0.00941511262675876	0.011683322378452043	0.08389519142460933	0.06219825731513917
2021-05-16	0	0	0	0.0047813092453652395	0.005724412782636579	0.008358297604361908	0.038257340344466595	0.033143414310848884
2021-05-17	0	0	0.09027257873553807	0.0057178847696708335	0.006274064022040005	0.008823361895765824	0.045764279415144715	0.042165551686515146
2021-05-18	0	0	0.03252249264814111	0.01071797521956741	0.010871911015070124	0.014036563798337287	0.0637297544879587	0.05109377133566295
2021-05-19	0	0	0	0.012209049027739782	0.01275673723667392	0.015494254863690493	0.06985825303089332	0.05839089572856082
2021-05-20	0	0	0.03361583949964997	0.011364479176293019	0.012244436067114561	0.017092735509002255	0.07325706553083533	0.06510214503513678
2021-05-21	0	0	0.034785262237930104	0.010913654085907165	0.01201066755107405	0.015742778868276464	0.07127550690717288	0.05348436764434461
2021-05-22	0	0	0.03603898787606852	0.012567180798230604	0.011309574791456223	0.013710126112799648	0.044948209731830335	0.032482831947133084
2021-05-23	0	0	0	0.0052784013242010985	0.004617558312511649	0.005105726492011131	0.027248122248427764	0.012036431312826945
2021-05-24	0	0	0	0.003483440871779875	0.0030037391605692854	0.0028075378192931044	0.02228379711674444	0.009962500866190993
2021-05-25	0	0	0	0.009796139226755374	0.009657022425859862	0.010062609715789872	0.061113866057964206	0.03285498504362727
2021-05-26	0	0	0	0.017500297297237122	0.014429620768625862	0.01651054133924834	0.06938307154644874	0.04501251804405326
2021-05-27	0	0	0	0.02075377206991691	0.018382449772262444	0.02406250323489112	0.08635225597456064	0.05470434574028005
2021-05-28	0	0	0	0.02415117435120706	0.02042634437576485	0.025582514484365104	0.07178195373059659	0.04792215186523885
2021-05-29	0	0	0	0.02580413329273079	0.01965359903462982	0.023988542802152013	0.06371964095932992	0.03408289287400823
2021-05-30	0	0	0.07019743729196937	0.012280747306568252	0.009392319456053011	0.01316819766630184	0.03235324505536186	0.015820023155002083
2021-05-31	0	0	0	0.011831817021383362	0.010497461669109365	0.011672446846733742	0.04840461214063296	0.024988249992992095
2021-06-01	0	0	0	0.021189855151622528	0.01672801426865389	0.021500037679500927	0.06161802368963354	0.043929170690267805
2021-06-02	0	0	0.07549910270124749	0.023425387286135857	0.016427775217190854	0.022637168234686422	0.053867726991122966	0.0427629204232689
2021-06-03	0	0	0	0.02297438318763967	0.015390098622005244	0.021441877723672675	0.052947154291484555	0.04354721321389032
2021-06-04	0	0	0.038838648618159555	0.0228967463330918	0.017796275930221706	0.023809288682762997	0.059615412501807796	0.04094276834296373
2021-06-05	0	0	0	0.02298155698481419	0.015478718377087475	0.021271632674215724	0.04627527652456043	0.025755028743209785
2021-06-06	0	0	0	0.015140929174912943	0.009254896057891981	0.012261239083962705	0.0272684541621675	0.011528907710867342
2021-06-07	0	0	0	0.012560713442086424	0.010063248404689196	0.01722064953961988	0.04034853145689565	0.02293374432528794
2021-06-08	0	0	0	0.015662667042197986	0.011376690759512309	0.021277588309952078	0.04896583880129768	0.025721234991702424
2021-06-09	0	0	0	0.01950637838442426	0.013464784191359769	0.02478911096113201	0.04607148147023654	0.031136970083460058
2021-06-10	0	0	0	0.020006319456513877	0.013926076485215377	0.030061487365158124	0.05267721826960958	0.033914521822870025
2021-06-11	0	0	0	0.022133151385642202	0.016338757394163128	0.032888604781243114	0.051997261626846036	0.03147758728141414
2021-06-12	0	0	0.03252249264814111	0.02264207408556551	0.014513824456983793	0.03813260895600035	0.04965500263913025	0.027607226095737403
2021-06-13	0	0	0	0.012172253524497467	0.00815371810051313	0.021396496765354822	0.022887464398955615	0.011608661195181558
2021-06-14	0	0	0	0.015669389259256983	0.009894191575940958	0.027972683197013737	0.033321230095384236	0.02110578459881718
2021-06-15	0	0	0	0.01714180812687993	0.009711660353902252	0.03265163274216021	0.038684405464184834	0.027162963604510093
2021-06-16	0	0	0	0.019166422544502737	0.010106590897574819	0.03582576824126438	0.039198450308794985	0.033238750838011644
2021-06-17	0	0	0	0.020770112874534785	0.011690687032005487	0.03982404688333774	0.05224189086848319	0.03480737871361095
2021-06-18	0	0	0	0.02137022440449421	0.011289216143758773	0.04037570647510558	0.045305758228207926	0.02864369665438593
2021-06-19	0	0	0	0.01937818725921714	0.009140241428546192	0.0360746029923209	0.03317910240033739	0.018191046183462012
2021-06-20	0	0	0	0.008877443744526037	0.00420723080399088	0.01732450041849165	0.014199737990168826	0.007597421835259688
2021-06-21	0	0	0	0.010060817499067953	0.004913255338004685	0.023666356988506276	0.019538572507470375	0.008438736719178719
2021-06-22	0	0	0	0.015586532017721089	0.008400720102239578	0.03435098295210515	0.028259155444938733	0.016982653216878196
2021-06-23	0	0	0	0.020015111848282086	0.009391310955389587	0.03584827332332319	0.03292678093052981	0.023993316354163685
2021-06-24	0	0	0	0.020600720790026728	0.010375000098377773	0.03938314380204666	0.03967392552005644	0.027961780208821452
2021-06-25	0	0	0	0.019379361875758283	0.010510346752100608	0.04115469794134219	0.03376348123454975	0.0227359343185205
2021-06-26	0	0	0	0.020445300147913237	0.012071122649868649	0.048241840954935666	0.03229222689708555	0.019630710633001147
2021-06-27	0	0	0	0.012092394061989253	0.006284182428109908	0.02847649006219699	0.018529362517917036	0.01177070077386011
2021-06-28	0	0	0	0.013691118690938753	0.009550952476977015	0.03925874802759011	0.0250445316928265	0.01329002473992058
2021-06-29	0	0	0	0.016928768377593162	0.00962731367659786	0.03882527363506583	0.028145744153321717	0.019350126648839394
2021-06-30	0	0	0.02339261759295086	0.016976076668365092	0.01081881296413445	0.042122305386723236	0.033672905209391146	0.02155817879217725
2021-07-01	0	0	0	0.016156567490421825	0.011067943362983002	0.04282825886982922	0.0358735251732305	0.025369885592476216
2021-07-02	0	0	0	0.01692236648218093	0.011283734622149044	0.044068690905194385	0.029880180876107776	0.020498147422856494
2021-07-03	0	0	0.022857893551677666	0.017090181860599518	0.010739986656538747	0.041879000069715344	0.026858337475277994	0.015034724240875041
2021-07-04	0	0	0	0.00877044268361371	0.005826397629992375	0.02655506426166654	0.013107185690291123	0.007240029967910067
2021-07-05	0	0	0	0.013171871897928344	0.009092763325351916	0.036688922864816176	0.024624198640067707	0.014729582807829544
2021-07-06	0	0	0.022857893551677666	0.014283004157850554	0.009245551130267815	0.0351569502037139	0.02536795741479758	0.018362889868824395
2021-07-07	0	0	0.02339261759295086	0.013667243206005875	0.010722157765843177	0.03696685296991875	0.028567967516756054	0.0172546092864434
2021-07-08	0	0	0	0.01351079727819604	0.01166935554842774	0.03661633896587557	0.030780479885267775	0.02052670695745462
2021-07-09	0	0	0	0.011104448718863402	0.011846287823036539	0.0392298147893797	0.0296826719883565	0.01805872907315975
2021-07-10	0	0	0.04598315816321108	0.012441221662990776	0.013210382978363855	0.03712856494682071	0.021011001869023493	0.012793942670304537
2021-07-11	0	0	0	0.005526751488876824	0.006407818125155451	0.01872784329812127	0.010096929744141114	0.005467458316246843
2021-07-12	0	0	0	0.006899861791237694	0.006748587994837907	0.025846484266041525	0.017442193563811603	0.010612150833264389
2021-07-13	0	0	0	0.006945446635058916	0.007903450255893674	0.0346713963861478	0.022127669466933453	0.015124958183219128
2021-07-14	0	0	0.04598315816321108	0.0058991100283909415	0.010261380567027523	0.03075219596733958	0.02243718729791233	0.015216359363619647
2021-07-15	0	0	0	0.0072855761467807145	0.01132652628636932	0.028821651813517146	0.019283509344052874	0.013680689144138114
2021-07-16	0.5092880150001402	0.7350889359326482	0.2111456180001683	0.017177133806150602	0	0	0.2493099044509921	0.5436366469734388
2021-07-17	0	0	0	0.003455693084937872	0	0	0.01288122987223872	0.011997825371593551
2021-07-18	0	0	0	0.00356386476495274	0	0	0.015102619558182928	0.02268816407335117
2021-07-19	0	0	0	9.93583896450545e-4	0	0	0.003745692130423972	0.0033796337581657454
2021-07-20	0	0	0	0.0010564812902813525	0	0	0.004979751761944096	0.004652150505432884
2021-07-21	0	0	0	0.0024852297630300058	0	0	0.01782923778703638	0.02212591626609428
2021-07-22	0	0	0.02390054561371957	0.0023998570097027994	0	0	0.023259112396396775	0.02744905332977443
2021-07-23	0	0	0	0.0015727657257609273	0	0	0.02473698118088219	0.03110863195358604
2021-07-24	0	0	0	0.001617233390032835	0	0	0.024721302390022126	0.030615080149069662
2021-07-25	0	0	0	0.0013266921288830336	0	0	0.020407300362743852	0.024985368527941976
2021-07-26	0	0	0	5.644067907075723e-4	0	0	0.010594461301577152	0.010515477611928947
2021-07-27	0	0.5857864376269049	0	3.4475426420566e-4	0	9.080539134200816e-4	0.010967443995564041	0.014197202037939727
2021-07-28	0	0	0	3.7805236873578174e-4	0	0.007968508452302459	0.011338859059419004	0.014357991989708552
2021-07-29	0	0	0	5.134430842972382e-4	0	0.049320793890218706	0.018257273126847107	0.019186064496969246
2021-07-30	0	0	0.020667541578357485	6.468688365885988e-4	0	0.04216829687768375	0.012961187741559188	0.01729549764715177
2021-07-31	0	0	0	0.0010910371487256043	0	0.04871995621133629	0.01660887122011978	0.023434563768063965
2021-08-01	0	0	0	7.122744317435981e-4	0	0.04867433874661731	0.014907647808977798	0.014966798336295328
2021-08-02	0	0	0.04080789397508178	4.334944437616173e-4	0	0.03195181085887766	0.007554396757071258	0.009923001548287624
2021-08-03	0	0	0	2.5926785026775256e-4	0	0.044349806900804145	0.012633056899679529	0.012966541120630115
2021-08-04	0	0	0	6.522519184322118e-4	0	0.04269943421187605	0.013503208651610477	0.018328915337369356
2021-08-05	0	0	0	6.839022286562191e-4	0	0.05166658311452932	0.01904378985724997	0.021579283272450622
2021-08-06	0	0	0	6.734907291483516e-4	0	0.04349539627978505	0.018645008141403574	0.020682554810272258
2021-08-07	0	0	0	8.323645133618829e-4	0	0.04236514389430157	0.01725275384418179	0.021277530003818157
2021-08-08	0	0	0	3.934045872819869e-4	8.887373758275086e-4	0.04305470589169369	0.015160650444337787	0.013449657448764807
2021-08-09	0	0	0	2.459865008401785e-4	0.001524788675801192	0.017101497936708343	0.004934570767521906	0.004895544165805177
2021-08-10	0	0	0	5.784281049121542e-4	0.0020729787924267384	0.026678117917014577	0.010550985601731844	0.011943932093867682
2021-08-11	0	0	0	5.236321769590546e-4	0.004357123041453859	0.024929051204456876	0.012001868699990315	0.013149385482950304
2021-08-12	0.09835129243745677	0	0	6.948975819101033e-4	0.007197105657322789	0.0269204165320287	0.015017281766302348	0.018304971131115177
2021-08-13	0	0	0	4.575184536874666e-4	0.007443111663332891	0.026608673631408175	0.015116733818452133	0.01883591413880259
2021-08-14	0	0	0	4.608177703457894e-4	0.006258476785224509	0.029945821483656987	0.018674052876771485	0.01797965724303019
2021-08-15	0	0	0	4.836849137683785e-4	0.00756328180456034	0.023995421978608045	0.010369829036743994	0.010272811590141151
2021-08-16	0	0	0	1.2567242134009504e-4	0.004017787969072595	0.013928121352192013	0.0045188307476839995	0.003133758481077553
2021-08-17	0	0	0	1.6943684048209562e-4	0.003495204961931009	0.011872313245603339	0.0032357943777776565	0.004491585781284613
2021-08-18	0	0	0	2.113036811142166e-4	0.00779175308081359	0.017733516373251046	0.01036955157880004	0.010649195335439954
2021-08-19	0	0	0	3.578872150677981e-4	0.00930000815897225	0.01897852765192054	0.012278387157450998	0.016008848016636046
2021-08-20	0.09626666842108844	0	0.017145356523197597	5.262652416786473e-4	0.00942376097815334	0.020914938301584307	0.016360103814677007	0.017683520652156615
2021-08-21	0	0	0	9.357679282975262e-4	0.008883614474965107	0.021815210956322773	0.012985216001260902	0.018704055794942942
2021-08-22	0	0	0.017088087358737347	5.772004599298164e-4	0.008837701865876069	0.02327463191473944	0.011916805848447565	0.010388618513384795
2021-08-23	0	0	0	1.5740919272255738e-4	0.004603277333398825	0.012973356356966947	0.006010680699015225	0.005642344920169018
2021-08-24	0	0	0	3.3395738428598776e-4	0.005891890223276741	0.016158416257806785	0.00819756920414183	0.009125906206705281
