2020-02-17	0	0	0	0	0	0	0	0
2020-02-18	0	0	0	0	0	0	0	0
2020-02-19	0	0	0	0	0	0	0	0
2020-02-20	0	0	0	0	0	0	0	0
2020-02-21	0	0	0	0	0	0	0	0
2020-02-22	0	0	0	0	0	0	0	0
2020-02-23	0	0	0	0	0	0	0	0
2020-02-24	0	0	0	0	0	0	0	0
2020-02-25	0	0	0	0	0	0	0	0
2020-02-26	0	0	0	0	0	0	0	0
2020-02-27	0	0	0	0	0	0	0	0
2020-02-28	0	0	0	0	0	0	0	0
2020-02-29	0	0	0	0	0	0	0	0
2020-03-01	0	0	0	0	0	0	0	0
2020-03-02	0	0	0	0	0	0	0	0
2020-03-03	0	0	0	0	0	0	0	0
2020-03-04	0	0	0	0	0	0	0	0
2020-03-05	0	0	0	0	0	0	0	0
2020-03-06	0	0	0	0	0	0	0	0
2020-03-07	0	0	0	0	0	0	0	0
2020-03-08	0	0	0	0	0	0	0	0
2020-03-09	0	0	0	0	0	0	0	0
2020-03-10	0	0	0	0	0	0	0	0
2020-03-11	0	0	0	0	0	0	0	0
2020-03-12	0	0	0	0	0	0	0	0
2020-03-13	0	0	0	0	0	0	0	0
2020-03-14	0	0	0	0	0	0	0	0
2020-03-15	0	0	0	0	0	0	0	0
2020-03-16	0	0	0	0	0	0	0	0
2020-03-17	0	0	0	0	0	0	0	0
2020-03-18	0	0	0	0	0	0	0	0
2020-03-19	0	0	0	0	0	0	0	0
2020-03-20	0	0	0	0	0	0	0	0
2020-03-21	0	0	0	0	0	0	0	0
2020-03-22	0	0	0	0	0	0	0	0
2020-03-23	0	0	0	0	0	0	0	0
2020-03-24	0	0	0	0	0	0	0	0
2020-03-25	0	0	0	0	0	0	0	0
2020-03-26	0	0	0	0	0	0	0	0
2020-03-27	0	0	0	0	0	0	0	0
2020-03-28	0	0	0	0	0	0	0	0
2020-03-29	0	0	0	0	0	0	0	0
2020-03-30	0	0	0	0	0	0	0	0
2020-03-31	0	0	0	0	0	0	0	0
2020-04-01	0	0	0	0	0	0	0	0
2020-04-02	0	0	0	0	0	0	0	0
2020-04-03	0	0	0	0	0	0	0	0
2020-04-04	0	0	0	0	0	0	0	0
2020-04-05	0	0	0	0	0	0	0	0
2020-04-06	0	0	0	0	0	0	0	0
2020-04-07	0	0	0	0	0	0	0	0
2020-04-08	0	0	0	0	0	0	0	0
2020-04-09	0	0	0	0	0	0	0	0
2020-04-10	0	0	0	0	0	0	0	0
2020-04-11	0	0	0	0	0	0	0	0
2020-04-12	0	0	0	0	0	0	0	0
2020-04-13	0	0	0	0	0	0	0	0
2020-04-14	0	0	0	0	0	0	0	0
2020-04-15	0	0	0	0	0	0	0	0
2020-04-16	0	0	0	0	0	0	0	0
2020-04-17	0	0	0	0	0	0	0	0
2020-04-18	0	0	0	0	0	0	0	0
2020-04-19	0	0	0	0	0	0	0	0
2020-04-20	0	0	0	0	0	0	0	0
2020-04-21	0	0	0	0	0	0	0	0
2020-04-22	0	0	0	0	0	0	0	0
2020-04-23	0	0	0	0	0	0	0	0
2020-04-24	0	0	0	0	0	0	0	0
2020-04-25	0	0	0	0	0	0	0	0
2020-04-26	0	0	0	0	0	0	0	0
2020-04-27	0	0	0	0	0	0	0	0
2020-04-28	0	0	0	0	0	0	0	0
2020-04-29	0	0	0	0	0	0	0	0
2020-04-30	0	0	0	0	0	0	0	0
2020-05-01	0	0	0	0	0	0	0	0
2020-05-02	0	0	0	0	0	0	0	0
2020-05-03	0	0	0	0	0	0	0	0
2020-05-04	0	0	0	0	0	0	0	0
2020-05-05	0	0	0	0	0	0	0	0
2020-05-06	0	0	0	0	0	0	0	0
2020-05-07	0	0	0	0	0	0	0	0
2020-05-08	0	0	0	0	0	0	0	0
2020-05-09	0	0	0	0	0	0	0	0
2020-05-10	0	0	0	0	0	0	0	0
2020-05-11	0	0	0	0	0	0	0	0
2020-05-12	0	0	0	0	0	0	0	0
2020-05-13	0	0	0	0	0	0	0	0
2020-05-14	0	0	0	0	0	0	0	0
2020-05-15	0	0	0	0	0	0	0	0
2020-05-16	0	0	0	0	0	0	0	0
2020-05-17	0	0	0	0	0	0	0	0
2020-05-18	0	0	0	0	0	0	0	0
2020-05-19	0	0	0	0	0	0	0	0
2020-05-20	0	0	0	0	0	0	0	0
2020-05-21	0	0	0	0	0	0	0	0
2020-05-22	0	0	0	0	0	0	0	0
2020-05-23	0	0	0	0	0	0	0	0
2020-05-24	0	0	0	0	0	0	0	0
2020-05-25	0	0	0	0	0	0	0	0
2020-05-26	0	0	0	0	0	0	0	0
2020-05-27	0	0	0	0	0	0	0	0
2020-05-28	0	0	0	0	0	0	0	0
2020-05-29	0	0	0	0	0	0	0	0
2020-05-30	0	0	0	0	0	0	0	0
2020-05-31	0	0	0	0	0	0	0	0
2020-06-01	0	0	0	0	0	0	0	0
2020-06-02	0	0	0	0	0	0	0	0
2020-06-03	0	0	0	0	0	0	0	0
2020-06-04	0	0	0	0	0	0	0	0
2020-06-05	0	0	0	0	0	0	0	0
2020-06-06	0	0	0	0	0	0	0	0
2020-06-07	0	0	0	0	0	0	0	0
2020-06-08	0	0	0	0	0	0	0	0
2020-06-09	0	0	0	0	0	0	0	0
2020-06-10	0	0	0	0	0	0	0	0
2020-06-11	0	0	0	0	0	0	0	0
2020-06-12	0	0	0	0	0	0	0	0
2020-06-13	0	0	0	0	0	0	0	0
2020-06-14	0	0	0	0	0	0	0	0
2020-06-15	0	0	0	0	0	0	0	0
2020-06-16	0	0	0	0	0	0	0	0
2020-06-17	0	0	0	0	0	0	0	0
2020-06-18	0	0	0	0	0	0	0	0
2020-06-19	0	0	0	0	0	0	0	0
2020-06-20	0	0	0	0	0	0	0	0
2020-06-21	0	0	0	0	0	0	0	0
2020-06-22	0	0	0	0	0	0	0	0
2020-06-23	0	0	0	0	0	0	0	0
2020-06-24	0	0	0	0	0	0	0	0
2020-06-25	0	0	0	0	0	0	0	0
2020-06-26	0	0	0	0	0	0	0	0
2020-06-27	0	0	0	0	0	0	0	0
2020-06-28	0	0	0	0	0	0	0	0
2020-06-29	0	0	0	0	0	0	0	0
2020-06-30	0	0	0	0	0	0	0	0
2020-07-01	0	0	0	0	0	0	0	0
2020-07-02	0	0	0	0	0	0	0	0
2020-07-03	0	0	0	0	0	0	0	0
2020-07-04	0	0	0	0	0	0	0	0
2020-07-05	0	0	0	0	0	0	0	0
2020-07-06	0	0	0	0	0	0	0	0
2020-07-07	0	0	0	0	0	0	0	0
2020-07-08	0	0	0	0	0	0	0	0
2020-07-09	0	0	0	0	0	0	0	0
2020-07-10	0	0	0	0	0	0	0	0
2020-07-11	0	0	0	0	0	0	0	0
2020-07-12	0	0	0	0	0	0	0	0
2020-07-13	0	0	0	0	0	0	0	0
2020-07-14	0	0	0	0	0	0	0	0
2020-07-15	0	0	0	0	0	0	0	0
2020-07-16	0	0	0	0	0	0	0	0
2020-07-17	0	0	0	0	0	0	0	0
2020-07-18	0	0	0	0	0	0	0	0
2020-07-19	0	0	0	0	0	0	0	0
2020-07-20	0	0	0	0	0	0	0	0
2020-07-21	0	0	0	0	0	0	0	0
2020-07-22	0	0	0	0	0	0	0	0
2020-07-23	0	0	0	0	0	0	0	0
2020-07-24	0	0	0	0	0	0	0	0
2020-07-25	0	0	0	0	0	0	0	0
2020-07-26	0	0	0	0	0	0	0	0
2020-07-27	0	0	0	0	0	0	0	0
2020-07-28	0	0	0	0	0	0	0	0
2020-07-29	0	0	0	0	0	0	0	0
2020-07-30	0	0	0	0	0	0	0	0
2020-07-31	0	0	0	0	0	0	0	0
2020-08-01	0	0	0	0	0	0	0	0
2020-08-02	0	0	0	0	0	0	0	0
2020-08-03	0	0	0	0	0	0	0	0
2020-08-04	0	0	0	0	0	0	0	0
2020-08-05	0	0	0	0	0	0	0	0
2020-08-06	0	0	0	0	0	0	0	0
2020-08-07	0	0	0	0	0	0	0	0
2020-08-08	0	0	0	0	0	0	0	0
2020-08-09	0	0	0	0	0	0	0	0
2020-08-10	0	0	0	0	0	0	0	0
2020-08-11	0	0	0	0	0	0	0	0
2020-08-12	0	0	0	0	0	0	0	0
2020-08-13	0	0	0	0	0	0	0	0
2020-08-14	0	0	0	0	0	0	0	0
2020-08-15	0	0	0	0	0	0	0	0
2020-08-16	0	0	0	0	0	0	0	0
2020-08-17	0	0	0	0	0	0	0	0
2020-08-18	0	0	0	0	0	0	0	0
2020-08-19	0	0	0	0	0	0	0	0
2020-08-20	0	0	0	0	0	0	0	0
2020-08-21	0	0	0	0	0	0	0	0
2020-08-22	0	0	0	0	0	0	0	0
2020-08-23	0	0	0	0	0	0	0	0
2020-08-24	0	0	0	0	0	0	0	0
2020-08-25	0	0	0	0	0	0	0	0
2020-08-26	0	0	0	0	0	0	0	0
2020-08-27	0	0	0	0	0	0	0	0
2020-08-28	0	0	0	0	0	0	0	0
2020-08-29	0	0	0	0	0	0	0	0
2020-08-30	0	0	0	0	0	0	0	0
2020-08-31	0	0	0	0	0	0	0	0
2020-09-01	0	0	0	0	0	0	0	0
2020-09-02	0	0	0	0	0	0	0	0
2020-09-03	0	0	0	0	0	0	0	0
2020-09-04	0	0	0	0	0	0	0	0
2020-09-05	0	0	0	0	0	0	0	0
2020-09-06	0	0	0	0	0	0	0	0
2020-09-07	0	0	0	0	0	0	0	0
2020-09-08	0	0	0	0	0	0	0	0
2020-09-09	0	0	0	0	0	0	0	0
2020-09-10	0	0	0	0	0	0	0	0
2020-09-11	0	0	0	0	0	0	0	0
2020-09-12	0	0	0	0	0	0	0	0
2020-09-13	0	0	0	0	0	0	0	0
2020-09-14	0	0	0	0	0	0	0	0
2020-09-15	0	0	0	0	0	0	0	0
2020-09-16	0	0	0	0	0	0	0	0
2020-09-17	0	0	0	0	0	0	0	0
2020-09-18	0	0	0	0	0	0	0	0
2020-09-19	0	0	0	0	0	0	0	0
2020-09-20	0	0	0	0	0	0	0	0
2020-09-21	0	0	0	0	0	0	0	0
2020-09-22	0	0	0	0	0	0	0	0
2020-09-23	0	0	0	0	0	0	0	0
2020-09-24	0	0	0	0	0	0	0	0
2020-09-25	0	0	0	0	0	0	0	0
2020-09-26	0	0	0	0	0	0	0	0
2020-09-27	0	0	0	0	0	0	0	0
2020-09-28	0	0	0	0	0	0	0	0
2020-09-29	0	0	0	0	0	0	0	0
2020-09-30	0	0	0	0	0	0	0	0
2020-10-01	0	0	0	0	0	0	0	0
2020-10-02	0	0	0	0	0	0	0	0
2020-10-03	0	0	0	0	0	0	0	0
2020-10-04	0	0	0	0	0	0	0	0
2020-10-05	0	0	0	0	0	0	0	0
2020-10-06	0	0	0	0	0	0	0	0
2020-10-07	0	0	0	0	0	0	0	0
2020-10-08	0	0	0	0	0	0	0	0
2020-10-09	0	0	0	0	0	0	0	0
2020-10-10	0	0	0	0	0	0	0	0
2020-10-11	0	0	0	0	0	0	0	0
2020-10-12	0	0	0	0	0	0	0	0
2020-10-13	0	0	0	0	0	0	0	0
2020-10-14	0	0	0	0	0	0	0	0
2020-10-15	0	0	0	0	0	0	0	0
2020-10-16	0	0	0	0	0	0	0	0
2020-10-17	0	0	0	0	0	0	0	0
2020-10-18	0	0	0	0	0	0	0	0
2020-10-19	0	0	0	0	0	0	0	0
2020-10-20	0	0	0	0	0	0	0	0
2020-10-21	0	0	0	0	0	0	0	0
2020-10-22	0	0	0	0	0	0	0	0
2020-10-23	0	0	0	0	0	0	0	0
2020-10-24	0	0	0	0	0	0	0	0
2020-10-25	0	0	0	0	0	0	0	0
2020-10-26	0	0	0	0	0	0	0	0
2020-10-27	0	0	0	0	0	0	0	0
2020-10-28	0	0	0	0	0	0	0	0
2020-10-29	0	0	0	0	0	0	0	0
2020-10-30	0	0	0	0	0	0	0	0
2020-10-31	0	0	0	0	0	0	0	0
2020-11-01	0	0	0	0	0	0	0	0
2020-11-02	0	0	0	0	0	0	0	0
2020-11-03	0	0	0	0	0	0	0	0
2020-11-04	0	0	0	0	0	0	0	0
2020-11-05	0	0	0	0	0	0	0	0
2020-11-06	0	0	0	0	0	0	0	0
2020-11-07	0	0	0	0	0	0	0	0
2020-11-08	0	0	0	0	0	0	0	0
2020-11-09	0	0	0	0	0	0	0	0
2020-11-10	0	0	0	0	0	0	0	0
2020-11-11	0	0	0	0	0	0	0	0
2020-11-12	0	0	0	0	0	0	0	0
2020-11-13	0	0	0	0	0	0	0	0
2020-11-14	0	0	0	0	0	0	0	0
2020-11-15	0	0	0	0	0	0	0	0
2020-11-16	0	0	0	0	0	0	0	0
2020-11-17	0	0	0	0	0	0	0	0
2020-11-18	0	0	0	0	0	0	0	0
2020-11-19	0	0	0	0	0	0	0	0
2020-11-20	0	0	0	0	0	0	0	0
2020-11-21	0	0	0	0	0	0	0	0
2020-11-22	0	0	0	0	0	0	0	0
2020-11-23	0	0	0	0	0	0	0	0
2020-11-24	0	0	0	0	0	0	0	0
2020-11-25	0	0	0	0	0	0	0	0
2020-11-26	0	0	0	0	0	0	0	0
2020-11-27	0	0	0	0	0	0	0	0
2020-11-28	0	0	0	0	0	0	0	0
2020-11-29	0	0	0	0	0	0	0	0
2020-11-30	0	0	0	0	0	0	0	0
2020-12-01	0	0	0	0	0	0	0	0
2020-12-02	0	0	0	0	0	0	0	0
2020-12-03	0	0	0	0	0	0	0	0
2020-12-04	0	0	0	0	0	0	0	0
2020-12-05	0	0	0	0	0	0	0	0
2020-12-06	0	0	0	0	0	0	0	0
2020-12-07	0	0	0	0	0	0	0	0
2020-12-08	0	0	0	0	0	0	0	0
2020-12-09	0	0	0	0	0	0	0	0
2020-12-10	0	0	0	0	0	0	0	0
2020-12-11	0	0	0	0	0	0	0	0
2020-12-12	0	0	0	0	0	0	0	0
2020-12-13	0	0	0	0	0	0	0	0
2020-12-14	0	0	0	0	0	0	0	0
2020-12-15	0	0	0	0	0	0	0	0
2020-12-16	0	0	0	0	0	0	0	0
2020-12-17	0	0	0	0	0	0	0	0
2020-12-18	0	0	0	0	0	0	0	0
2020-12-19	0	0	0	0	0	0	0	0
2020-12-20	0	0	0	0	0	0	0	0
2020-12-21	0	0	0	0	0	0	0	0
2020-12-22	0	0	0	0	0	0	0	0
2020-12-23	0	0	0	0	0	0	0	0
2020-12-24	0	0	0	0	0	0	0	0
2020-12-25	0	0	0	0	0	0	0	0
2020-12-26	0	0	0	0	0	0	0	0
2020-12-27	0	0	0	0	0	0	0	0
2020-12-28	0	0	0	0	0	0	0	0
2020-12-29	0	0	0	0	0	0	0	0
2020-12-30	0	0	0	0	0	0	0	0
2020-12-31	0	0	0	0	0	0	0	0
2021-01-01	0	0	0	0	0	0	0	0
2021-01-02	0	0	0	0	0	0	0	0
2021-01-03	0	0	0	0	0	0	0	0
2021-01-04	0	0	0	0	0	0	0	0
2021-01-05	0	0	0	0	0	0	0	0
2021-01-06	0	0	0	0	0	0	0	0
2021-01-07	0	0	0	0	0	0	0	0
2021-01-08	0	0	0	0	0	0	0	0
2021-01-09	0	0	0	0	0	0	0	0
2021-01-10	0	0	0	0	0	0	0	0
2021-01-11	0	0	0	0	0	0	0	0
2021-01-12	0	0	0	0	0	0	0	0
2021-01-13	0	0	0	0	0	0	0	0
2021-01-14	0	0	0	0	0	0	0	0
2021-01-15	0	0	0	0	0	0	0	0
2021-01-16	0	0	0	0	0	0	0	0
2021-01-17	0	0	0	0	0	0	0	0
2021-01-18	0	0	0	0	0	0	0	0
2021-01-19	0	0	0	0.0029549388213712113	0.0022605262945563087	0.00346645743339713	0.004646597288171295	0.002945637292765202
2021-01-20	0	0	0	0.004270771476346358	0.004766406751194552	0.004766358906117096	0.003798673894501503	0.002612802187114127
2021-01-21	0	0	0	0.0013656539659994138	0.0036210796204665385	0.004971682228541718	0.0033386861160478176	0.002208131967571747
2021-01-22	0	0	0	0	1.6836434073086437e-4	3.138415343755252e-4	6.687099657529672e-4	8.354393370257895e-5
2021-01-23	0	0	0	0.0015762513942152445	0.0017043728367081012	0.0025407772544530083	0.0017349818923735327	3.162761935995295e-4
2021-01-24	0	0	0	0.0020080326348168587	9.037594889589329e-4	0.0018855476992747366	0.0012691698792679507	1.8918279830160145e-4
2021-01-25	0	0	0	0.008672649867778492	0.006626833568873058	0.008148705570100834	0.006956542816433542	0.004395773204435294
2021-01-26	0	0	0	0.01095178531301122	0.014614237509222194	0.022318920368054718	0.018643172558032717	0.03783263881927379
2021-01-27	0	0	0	0.0191603533087481	0.016269362946594423	0.023962272374024263	0.03228911651217392	0.1101480153675145
2021-01-28	0	0	0	0.015232514200747005	0.021308597038181887	0.02907549132049958	0.03650936704390295	0.1384780859243231
2021-01-29	0	0	0	0.016170048036120432	0.02158155085216329	0.030723120860981945	0.04030113087553455	0.10954913242014008
2021-01-30	0	0	0	0.006532407216445213	0.007299253690236984	0.009760342725660731	0.01392462055337984	0.0708665210184376
2021-01-31	0	0	0	0.006544065930472076	0.00976217263953516	0.01376678821544175	0.021440748778926322	0.04968801185114402
2021-02-01	0	0	0	0.004361641753517276	0.0112427290352759	0.012038290162593723	0.013201464402434304	0.02553176927992218
2021-02-02	0	0	0	0.003943593360702824	0.00960387402014562	0.010442836168318204	0.01038793989063791	0.017235547399213624
2021-02-03	0	0	0	0.003652415161846445	0.006285954963982876	0.005985630508454021	0.006246610500185934	0.013482611180600568
2021-02-04	0	0	0	0.0017110331847878246	0.005260067355918663	0.005766135587827792	0.00547750492701593	0.005694702347448066
2021-02-05	0	0	0	6.894570730580085e-4	0.0026364541594372515	0.0028885165374004096	0.00175677896179538	0.0028632572747506746
2021-02-06	0	0	0	2.025213918412927e-4	8.055854247330796e-4	0.0011364314867252645	5.015674060062647e-4	8.846375698050579e-4
2021-02-07	0	0	0	5.678323116387052e-4	4.0937468446444747e-4	6.622122041815004e-4	4.833002573370049e-4	8.988858314662451e-5
2021-02-08	0	0	0	9.214254456524351e-5	4.6053840038240423e-4	6.277242907763991e-4	4.4873952838164755e-4	6.165620590352638e-4
2021-02-09	0	0	0	2.6104548828809193e-4	7.257692947078009e-4	0.001168665265044222	7.243533874738972e-4	0.0011182188307337082
2021-02-10	0	0	0	4.837734398528415e-4	0.001303034185702323	0.0016943999721099612	0.0012591446620098257	0.0017045950473204563
2021-02-11	0	0	0	4.4667783918317383e-4	0.001278721831738494	0.0016909747263373909	0.0010453102470975306	0.0022948946169771833
2021-02-12	0	0	0	2.0844551811882717e-4	3.086166278112312e-4	3.330606830267424e-4	3.2839105027360205e-4	1.9280571801383317e-4
2021-02-13	0	0	0	1.304418719796363e-4	3.682571788250488e-4	4.4436081739518407e-4	2.769361642451784e-4	1.213398345636385e-4
2021-02-14	0	0	0	2.4835465139827484e-4	3.71293576424625e-4	3.574483324220168e-4	9.803307532929573e-5	7.567530755259178e-5
2021-02-15	0	0	0	6.080228618010608e-5	1.5128761354299414e-4	1.7337210846868345e-4	5.953178254358704e-5	1.1726422571700645e-4
2021-02-16	0	0	0	4.11686005566958e-4	4.149018974541896e-4	3.7276366909066994e-4	9.112572164915456e-5	1.5297251408696866e-4
2021-02-17	0	0	0	1.6888801347425542e-4	3.50576993991325e-4	3.926869643122721e-4	1.7129328500553598e-4	1.241011287502758e-4
2021-02-18	0	0	0	6.426391211797888e-4	8.015132892176258e-4	9.313420182996968e-4	2.6124249946346545e-4	1.4106669953384277e-4
2021-02-19	0	0	0	8.175779595591681e-4	0.0011213217116026186	0.001315220817240892	4.23000498757764e-4	1.955709699128505e-4
2021-02-20	0	0	0	5.807201051568622e-4	0.001000805455327658	8.366476824539504e-4	2.588605830891044e-4	1.669708111153856e-4
2021-02-21	0	0	0	8.843688250210757e-4	0.0011921075084431187	0.0013914672014891938	4.110322030439484e-4	2.0596863336774796e-4
2021-02-22	0	0	0	1.8070112071577604e-4	0.0010127577110010666	5.606291368078775e-4	1.3164641909457764e-4	1.1856256579800828e-4
2021-02-23	0	0	0	5.276580867490388e-4	4.5177093093307086e-4	3.721830428413675e-4	1.1045059908143529e-4	9.907834626310397e-5
2021-02-24	0	0	0	3.420411329471129e-4	5.451157240707882e-4	5.757910300978608e-4	1.7745244863842657e-4	9.500341423884784e-5
2021-02-25	0	0	0	4.132146074142806e-4	6.753635846659112e-4	0.00064121430407437785	1.383881928851416e-4	1.2941138421962428e-4
2021-02-26	0	0	0	1.59400653795716e-4	2.2195231792720982e-4	2.9345273255221294e-4	1.3234141840912095e-4	7.855248145216542e-5
2021-02-27	0	0	0	1.5389350592176498e-4	1.5463718274166816e-4	1.268330012287322e-4	6.0579809369354365e-5	2.5915631662210004e-5
2021-02-28	0	0	0	1.1237533370289654e-4	1.7951112208902664e-4	2.0475164381905664e-4	7.782162853353647e-5	6.008639566679186e-5
2021-03-01	0	0	0	7.391939092959987e-5	2.3439454112716973e-4	1.561822805775659e-4	5.05180202068356e-5	5.701156765858251e-5
2021-03-02	0	0	0	2.177660835780415e-4	2.873024986198569e-4	3.1505358478778334e-4	1.144400137720325e-4	2.3536534525292474e-4
2021-03-03	0	0	0	4.966388270755129e-4	6.901244775909809e-4	5.169435616754203e-4	1.6317185049552485e-4	3.5532544283656264e-4
2021-03-04	0	0	0	0.001068109264503514	9.431763738756427e-4	7.588719297419999e-4	1.914050217577401e-4	1.6818500380111345e-4
2021-03-05	0	0	0	4.006276540042819e-4	4.8576969748692633e-4	3.612868292042215e-4	1.4750386603101795e-4	1.0858088274501299e-4
2021-03-06	0	0	0	1.6106301616614083e-4	2.150008068741993e-4	1.6136141247380387e-4	2.8535758874292938e-5	3.3202735907789105e-5
2021-03-07	0	0	0	1.2489072074117757e-4	8.704882717913698e-5	3.937711037083069e-5	1.860711768819634e-5	3.0328157559322833e-5
2021-03-08	0	0	0	2.1362141768221932e-4	3.2037389723660326e-4	1.6404960511140487e-4	6.645801144578023e-5	3.576943845717828e-5
2021-03-09	0	0	0	5.06031456465772e-4	7.203198086438434e-4	4.939163874886354e-4	1.3567876710740556e-4	0.00034297246251902003
2021-03-10	0	0	0	0.001133465662022548	0.0014594370803029388	7.086782762120158e-4	1.6205881318520632e-4	4.681465362770254e-4
2021-03-11	0	0	0	8.275880834600624e-4	0.0019930165996815408	0.0011322157008213374	2.4007743675058535e-4	2.02091649078584e-4
2021-03-12	0	0	0	6.826931177361661e-4	0.0015216454246695932	7.80027500663083e-4	2.2605061130076542e-4	1.7974174415735789e-4
2021-03-13	0	0	0	3.129005296336196e-4	3.4865918072313207e-4	1.950714302922929e-4	7.886120165156996e-5	5.706990861154004e-5
2021-03-14	0	0	0	1.1565573922367456e-4	1.454154156803611e-4	9.203018594972079e-5	3.173822313762287e-5	3.527904025002471e-5
2021-03-15	0	0	0	7.292948872770211e-4	0.0012823522091232054	5.549091160030883e-4	1.265507744063754e-4	6.780474675860404e-5
2021-03-16	0	0	0	9.582333402404775e-4	0.0017104745138387667	9.686737749179386e-4	2.4760759746600414e-4	5.581408059482929e-4
2021-03-17	0	0	0	0.0019778506882415225	0.003423449773830578	0.0015928316333850834	4.08930546587305e-4	0.0013128165454396878
2021-03-18	0	0	0	0.0023145101095416454	0.004158827982622126	0.0018501276440932024	5.952415033816383e-4	6.353923133231021e-4
2021-03-19	0	0	0	0.0019530971393195706	0.002848930428888341	0.0014065622181038684	4.20472046347653e-4	0.002084639049141135
2021-03-20	0	0	0	0.001124512147446799	0.001398997363038612	8.053030578474285e-4	3.9344585172362834e-4	0.0029899359648428714
2021-03-21	0	0	0	7.433299668277993e-4	7.389453613251273e-4	3.669793189307047e-4	1.6120368162342302e-4	9.439353024069952e-4
2021-03-22	0	0	0	0.0012509991841522794	0.0022108144446619793	9.46573173508769e-4	1.8532274453875175e-4	9.171451837395317e-4
2021-03-23	0	0	0	0.001647644663093084	0.003058982510601105	0.001542713054124123	8.436104257296684e-4	0.0030238098190069618
2021-03-24	0	0	0	0.0026554035194321646	0.0037084505981919147	0.002000817546099265	0.0016208962322368237	0.006422026213335652
2021-03-25	0	0	0	0.0025028083513209953	0.004180181858726817	0.0020636300005556496	9.78142226304879e-4	0.006105468370051881
2021-03-26	0	0	0	0.0028043115878948477	0.0037125657683341196	0.0019111596030092493	0.002504618808545356	0.006382573725300711
2021-03-27	0	0	0	0.0011017116712446207	0.0017459412970746158	0.001096047915475129	0.0011061501173141863	0.0037148514555123135
2021-03-28	0	0	0	6.727417473673114e-4	7.75039917344067e-4	4.084912632325022e-4	1.7117468659799684e-4	4.2988944621979996e-4
2021-03-29	0	0	0	0.0024222247930858476	0.00374675550359993	0.0016204508217589897	6.39857718461645e-4	0.00157662648539314
2021-03-30	0	0	0	0.0035422166639653696	0.006353428431805197	0.0025798024776484407	0.0013713023453540973	0.004607782607042976
2021-03-31	0	0	0	0.005061627016866188	0.00701015538002836	0.002930176967497866	0.0010767680064351914	0.003592624039150394
2021-04-01	0	0	0	0.0038651905763147365	0.005498334791788295	0.0023130421656427647	6.521158070147415e-4	0.0035515350774342203
2021-04-02	0	0	0	0.00346923854536052	0.004380511890798022	0.002244578379848594	0.0016001783211154752	0.009036062730090721
2021-04-03	0	0	0	0.00215255392968694	0.0023017368234681257	0.0012275778894814682	7.997078079269304e-4	0.006156453308711951
2021-04-04	0	0	0	0.0016066560053769052	0.0013511686178653282	6.428576009873677e-4	7.488079900395128e-4	0.0017065631732775532
2021-04-05	0	0	0	0.003370964264713505	0.004047999311547867	0.0016870898072391949	8.428568013316706e-4	0.0012653724229250152
2021-04-06	0	0	0	0.004609565476660915	0.0068225436982569665	0.0030439991660349275	0.0023294730169545197	0.00411787269300623
2021-04-07	0	0	0	0.006413641426162853	0.008312272727524217	0.003589951614065834	0.0018036967433576745	0.00849395841167433
2021-04-08	0	0	0	0.0067319551267945865	0.008428383224973635	0.0037209230453896236	0.0023169398149827103	0.016736311799687487
2021-04-09	0	0	0	0.005645897392288379	0.006064722011233981	0.0028093679072964672	0.003014736631587578	0.01469967707684261
2021-04-10	0	0	0	0.0019467185348260863	0.0023172052192561576	0.0011565267314925798	0.002052473012613909	0.009800503581095077
2021-04-11	0	0	0	0.0020288782147275253	0.0015398617090678357	6.231291619902546e-4	0.001021405944517051	0.0014403543060561574
2021-04-12	0	0	0.026491235868139507	0.004803825668713513	0.005538987965113318	0.0021435145027732805	0.0014374250270425826	0.0036559159157703025
2021-04-13	0	0	0	0.007571339247982589	0.009158273167477304	0.003968595802620323	0.0037681261336153238	0.016610618491306184
2021-04-14	0	0	0.027212152335712503	0.010858257199404031	0.010818796114793638	0.005487732882399898	0.008514695172623599	0.03779609105749038
2021-04-15	0	0	0	0.009147215976565759	0.009333999073673827	0.004809207539914873	0.00756593421610563	0.042333372188966045
2021-04-16	0	0	0.02797340563346129	0.007151157586736234	0.007650086701348924	0.0039022518580760224	0.008696271089002394	0.03740676569130352
2021-04-17	0	0	0	0.003999889721219674	0.004195260947317703	0.002233713036616125	0.005983060068826207	0.02313778376427722
2021-04-18	0	0	0	0.0016081482096468314	0.0017279017791844709	0.0010777977633975588	0.005068894271284208	0.008865390731766398
2021-04-19	0	0	0	0.006853599276778866	0.007465980650713577	0.003542156144432651	0.00946233019383591	0.01761813719729033
2021-04-20	0	0	0	0.008550458747754286	0.00903245793040175	0.004950700349575898	0.014904245769874924	0.04964037006407551
2021-04-21	0	0	0	0.011540626750822902	0.010998850769615709	0.0063979441530259695	0.022812622863777055	0.08170973036314622
2021-04-22	0	0	0	0.01167621405722108	0.012171683003368905	0.0073358632017073155	0.029573658802782177	0.11187879958955427
2021-04-23	0	0	0	0.0040320459656446594	0.004223487996491082	0.0032227793172432406	0.010761359393892667	0.050119028751805406
2021-04-24	0	0	0	0.003365449922123398	0.0030819437265314775	0.00221080006802743	0.010262384649053491	0.026168697752595893
2021-04-25	0	0	0	8.392983198504123e-4	5.936522470328942e-4	3.4746777635774606e-4	0.0016749583060766682	0.003558997588574586
2021-04-26	0	0	0	0.0015488335682924959	0.0011714910083766572	6.616417413061182e-4	7.611087396357519e-4	0.003516920478601193
2021-04-27	0	0	0	0.007384718953197256	0.007260310632651867	0.0038932018969399795	0.012346128708810467	0.026960893317794277
2021-04-28	0	0	0	0.011516573653698847	0.011162143592448714	0.007031619616408413	0.033339409533922115	0.09642008341971975
2021-04-29	0	0	0	0.010474124194972845	0.01074743271432177	0.007265596134599317	0.037266019588237054	0.09582430340454384
2021-04-30	0	0	0	0.010562991580586711	0.010373429089224118	0.007874389749678468	0.03688136871875258	0.09933007309370856
2021-05-01	0	0	0	0.007905807869675652	0.007604882685774861	0.007122858129664511	0.0446756755256803	0.10066257988468053
2021-05-02	0	0	0	0.002676106170992787	0.002668333148461821	0.002770653614300178	0.01771054286494378	0.04273686989579506
2021-05-03	0	0	0	0.006581684826023171	0.005888895815890249	0.004275751052081889	0.016638415312403954	0.038084304391400314
2021-05-04	0	0	0	0.008314372249729862	0.007901428812521427	0.006721296209013294	0.028042912886620863	0.055928175123026724
2021-05-05	0	0	0.026491235868139507	0.010148043139748486	0.010063575323088214	0.009346819920200033	0.049154709031346444	0.06902625764922643
2021-05-06	0	0	0.027212152335712503	0.010195590970310198	0.009696706457810178	0.009263578307461717	0.06334410093489451	0.08643483215512782
2021-05-07	0	0	0	0.010682631650309471	0.009902716940587197	0.010095170695392452	0.07623860855161357	0.09776717290136805
2021-05-08	0	0	0.027212152335712503	0.010720760927217965	0.008764015268916792	0.0096149945826014	0.07819928457308678	0.09011790467161473
2021-05-09	0	0	0	0.004125952617693551	0.004257090823038601	0.0050427745641346	0.04562446122065089	0.053352220525863636
2021-05-10	0	0	0	0.0069327815379656155	0.006262786848488355	0.006347627247732079	0.04611081596513622	0.05747094536586528
2021-05-11	0	0	0	0.008948996736571235	0.008881646616105021	0.008441539284750998	0.051241593335122015	0.05635484325771478
2021-05-12	0	0	0	0.012419219021094774	0.011663454983766641	0.011827173173770467	0.0724425889778777	0.07270996708395261
2021-05-13	0	0	0.05334294643084947	0.011593032534314096	0.010826139367341003	0.012334273052304168	0.07050152086025618	0.06798804620218335
2021-05-14	0	0	0	0.010823651185491778	0.010267481889729257	0.01292242295546342	0.09154975117486974	0.08129868074313529
2021-05-15	0	0	0	0.009204891608448174	0.00940949849992756	0.011683750092312817	0.0839175041932132	0.062264299204125795
2021-05-16	0	0	0	0.004799420192446835	0.005729728809968471	0.0083561547972002	0.038288948735992534	0.03317992395031277
2021-05-17	0	0	0.0851457844873238	0.005770522363706787	0.006281335635275775	0.00882282331153239	0.045781940972538626	0.04221366424666262
2021-05-18	0	0	0.030536144330676196	0.010730528037577791	0.010870175547287753	0.014037411402124667	0.06372901162692157	0.05117584380062823
2021-05-19	0	0	0	0.0122204375461199	0.012762349446955978	0.015500111663614646	0.06990077486468982	0.05846420196667079
2021-05-20	0	0	0.03149803149704722	0.011353295162240373	0.01224617961978347	0.017100639465431833	0.07327364271359893	0.06516506903959907
2021-05-21	0	0	0.03252249264814111	0.010890690826068639	0.012020628213570195	0.015744072718618884	0.07132408509994259	0.05355868187987434
2021-05-22	0	0	0.03361583949964997	0.012566693689933128	0.011317601040784941	0.01371557654672384	0.04495322750921482	0.03253009830225362
2021-05-23	0	0	0	0.005260773397506302	0.004617033036121487	0.005105585757057662	0.027243763196233672	0.01205440748273312
2021-05-24	0	0	0	0.0034799160084819647	0.003006118014842185	0.0028075368350688468	0.022303843184841687	0.009950511724802213
2021-05-25	0	0	0	0.009773770431651174	0.009646303491627872	0.010064665994889088	0.06111626663900038	0.03290445528562813
2021-05-26	0	0	0	0.017506820413589308	0.014424731689430148	0.01650785210112171	0.06943925556552322	0.04522599764715429
2021-05-27	0	0	0	0.02071830797442109	0.018381896723695057	0.024072611078927775	0.0864453124385085	0.054741554895352484
2021-05-28	0	0	0	0.024111604453318725	0.020414741353719457	0.025595946146714565	0.07185241211525972	0.04804194785730509
2021-05-29	0	0	0	0.02576304711046662	0.019654113556582864	0.023998474282332927	0.0637398165770191	0.03418221297632318
2021-05-30	0	0	0.09923614675403414	0.012280694518670865	0.00938752720296998	0.013170423119152508	0.03237651447972434	0.015919453183457666
2021-05-31	0	0	0	0.011818682207400233	0.010508256912279412	0.011676785675547752	0.048425381873426154	0.025040111043770352
2021-06-01	0	0	0	0.02117953983047194	0.016716650436574554	0.021505492110344804	0.06164801664870101	0.04405834458273916
2021-06-02	0	0	0.1101776349538639	0.023439608288528868	0.016419090484070864	0.02264300552576115	0.05392392493348619	0.042784330614643595
2021-06-03	0	0	0	0.02303049886741837	0.015412082033572805	0.02144071079852017	0.0529080086860354	0.04360630802790011
2021-06-04	0	0	0.038838648618159555	0.022897341151909556	0.017790416430243816	0.023816258696568005	0.059676355805251324	0.04107635074112381
2021-06-05	0	0	0	0.022965918694515475	0.015478610343395927	0.021279867123576546	0.04629284314531601	0.025817006307548906
2021-06-06	0	0	0	0.015206975089226304	0.009255672791309344	0.012266923721867995	0.027308091386513578	0.011598879730573941
2021-06-07	0	0	0	0.012574228388427366	0.010066944260234578	0.017228986346628616	0.04040044957544242	0.022990721566205297
2021-06-08	0	0	0	0.015658201119982174	0.01138727626400482	0.021292505248635907	0.04902814097806507	0.025829716835381378
2021-06-09	0	0	0	0.019523817526945653	0.013469708383929468	0.02478904107278268	0.04609173913060127	0.031217863299451976
2021-06-10	0	0	0	0.020021730083889855	0.013928194027659657	0.030076679410133034	0.052792876576710945	0.03400501058069638
2021-06-11	0	0	0	0.02213087449245177	0.016342500559639817	0.03290207203647855	0.05205192504700862	0.031704506120978415
2021-06-12	0	0	0.03252249264814111	0.022680973261252735	0.014509819252529477	0.03814492457852481	0.0497097046605226	0.027737018620704212
2021-06-13	0	0	0	0.012168404377588038	0.008161712669787047	0.02140874727583797	0.022912545712318932	0.011644860663878154
2021-06-14	0	0	0	0.015659479411898047	0.009893679794481525	0.02797225598259634	0.03335777353933622	0.021171406184623542
2021-06-15	0	0	0	0.017145175497965903	0.009719548296656999	0.03273248115553251	0.03880796896005356	0.02734921793070555
2021-06-16	0	0	0	0.019151643692514098	0.010100454565280526	0.03582851513997176	0.03932991158513599	0.03338512477886835
2021-06-17	0	0	0	0.020705990462676516	0.011695004048176694	0.0398396779222856	0.05228556259548056	0.03496457158597077
2021-06-18	0	0	0	0.02143621670996043	0.011293502920145748	0.04039084840068319	0.04539957670920125	0.028731317927528144
2021-06-19	0	0	0	0.019345883207849912	0.009144566467367277	0.036098435927589545	0.033227744046038454	0.018302935049126834
2021-06-20	0	0	0	0.008919870829459997	0.004208817249091057	0.01732734645819467	0.014221041300297221	0.007621441070345902
2021-06-21	0	0	0	0.010072296320650986	0.0049210933105443555	0.023681787592706005	0.019568269227754786	0.008465586341860565
2021-06-22	0	0	0	0.015601234269165598	0.00840494103835554	0.03436700989412844	0.02830201985926517	0.01703720933986541
2021-06-23	0	0	0	0.02002101523139843	0.009396810607626982	0.03587184623085249	0.03304480203632787	0.02407022922296531
2021-06-24	0	0	0	0.020579464974334716	0.01038080944569586	0.03941589848952387	0.03970576164496231	0.02811336990450375
2021-06-25	0	0	0	0.019345118192628075	0.01052206978258341	0.04122657225212256	0.033854825387602316	0.022810618150216788
2021-06-26	0	0	0	0.020448826577015966	0.012085059018435151	0.04829199988438071	0.0324565887043613	0.019761065723567395
2021-06-27	0	0	0	0.012069791870784163	0.006285401741180641	0.028485124559545882	0.018638147041739606	0.011875880611077694
2021-06-28	0	0	0	0.013689269047943098	0.009559952596686072	0.03928324133997729	0.02516962696795466	0.013466455627493268
2021-06-29	0	0	0	0.016932374844118137	0.009637042806497353	0.03886181264255617	0.028243248328184478	0.019554081209797847
2021-06-30	0	0	0.02339261759295086	0.01714540013627719	0.010931656111638377	0.042228525646776705	0.03418378939756006	0.021842854812360812
2021-07-01	0	0	0	0.016149427253156823	0.01107957856728703	0.04290687551007655	0.036047796238851904	0.025809249584234584
2021-07-02	0	0	0	0.017005341757557302	0.0113889504998832	0.04439925810092604	0.030637255599726965	0.020727351870535538
2021-07-03	0	0	0.022857893551677666	0.017089853128508636	0.010753656209629758	0.041963871490410254	0.02699607717185004	0.015104919263452032
2021-07-04	0.11438191683587329	0	0	0.008785039422988472	0.005824779162511451	0.026595055973852588	0.01315473100559017	0.007412949628323062
2021-07-05	0	0	0	0.013146188259454128	0.00910132338678582	0.03672924709146197	0.02471472572156541	0.014871652110122868
2021-07-06	0	0	0.022857893551677666	0.014264918799834048	0.009252379991596893	0.03520629047473767	0.025554230769593067	0.018668206565171097
2021-07-07	0	0	0.02339261759295086	0.014020923584982858	0.010904988849780306	0.03724413877587773	0.02919190374885261	0.018349011740612653
2021-07-08	0	0	0	0.013522006561196731	0.011682502402796002	0.0367381166842391	0.0310066984578945	0.020798296374023195
2021-07-09	0	0	0	0.011216030589626724	0.0119670886415717	0.039697188925556626	0.030299648796162648	0.018247680406517253
2021-07-10	0	0	0.04598315816321108	0.012596312538143861	0.013286294336137594	0.03759462281205539	0.021608891658788654	0.012952388855459684
2021-07-11	0	0	0	0.005664441617497129	0.006638902311858708	0.01909617435414379	0.010200576531415706	0.0056543076372295165
2021-07-12	0	0	0	0.007103521730546403	0.006962515998198526	0.026533509628365426	0.018244050151495994	0.011518737807880486
2021-07-13	0	0	0	0.006985272961814726	0.007963631964607476	0.03509415430615426	0.022619257179810504	0.015236129641227558
2021-07-14	0	0	0.04598315816321108	0.006016266887298949	0.010408706276894941	0.031306646396767945	0.02320759168896802	0.01758463167261648
2021-07-15	0	0	0	0.0074149033064390135	0.011936493605740894	0.030580327192966328	0.02064038730046902	0.016251815031646633
2021-07-16	0	0	0	0.00767764980661223	0.01302331488088937	0.03619318296646079	0.02383337935131813	0.01770824767112167
2021-07-17	0	0	0	0.006667710038056551	0.015036876561340007	0.03536999023281706	0.02128591093759291	0.014779318975152833
2021-07-18	0	0	0	0.00560258647855294	0.010412382166907763	0.02196375997359379	0.009437008542868996	0.005578134915690702
2021-07-19	0	0	0	0.003943988826621947	0.00948039433418546	0.027383560993417655	0.014658720629059596	0.011618321852937985
2021-07-20	0	0	0	0.003832206858950471	0.011076804739269974	0.024968930059080074	0.015260546128515129	0.010163167161406417
2021-07-21	0	0	0	0.006229909659623889	0.014567442900707661	0.03463546988870103	0.020591328011084764	0.014369070024209174
2021-07-22	0	0	0	0.005376210035066942	0.013837375695565424	0.029548242463984797	0.01632774240884549	0.01351085063281321
2021-07-23	0.5092880150001402	0.7350889359326482	0.19093193253341822	0	0	0	0.21676204787525055	0.5429678934135385
2021-07-24	0	0	0	0	0	0	0.0260814947420398	0.03196449129810364
2021-07-25	0	0	0	0	0	0	0.021569682952286673	0.025859040240667763
2021-07-26	0	0	0	0	0	0	0.011176781040310724	0.010909859695887869
2021-07-27	0	0.3558759627552761	0	0	0	0	0.011698774637030507	0.014521725620662673
2021-07-28	0	0	0	0	0	0	0.01193202787387837	0.014803229632422088
2021-07-29	0	0	0	0	0	0	0.019183633810222922	0.01971699703724461
2021-07-30	0	0	0.014667839654101789	0	0	0	0.013576720900497108	0.017528001838243323
2021-07-31	0	0	0	9.775061046557454e-4	0	0	0.017375148067065638	0.024222789779409615
2021-08-01	0	0	0	6.64816508906485e-4	0	0.0018710077288388582	0.015504434719803895	0.01523068615676415
2021-08-02	0	0	0.02698589103395377	3.958563698847062e-4	0	0.03239323221731394	0.007884126491922494	0.010073092205730605
2021-08-03	0	0	0	2.352812808479321e-4	0	0.04495798082408875	0.013195004333929505	0.013156572142047906
2021-08-04	0	0	0	5.984505341187774e-4	0	0.04331328271421131	0.014115755654600548	0.018424392509893472
2021-08-05	0	0	0	6.211045108310831e-4	0	0.05244612182360675	0.01994271096370981	0.021890040409734635
2021-08-06	0	0	0	6.095956983500628e-4	0	0.04421709012548236	0.019413134962100953	0.02098951226943413
2021-08-07	0	0	0	7.559774123695462e-4	0	0.04314047950491795	0.01829077057831552	0.02161314739776765
2021-08-08	0	0	0	3.548390518894884e-4	0	0.043906147247360305	0.015972026233012526	0.013841480237463566
2021-08-09	0	0	0	2.2135650930632522e-4	0	0.0174402434789509	0.005205503055553562	0.004977568374222585
2021-08-10	0	0	0	5.177711935326901e-4	0	0.027255221828524467	0.011149400291136535	0.012151734874342068
2021-08-11	0	0	0	4.693025448627708e-4	0	0.02547735253227823	0.012706446496590695	0.01355884440547106
2021-08-12	0.2111456180001683	0	0	6.173161449023468e-4	0	0.027543620342873165	0.016071664066371394	0.018636243421444876
2021-08-13	0	0	0	4.0668247736896923e-4	0	0.027207571780163198	0.016033237194749583	0.01916122294209388
2021-08-14	0	0	0	4.050022519581642e-4	0	0.030553017514274083	0.019759974376113654	0.01821763203206772
2021-08-15	0	0	0	4.2206524433141546e-4	0	0.024410223843199796	0.010965633772806571	0.010385240858461486
2021-08-16	0	0	0	1.0758316594805528e-4	0	0.014173006279067257	0.004855163627094372	0.0031632138765640416
2021-08-17	0	0	0	1.4632316162277448e-4	0	0.012087512957129842	0.0034197371480391148	0.004527291603156236
2021-08-18	0	0	0	1.844259774939072e-4	0	0.01803334526701117	0.01095688689984109	0.010718892932312762
2021-08-19	0	0	0	3.075519502300228e-4	0.0026015326411195083	0.01925494425423535	0.013047968049846093	0.016087696545304953
2021-08-20	0.2679491924311228	0	0.009302599844256854	4.414076837677694e-4	0.009429203582505652	0.021033342824225976	0.01736142145783126	0.017570322066035704
2021-08-21	0	0	0	7.817260494387135e-4	0.008884317584287205	0.021779370143862664	0.013730169707999229	0.018751583589716958
2021-08-22	0	0	0.009064446989776709	4.8278600520523796e-4	0.00884770115637279	0.023303573504277253	0.012687063335434567	0.010407228876444519
2021-08-23	0	0	0	1.3302378142832083e-4	0.004604229746784316	0.013018567783898094	0.006520718386651803	0.00600241306517435
2021-08-24	0	0	0	2.7986177085614905e-4	0.005891155870154874	0.016159971637826676	0.008760392779158632	0.00913111421588586
2021-08-25	0	0	0	9.109283993580242e-4	0.008592180334352939	0.0210006512713361	0.015549811874235209	0.013671445875707233
2021-08-26	0	0	0	0.0012456787958627924	0.010919551915585357	0.023707022483051565	0.019899328569955577	0.021667429370076263
2021-08-27	0	0	7.135228699592933e-4	0.0017357069297598837	0.014468015006473323	0.026845991060934438	0.019191582803895546	0.016591304465692236
2021-08-28	0	0	7.134486682491836e-4	0.001540503191904019	0.016993278139645573	0.03176663396605384	0.01798914369600846	0.020387098240908008
2021-08-29	0	0	0.001427119346465	0.0014386608974004123	0.016924187213959163	0.033552798973786935	0.017642876089827286	0.014441877276056836
2021-08-30	0	0	7.14052113085728e-4	0.0010531238731568138	0.010001605827734572	0.01639030564236621	0.009915299496943364	0.00755763877104787
2021-08-31	0	0	0	4.462411711492198e-4	0.00874661094546303	0.020212762234531167	0.011901141577122853	0.014542300631449345
