2020-02-17	0	0	0	0	0	0	0	0
2020-02-18	0	0	0	0	0	0	0	0
2020-02-19	0	0	0	0	0	0	0	0
2020-02-20	0	0	0	0	0	0	0	0
2020-02-21	0	0	0	0	0	0	0	0
2020-02-22	0	0	0	0	0	0	0	0
2020-02-23	0	0	0	0	0	0	0	0
2020-02-24	0	0	0	0	0	0	0	0
2020-02-25	0	0	0	0	0	0	0	0
2020-02-26	0	0	0	0	0	0	0	0
2020-02-27	0	0	0	0	0	0	0	0
2020-02-28	0	0	0	0	0	0	0	0
2020-02-29	0	0	0	0	0	0	0	0
2020-03-01	0	0	0	0	0	0	0	0
2020-03-02	0	0	0	0	0	0	0	0
2020-03-03	0	0	0	0	0	0	0	0
2020-03-04	0	0	0	0	0	0	0	0
2020-03-05	0	0	0	0	0	0	0	0
2020-03-06	0	0	0	0	0	0	0	0
2020-03-07	0	0	0	0	0	0	0	0
2020-03-08	0	0	0	0	0	0	0	0
2020-03-09	0	0	0	0	0	0	0	0
2020-03-10	0	0	0	0	0	0	0	0
2020-03-11	0	0	0	0	0	0	0	0
2020-03-12	0	0	0	0	0	0	0	0
2020-03-13	0	0	0	0	0	0	0	0
2020-03-14	0	0	0	0	0	0	0	0
2020-03-15	0	0	0	0	0	0	0	0
2020-03-16	0	0	0	0	0	0	0	0
2020-03-17	0	0	0	0	0	0	0	0
2020-03-18	0	0	0	0	0	0	0	0
2020-03-19	0	0	0	0	0	0	0	0
2020-03-20	0	0	0	0	0	0	0	0
2020-03-21	0	0	0	0	0	0	0	0
2020-03-22	0	0	0	0	0	0	0	0
2020-03-23	0	0	0	0	0	0	0	0
2020-03-24	0	0	0	0	0	0	0	0
2020-03-25	0	0	0	0	0	0	0	0
2020-03-26	0	0	0	0	0	0	0	0
2020-03-27	0	0	0	0	0	0	0	0
2020-03-28	0	0	0	0	0	0	0	0
2020-03-29	0	0	0	0	0	0	0	0
2020-03-30	0	0	0	0	0	0	0	0
2020-03-31	0	0	0	0	0	0	0	0
2020-04-01	0	0	0	0	0	0	0	0
2020-04-02	0	0	0	0	0	0	0	0
2020-04-03	0	0	0	0	0	0	0	0
2020-04-04	0	0	0	0	0	0	0	0
2020-04-05	0	0	0	0	0	0	0	0
2020-04-06	0	0	0	0	0	0	0	0
2020-04-07	0	0	0	0	0	0	0	0
2020-04-08	0	0	0	0	0	0	0	0
2020-04-09	0	0	0	0	0	0	0	0
2020-04-10	0	0	0	0	0	0	0	0
2020-04-11	0	0	0	0	0	0	0	0
2020-04-12	0	0	0	0	0	0	0	0
2020-04-13	0	0	0	0	0	0	0	0
2020-04-14	0	0	0	0	0	0	0	0
2020-04-15	0	0	0	0	0	0	0	0
2020-04-16	0	0	0	0	0	0	0	0
2020-04-17	0	0	0	0	0	0	0	0
2020-04-18	0	0	0	0	0	0	0	0
2020-04-19	0	0	0	0	0	0	0	0
2020-04-20	0	0	0	0	0	0	0	0
2020-04-21	0	0	0	0	0	0	0	0
2020-04-22	0	0	0	0	0	0	0	0
2020-04-23	0	0	0	0	0	0	0	0
2020-04-24	0	0	0	0	0	0	0	0
2020-04-25	0	0	0	0	0	0	0	0
2020-04-26	0	0	0	0	0	0	0	0
2020-04-27	0	0	0	0	0	0	0	0
2020-04-28	0	0	0	0	0	0	0	0
2020-04-29	0	0	0	0	0	0	0	0
2020-04-30	0	0	0	0	0	0	0	0
2020-05-01	0	0	0	0	0	0	0	0
2020-05-02	0	0	0	0	0	0	0	0
2020-05-03	0	0	0	0	0	0	0	0
2020-05-04	0	0	0	0	0	0	0	0
2020-05-05	0	0	0	0	0	0	0	0
2020-05-06	0	0	0	0	0	0	0	0
2020-05-07	0	0	0	0	0	0	0	0
2020-05-08	0	0	0	0	0	0	0	0
2020-05-09	0	0	0	0	0	0	0	0
2020-05-10	0	0	0	0	0	0	0	0
2020-05-11	0	0	0	0	0	0	0	0
2020-05-12	0	0	0	0	0	0	0	0
2020-05-13	0	0	0	0	0	0	0	0
2020-05-14	0	0	0	0	0	0	0	0
2020-05-15	0	0	0	0	0	0	0	0
2020-05-16	0	0	0	0	0	0	0	0
2020-05-17	0	0	0	0	0	0	0	0
2020-05-18	0	0	0	0	0	0	0	0
2020-05-19	0	0	0	0	0	0	0	0
2020-05-20	0	0	0	0	0	0	0	0
2020-05-21	0	0	0	0	0	0	0	0
2020-05-22	0	0	0	0	0	0	0	0
2020-05-23	0	0	0	0	0	0	0	0
2020-05-24	0	0	0	0	0	0	0	0
2020-05-25	0	0	0	0	0	0	0	0
2020-05-26	0	0	0	0	0	0	0	0
2020-05-27	0	0	0	0	0	0	0	0
2020-05-28	0	0	0	0	0	0	0	0
2020-05-29	0	0	0	0	0	0	0	0
2020-05-30	0	0	0	0	0	0	0	0
2020-05-31	0	0	0	0	0	0	0	0
2020-06-01	0	0	0	0	0	0	0	0
2020-06-02	0	0	0	0	0	0	0	0
2020-06-03	0	0	0	0	0	0	0	0
2020-06-04	0	0	0	0	0	0	0	0
2020-06-05	0	0	0	0	0	0	0	0
2020-06-06	0	0	0	0	0	0	0	0
2020-06-07	0	0	0	0	0	0	0	0
2020-06-08	0	0	0	0	0	0	0	0
2020-06-09	0	0	0	0	0	0	0	0
2020-06-10	0	0	0	0	0	0	0	0
2020-06-11	0	0	0	0	0	0	0	0
2020-06-12	0	0	0	0	0	0	0	0
2020-06-13	0	0	0	0	0	0	0	0
2020-06-14	0	0	0	0	0	0	0	0
2020-06-15	0	0	0	0	0	0	0	0
2020-06-16	0	0	0	0	0	0	0	0
2020-06-17	0	0	0	0	0	0	0	0
2020-06-18	0	0	0	0	0	0	0	0
2020-06-19	0	0	0	0	0	0	0	0
2020-06-20	0	0	0	0	0	0	0	0
2020-06-21	0	0	0	0	0	0	0	0
2020-06-22	0	0	0	0	0	0	0	0
2020-06-23	0	0	0	0	0	0	0	0
2020-06-24	0	0	0	0	0	0	0	0
2020-06-25	0	0	0	0	0	0	0	0
2020-06-26	0	0	0	0	0	0	0	0
2020-06-27	0	0	0	0	0	0	0	0
2020-06-28	0	0	0	0	0	0	0	0
2020-06-29	0	0	0	0	0	0	0	0
2020-06-30	0	0	0	0	0	0	0	0
2020-07-01	0	0	0	0	0	0	0	0
2020-07-02	0	0	0	0	0	0	0	0
2020-07-03	0	0	0	0	0	0	0	0
2020-07-04	0	0	0	0	0	0	0	0
2020-07-05	0	0	0	0	0	0	0	0
2020-07-06	0	0	0	0	0	0	0	0
2020-07-07	0	0	0	0	0	0	0	0
2020-07-08	0	0	0	0	0	0	0	0
2020-07-09	0	0	0	0	0	0	0	0
2020-07-10	0	0	0	0	0	0	0	0
2020-07-11	0	0	0	0	0	0	0	0
2020-07-12	0	0	0	0	0	0	0	0
2020-07-13	0	0	0	0	0	0	0	0
2020-07-14	0	0	0	0	0	0	0	0
2020-07-15	0	0	0	0	0	0	0	0
2020-07-16	0	0	0	0	0	0	0	0
2020-07-17	0	0	0	0	0	0	0	0
2020-07-18	0	0	0	0	0	0	0	0
2020-07-19	0	0	0	0	0	0	0	0
2020-07-20	0	0	0	0	0	0	0	0
2020-07-21	0	0	0	0	0	0	0	0
2020-07-22	0	0	0	0	0	0	0	0
2020-07-23	0	0	0	0	0	0	0	0
2020-07-24	0	0	0	0	0	0	0	0
2020-07-25	0	0	0	0	0	0	0	0
2020-07-26	0	0	0	0	0	0	0	0
2020-07-27	0	0	0	0	0	0	0	0
2020-07-28	0	0	0	0	0	0	0	0
2020-07-29	0	0	0	0	0	0	0	0
2020-07-30	0	0	0	0	0	0	0	0
2020-07-31	0	0	0	0	0	0	0	0
2020-08-01	0	0	0	0	0	0	0	0
2020-08-02	0	0	0	0	0	0	0	0
2020-08-03	0	0	0	0	0	0	0	0
2020-08-04	0	0	0	0	0	0	0	0
2020-08-05	0	0	0	0	0	0	0	0
2020-08-06	0	0	0	0	0	0	0	0
2020-08-07	0	0	0	0	0	0	0	0
2020-08-08	0	0	0	0	0	0	0	0
2020-08-09	0	0	0	0	0	0	0	0
2020-08-10	0	0	0	0	0	0	0	0
2020-08-11	0	0	0	0	0	0	0	0
2020-08-12	0	0	0	0	0	0	0	0
2020-08-13	0	0	0	0	0	0	0	0
2020-08-14	0	0	0	0	0	0	0	0
2020-08-15	0	0	0	0	0	0	0	0
2020-08-16	0	0	0	0	0	0	0	0
2020-08-17	0	0	0	0	0	0	0	0
2020-08-18	0	0	0	0	0	0	0	0
2020-08-19	0	0	0	0	0	0	0	0
2020-08-20	0	0	0	0	0	0	0	0
2020-08-21	0	0	0	0	0	0	0	0
2020-08-22	0	0	0	0	0	0	0	0
2020-08-23	0	0	0	0	0	0	0	0
2020-08-24	0	0	0	0	0	0	0	0
2020-08-25	0	0	0	0	0	0	0	0
2020-08-26	0	0	0	0	0	0	0	0
2020-08-27	0	0	0	0	0	0	0	0
2020-08-28	0	0	0	0	0	0	0	0
2020-08-29	0	0	0	0	0	0	0	0
2020-08-30	0	0	0	0	0	0	0	0
2020-08-31	0	0	0	0	0	0	0	0
2020-09-01	0	0	0	0	0	0	0	0
2020-09-02	0	0	0	0	0	0	0	0
2020-09-03	0	0	0	0	0	0	0	0
2020-09-04	0	0	0	0	0	0	0	0
2020-09-05	0	0	0	0	0	0	0	0
2020-09-06	0	0	0	0	0	0	0	0
2020-09-07	0	0	0	0	0	0	0	0
2020-09-08	0	0	0	0	0	0	0	0
2020-09-09	0	0	0	0	0	0	0	0
2020-09-10	0	0	0	0	0	0	0	0
2020-09-11	0	0	0	0	0	0	0	0
2020-09-12	0	0	0	0	0	0	0	0
2020-09-13	0	0	0	0	0	0	0	0
2020-09-14	0	0	0	0	0	0	0	0
2020-09-15	0	0	0	0	0	0	0	0
2020-09-16	0	0	0	0	0	0	0	0
2020-09-17	0	0	0	0	0	0	0	0
2020-09-18	0	0	0	0	0	0	0	0
2020-09-19	0	0	0	0	0	0	0	0
2020-09-20	0	0	0	0	0	0	0	0
2020-09-21	0	0	0	0	0	0	0	0
2020-09-22	0	0	0	0	0	0	0	0
2020-09-23	0	0	0	0	0	0	0	0
2020-09-24	0	0	0	0	0	0	0	0
2020-09-25	0	0	0	0	0	0	0	0
2020-09-26	0	0	0	0	0	0	0	0
2020-09-27	0	0	0	0	0	0	0	0
2020-09-28	0	0	0	0	0	0	0	0
2020-09-29	0	0	0	0	0	0	0	0
2020-09-30	0	0	0	0	0	0	0	0
2020-10-01	0	0	0	0	0	0	0	0
2020-10-02	0	0	0	0	0	0	0	0
2020-10-03	0	0	0	0	0	0	0	0
2020-10-04	0	0	0	0	0	0	0	0
2020-10-05	0	0	0	0	0	0	0	0
2020-10-06	0	0	0	0	0	0	0	0
2020-10-07	0	0	0	0	0	0	0	0
2020-10-08	0	0	0	0	0	0	0	0
2020-10-09	0	0	0	0	0	0	0	0
2020-10-10	0	0	0	0	0	0	0	0
2020-10-11	0	0	0	0	0	0	0	0
2020-10-12	0	0	0	0	0	0	0	0
2020-10-13	0	0	0	0	0	0	0	0
2020-10-14	0	0	0	0	0	0	0	0
2020-10-15	0	0	0	0	0	0	0	0
2020-10-16	0	0	0	0	0	0	0	0
2020-10-17	0	0	0	0	0	0	0	0
2020-10-18	0	0	0	0	0	0	0	0
2020-10-19	0	0	0	0	0	0	0	0
2020-10-20	0	0	0	0	0	0	0	0
2020-10-21	0	0	0	0	0	0	0	0
2020-10-22	0	0	0	0	0	0	0	0
2020-10-23	0	0	0	0	0	0	0	0
2020-10-24	0	0	0	0	0	0	0	0
2020-10-25	0	0	0	0	0	0	0	0
2020-10-26	0	0	0	0	0	0	0	0
2020-10-27	0	0	0	0	0	0	0	0
2020-10-28	0	0	0	0	0	0	0	0
2020-10-29	0	0	0	0	0	0	0	0
2020-10-30	0	0	0	0	0	0	0	0
2020-10-31	0	0	0	0	0	0	0	0
2020-11-01	0	0	0	0	0	0	0	0
2020-11-02	0	0	0	0	0	0	0	0
2020-11-03	0	0	0	0	0	0	0	0
2020-11-04	0	0	0	0	0	0	0	0
2020-11-05	0	0	0	0	0	0	0	0
2020-11-06	0	0	0	0	0	0	0	0
2020-11-07	0	0	0	0	0	0	0	0
2020-11-08	0	0	0	0	0	0	0	0
2020-11-09	0	0	0	0	0	0	0	0
2020-11-10	0	0	0	0	0	0	0	0
2020-11-11	0	0	0	0	0	0	0	0
2020-11-12	0	0	0	0	0	0	0	0
2020-11-13	0	0	0	0	0	0	0	0
2020-11-14	0	0	0	0	0	0	0	0
2020-11-15	0	0	0	0	0	0	0	0
2020-11-16	0	0	0	0	0	0	0	0
2020-11-17	0	0	0	0	0	0	0	0
2020-11-18	0	0	0	0	0	0	0	0
2020-11-19	0	0	0	0	0	0	0	0
2020-11-20	0	0	0	0	0	0	0	0
2020-11-21	0	0	0	0	0	0	0	0
2020-11-22	0	0	0	0	0	0	0	0
2020-11-23	0	0	0	0	0	0	0	0
2020-11-24	0	0	0	0	0	0	0	0
2020-11-25	0	0	0	0	0	0	0	0
2020-11-26	0	0	0	0	0	0	0	0
2020-11-27	0	0	0	0	0	0	0	0
2020-11-28	0	0	0	0	0	0	0	0
2020-11-29	0	0	0	0	0	0	0	0
2020-11-30	0	0	0	0	0	0	0	0
2020-12-01	0	0	0	0	0	0	0	0
2020-12-02	0	0	0	0	0	0	0	0
2020-12-03	0	0	0	0	0	0	0	0
2020-12-04	0	0	0	0	0	0	0	0
2020-12-05	0	0	0	0	0	0	0	0
2020-12-06	0	0	0	0	0	0	0	0
2020-12-07	0	0	0	0	0	0	0	0
2020-12-08	0	0	0	0	0	0	0	0
2020-12-09	0	0	0	0	0	0	0	0
2020-12-10	0	0	0	0	0	0	0	0
2020-12-11	0	0	0	0	0	0	0	0
2020-12-12	0	0	0	0	0	0	0	0
2020-12-13	0	0	0	0	0	0	0	0
2020-12-14	0	0	0	0	0	0	0	0
2020-12-15	0	0	0	0	0	0	0	0
2020-12-16	0	0	0	0	0	0	0	0
2020-12-17	0	0	0	0	0	0	0	0
2020-12-18	0	0	0	0	0	0	0	0
2020-12-19	0	0	0	0	0	0	0	0
2020-12-20	0	0	0	0	0	0	0	0
2020-12-21	0	0	0	0	0	0	0	0
2020-12-22	0	0	0	0	0	0	0	0
2020-12-23	0	0	0	0	0	0	0	0
2020-12-24	0	0	0	0	0	0	0	0
2020-12-25	0	0	0	0	0	0	0	0
2020-12-26	0	0	0	0	0	0	0	0
2020-12-27	0	0	0	0	0	0	0	0
2020-12-28	0	0	0	0	0	0	0	0
2020-12-29	0	0	0	0	0	0	0	0
2020-12-30	0	0	0	0	0	0	0	0
2020-12-31	0	0	0	0	0	0	0	0
2021-01-01	0	0	0	0	0	0	0	0
2021-01-02	0	0	0	0	0	0	0	0
2021-01-03	0	0	0	0	0	0	0	0
2021-01-04	0	0	0	0	0	0	0	0
2021-01-05	0	0	0	0	0	0	0	0
2021-01-06	0	0	0	0	0	0	0	0
2021-01-07	0	0	0	0	0	0	0	0
2021-01-08	0	0	0	0	0	0	0	0
2021-01-09	0	0	0	0	0	0	0	0
2021-01-10	0	0	0	0	0	0	0	0
2021-01-11	0	0	0	0	0	0	0	0
2021-01-12	0	0	0	0	0	0	0	0
2021-01-13	0	0	0	0	0	0	0	0
2021-01-14	0	0	0	0	0	0	0	0
2021-01-15	0	0	0	0	0	0	0	0
2021-01-16	0	0	0	0	0	0	0	0
2021-01-17	0	0	0	0	0	0	0	0
2021-01-18	0	0	0	0	0	0	0	0
2021-01-19	0	0	0	0.0011213906124101225	0.0018350923495455973	0.0014115039314326339	0.002011735630651712	0.0021712262969584284
2021-01-20	0	0	0	0.006253272211297567	0.0053711971139387416	0.005816965924819506	0.004320325983559137	0.007458208567821201
2021-01-21	0	0	0	0.0034904040561869465	0.0037076133778835008	0.005423522506122769	0.0015020655517319348	0.009623518756532556
2021-01-22	0	0	0	0.0015111449078599737	0.0014042290624285414	0.0019187285990371894	0.002459521323985525	0.003622274454472496
2021-01-23	0	0	0	0.003569519175630864	0.003939298286668169	0.004571733112065157	0.004672903581065313	0.008885177034076541
2021-01-24	0	0	0	0.012681589577421493	0.0046645628608124046	0.00628458064593751	0.006827252997330113	0.00822752061996046
2021-01-25	0	0	0	0.003220095471214268	0.007890292637114271	0.007720276227475509	0.004902430301289229	0.010389300588270478
2021-01-26	0	0	0	0.021127353083444156	0.014090195021400298	0.020015360627213985	0.01783312830468864	0.09946165121777883
2021-01-27	0	0	0	0.021224879281930287	0.016292832204328977	0.023563650576200468	0.024499624274988863	0.15867762045139933
2021-01-28	0	0	0	0.03668394569849909	0.024017845530959425	0.036885121380730856	0.037087799335290716	0.1526564611881971
2021-01-29	0	0	0	0.028226083780999334	0.01947625343365411	0.02957497548381216	0.04226704395536318	0.07387143437309662
2021-01-30	0	0	0	0.018079825484974554	0.011362606618024351	0.017038614390854967	0.020745492551985212	0.0784871057672345
2021-01-31	0	0	0	0.012932652652073662	0.010745622111315578	0.019795060940495324	0.02964753702849543	0.03707956195314055
2021-02-01	0	0	0	0.004223869551196691	0.0042058086641607595	0.004991138406713613	0.005817296707698372	0.008417309594555222
2021-02-02	0	0	0	0.0013205679881542753	0.0025789012660824007	0.002420740200677507	0.0023130945368550204	0.0037001792701751857
2021-02-03	0	0	0	9.796718687236083e-4	0.0019479561673800827	0.001820644458297549	0.0012013816972331615	0.0025743735637278053
2021-02-04	0	0	0	5.204493300592361e-4	9.86935814375478e-4	0.001190254143963454	0.0015368854728732284	4.74042069623426e-4
2021-02-05	0	0	0	0	7.188426865318842e-4	7.486564553176311e-4	3.192763090715811e-4	2.0660477969536295e-4
2021-02-06	0	0	0	5.113781725114563e-4	7.411896347764291e-4	7.852683957343398e-4	4.340372020987804e-4	1.9751810947354898e-4
2021-02-07	0	0	0	4.492363039598768e-4	5.468016761418504e-4	4.355875038046797e-4	4.2828081436097065e-4	1.8779314323813523e-4
2021-02-08	0	0	0	1.027353281788379e-4	2.191254373282714e-4	3.5076209830608995e-4	3.173646063237001e-4	8.920357933805967e-5
2021-02-09	0	0	0	1.8641935073349103e-4	3.1464351085142006e-4	3.8816579897105186e-4	2.2469385533208097e-4	8.527875496899817e-5
2021-02-10	0	0	0	8.458269019029352e-5	4.3753145280822636e-4	5.260904574817538e-4	2.7799013269302897e-4	5.894201353995321e-5
2021-02-11	0	0	0	7.644821591767936e-5	3.6487842757249034e-4	7.127087029574763e-4	4.962515362709752e-4	9.504950500427434e-5
2021-02-12	0	0	0	1.3951379459609115e-4	3.022023009808805e-4	3.342174203129211e-4	1.5939430190670123e-4	4.23659998776138e-5
2021-02-13	0	0	0	0	4.459073389573298e-4	4.5916115395372437e-4	3.806514850501763e-5	4.051690217532489e-5
2021-02-14	0	0	0	1.7565174148659324e-4	2.1912045116923018e-4	2.853735860506301e-4	8.392606117713086e-5	1.681861821056785e-5
2021-02-15	0	0	0	5.568936473432373e-5	1.4682362831464069e-4	2.0139504851601764e-4	1.2633001822415224e-5	2.6968679924799233e-5
2021-02-16	0	0	0	1.0666951126281354e-4	7.061131750307759e-5	1.7141505018347658e-4	2.367326164365302e-5	1.3109536073363515e-5
2021-02-17	0	0	0	5.109405138337131e-5	1.84494231306509e-4	2.2211355444801129e-4	2.2236923300056333e-5	2.7972579244694984e-5
2021-02-18	0	0	0	9.79072329554409e-5	3.2782202294390217e-4	3.3848019183468914e-4	5.224237327539072e-5	1.1195763531857139e-4
2021-02-19	0	0	0	1.4048725680848584e-4	4.238654319961288e-4	4.894714112861909e-4	1.6585505218391638e-4	4.796140067164778e-5
2021-02-20	0	0	0	5.400297114781516e-4	7.566648745636062e-4	6.626163112894989e-4	1.238773615310773e-4	3.183044377519373e-5
2021-02-21	0	0	0	3.907988617295466e-4	5.723954022562872e-4	6.224571191695283e-4	1.7759857166832482e-4	4.359112398044651e-5
2021-02-22	0	0	0	1.2606498662570687e-4	4.6822729379925043e-4	7.049949106905373e-4	1.022164433854833e-4	2.129469623701752e-5
2021-02-23	0	0	0	2.441952757314958e-4	7.614421990704834e-4	7.816077169893187e-4	8.790146250303721e-5	3.137233577166221e-5
2021-02-24	0	0	0	2.36439226093621e-4	7.883188626638393e-4	7.463212841178901e-4	1.1973837176526558e-4	2.4764786126008076e-5
2021-02-25	0	0	0	3.4407944666670076e-4	7.433337256186334e-4	9.511398939312521e-4	9.398632951640451e-5	4.688010363174122e-5
2021-02-26	0	0	0	7.037754063199397e-4	9.793616695896734e-4	0.0011434452938541284	1.80932344740814e-4	2.415517283105295e-5
2021-02-27	0	0	0	2.162746694618356e-4	3.584165187109356e-4	3.178767807421323e-4	5.461093803504902e-5	1.3942855208171068e-5
2021-02-28	0	0	0	1.0443046243713283e-4	1.4553644927661757e-4	1.2457595165615842e-4	6.342752850052591e-6	7.883280153997418e-6
2021-03-01	0	0	0	3.768123422354108e-4	5.868484658442252e-4	4.5289500254996895e-4	3.5952793984384e-5	9.817343417095614e-6
2021-03-02	0	0	0	4.3538326802128324e-4	7.300651441237704e-4	5.939616938352987e-4	4.581914610901627e-5	1.3690077187877847e-5
2021-03-03	0	0	0	5.557962296831587e-4	0.0011675003044580023	9.683173930374878e-4	9.169821044974213e-5	3.6977983992603214e-5
2021-03-04	0	0	0	6.388143768425447e-4	0.0010358378032484516	9.560536639909856e-4	8.154278961280959e-5	3.680414143758526e-5
2021-03-05	0	0	0	4.977755731516709e-4	8.559919828139417e-4	0.001039177041993744	1.2313958594134533e-4	3.660609482158961e-5
2021-03-06	0	0	0	6.946279797266364e-4	7.036598175651498e-4	6.368594980594722e-4	7.225611510786045e-5	4.024401286883972e-5
2021-03-07	0	0	0	2.9246179874142797e-4	3.8119289897964315e-4	1.7878725720432698e-4	2.2546932208822312e-5	1.1441200334472157e-5
2021-03-08	0	0	0	3.450159595550506e-4	7.57608041383584e-4	6.236726945372251e-4	2.9927679763508408e-5	5.1375410119902654e-5
2021-03-09	0	0	0	4.5302679102032783e-4	6.781517950793514e-4	5.496983810204803e-4	4.102277594730808e-5	8.924735526072425e-5
2021-03-10	0	0	0	4.968875592550326e-4	7.805628834220979e-4	9.133309857063399e-4	1.1025871836412016e-4	1.2318240815289982e-4
2021-03-11	0	0	0	5.863930291962749e-4	7.715426899583822e-4	7.14948614450428e-4	9.225151827840783e-5	1.324058619416313e-4
2021-03-12	0	0	0	4.6304038075395404e-4	8.422803922245592e-4	7.550229043913337e-4	8.81904446081716e-5	1.869835822112531e-4
2021-03-13	0	0	0	7.022472126596568e-4	8.8805365743716e-4	4.5597435387212393e-4	5.287801835263117e-5	2.4518933895723016e-4
2021-03-14	0	0	0	4.8715138951860304e-4	5.878429681913655e-4	3.125887106438796e-4	2.425723060484053e-5	1.4132058450888607e-4
2021-03-15	0	0	0	5.789829321360962e-4	0.0010382527255230478	7.55628571036171e-4	6.188342196167262e-5	5.388321946400154e-4
2021-03-16	0	0	0	0.0010466472326491338	0.001179980101808864	0.0010248791354317	1.2076324080001477e-4	0.0016655835727830137
2021-03-17	0	0	0	0.0010886371418012963	0.0016099081211342625	0.0010989918935215837	1.245383457297855e-4	0.001954632091004216
2021-03-18	0	0	0	0.0015396718764939532	0.002131827817105192	0.001396131587388938	1.5783896877641368e-4	0.0022409393325819593
2021-03-19	0	0	0	0.0016287345721532898	0.0022756309071922942	0.001580708656187424	1.7868537598308976e-4	0.001798908655071152
2021-03-20	0	0	0	9.079091733350531e-4	0.001050097589037735	8.194434127408723e-4	1.42398739304328e-4	0.0020831794623104027
2021-03-21	0	0	0	3.774165868464241e-4	3.5741539657063726e-4	2.9701370357870793e-4	4.654262522696406e-5	0.001512690744517764
2021-03-22	0	0	0	4.1191211017110874e-4	6.556461629652066e-4	4.110222509194905e-4	4.6305555195802484e-5	0.001758957840819031
2021-03-23	0	0	0	9.748394531239324e-4	0.0018819492570651963	0.0011942702305520747	1.641499010096581e-4	0.0030570792437389915
2021-03-24	0	0	0	0.001968295489518823	0.0025909444907301626	0.0019209031023343925	4.134222341301008e-4	0.005063438912137563
2021-03-25	0	0	0	0.0020097268245724553	0.0026727115221076847	0.0021326444856539784	2.8863530366218804e-4	0.005760093298498914
2021-03-26	0	0	0	0.0016584514760724645	0.002296024333452218	0.001448093357839797	2.5126372716144374e-4	0.002826737190123607
2021-03-27	0	0	0	0.0016421243286328657	0.002137015288156796	0.0012150392227179285	1.809518305997404e-4	0.0020508419946372314
2021-03-28	0	0	0	9.00417354427363e-4	0.0015037900623910971	6.8791211501118e-4	1.1601300923191893e-4	8.58246080955638e-4
2021-03-29	0	0	0	0.0017894939660374476	0.002782799738259456	0.001455938020479497	2.0207186369280983e-4	0.0013578067499608881
2021-03-30	0	0	0	0.002704762816235995	0.0034576524622513816	0.0018578593300335733	3.207180349809047e-4	0.006913645269707391
2021-03-31	0	0	0	0.0026180469380694404	0.003948459747547428	0.002278846081188002	4.4699548483295715e-4	0.006686236234945797
2021-04-01	0	0	0	0.0027217983191887285	0.004067061301653574	0.002294947021587168	4.0746695315596604e-4	0.0027366300618323347
2021-04-02	0	0	0	0.0034446746022931407	0.0044673705958202525	0.0023990843882355506	3.8547297853019913e-4	0.0016854834638888594
2021-04-03	0	0	0	0.002369523863349876	0.0031230995947946205	0.001546150643227051	2.834875525044023e-4	6.896362765616004e-4
2021-04-04	0	0	0	0.00175944048987553	0.0024202552700980373	0.0010068707607415739	1.9111360621004714e-4	2.821742322345333e-4
2021-04-05	0	0	0	0.003211100625274632	0.004453615861554239	0.002213333559168751	3.770930735682576e-4	7.408852264363386e-4
2021-04-06	0	0	0	0.003537729549555113	0.005463211033750026	0.0026275597468290446	6.090485694723036e-4	0.0015376048589321734
2021-04-07	0	0	0	0.005247097477050877	0.007375778527917376	0.003627061022206002	9.153293748376257e-4	0.0051077017653144985
2021-04-08	0	0	0	0.005641038804484744	0.007105358457783151	0.003538735628425105	9.353291662144159e-4	0.006538721790772639
2021-04-09	0	0	0	0.005640223142950429	0.0067844890993356	0.0031185718474913138	0.0010061289363976211	0.008172820005013515
2021-04-10	0	0	0	0.0049057100863463265	0.004754937340616383	0.0022373086058460334	9.472057190265115e-4	0.006789075568291114
2021-04-11	0	0	0	0.004235302170723765	0.0051948911773607165	0.0021914156267701657	7.208550874608921e-4	0.0032069768303100155
2021-04-12	0	0	0	0.0053841859652408175	0.007251348446360328	0.0027406630959603273	7.441653480442234e-4	0.00400376524684698
2021-04-13	0	0	0	0.00730623538386399	0.009678779303104568	0.003736027859436497	0.0018770418217894935	0.012046404273811318
2021-04-14	0	0	0	0.0076491451217710615	0.009859810751258191	0.004344764532139056	0.0022015560870998208	0.017021305695895883
2021-04-15	0	0	0	0.008255969196079516	0.009843269143713806	0.004371096896219839	0.003139608507187308	0.016810267688811775
2021-04-16	0	0	0	0.010146231164006148	0.010638402193786867	0.004500411751015676	0.003441031372764858	0.015459991555383912
2021-04-17	0	0	0	0.009693891297322565	0.009519947656877248	0.004359418436022722	0.006867714134181746	0.022301265632687972
2021-04-18	0	0	0	0.005475703193872361	0.0056847884188357956	0.002482392768867525	0.0017863552866506094	0.009593227619100642
2021-04-19	0	0	0	0.007782518916702674	0.008681167688768365	0.0032326341911950163	0.002225591925858472	0.009775992395337774
2021-04-20	0	0	0.038838648618159555	0.008881291213340914	0.009693165552873584	0.004514068616144007	0.0037508321076451523	0.03396472313838639
2021-04-21	0	0	0	0.008986219864441258	0.00998888495750161	0.0044894485293187625	0.007213142397784589	0.0477527151254431
2021-04-22	0	0	0	0.011507561380128983	0.012652161094585557	0.006157699514889092	0.00973032614494973	0.06758956626130419
2021-04-23	0	0	0	0.010378064803737486	0.009837285317106481	0.004859923417821044	0.006262158309467081	0.055424102562985356
2021-04-24	0	0.2679491924311228	0	0.009077847015707574	0.008966942638058306	0.004199081971034246	0.005358965168388075	0.042785711181821506
2021-04-25	0	0	0	0.0049964063867191655	0.004913701433190587	0.0019296634919108158	7.832590443079823e-4	0.002796183182523171
2021-04-26	0	0	0	0.006068411407354812	0.005820001919285112	0.002134545490485973	9.704838790298709e-4	0.0037287896330941983
2021-04-27	0	0	0	0.008901149467716252	0.00933903586332141	0.003952612376113773	0.00465974084317522	0.024056539040348213
2021-04-28	0	0	0	0.012097506106696132	0.011822338494233975	0.005612196224756394	0.01585877967452709	0.10413320444991281
2021-04-29	0	0	0	0.013904200943166023	0.013591967534032134	0.006656082281261355	0.02164623422011025	0.12174677584511229
2021-04-30	0	0	0	0.015068776614853174	0.014032756525900636	0.007242759092911832	0.02653409219790981	0.13401308784714128
2021-05-01	0	0	0	0.015076387662972035	0.013498689906691785	0.007295602031327064	0.03093119360006824	0.14235291299497854
2021-05-02	0	0	0	0.009712667525270113	0.007894080355629551	0.004021725839305157	0.01375598349315088	0.05565381189020924
2021-05-03	0	0	0	0.00973566364374312	0.008220278452138574	0.0038217151208459477	0.008089452106778916	0.047028675284427335
2021-05-04	0	0	0	0.01103904744839479	0.009494772501116744	0.0045086288577917966	0.014982586560187805	0.061232453216355065
2021-05-05	0	0	0	0.009683198612194355	0.009675982528071225	0.00519753848947313	0.021526189316388278	0.06408835830282733
2021-05-06	0	0	0	0.011143028531398924	0.01098662372742032	0.006501027973985218	0.03273752946792041	0.10069094746166729
2021-05-07	0	0	0	0.01116080141742315	0.010922985868007107	0.005997614061102441	0.042336394360855234	0.1513320098075588
2021-05-08	0	0	0	0.010851429305567706	0.010653863782507988	0.007488584772732398	0.05663424339324519	0.1550265460052107
2021-05-09	0	0	0	0.0055128749569990365	0.005122039291901803	0.00302753421241464	0.021744091702494472	0.07611258283471556
2021-05-10	0	0	0	0.006147472649383312	0.006092787238751507	0.003184135861942883	0.01898129931858139	0.07466680238118162
2021-05-11	0	0	0	0.007020276044855223	0.006340833528556633	0.003826955825680045	0.02983757062979908	0.0818008727224675
2021-05-12	0	0	0	0.007673961121425821	0.007943516172217446	0.0054711562828466676	0.04058641560998666	0.09750329711086603
2021-05-13	0	0	0	0.009341390608111455	0.009303194513126112	0.006618664382172179	0.044627752367942586	0.09373447669399071
2021-05-14	0	0	0.03149803149704722	0.008789916934903275	0.010089434700093047	0.00697831411817984	0.05065427200727157	0.09923266412700227
2021-05-15	0	0	0	0.01457148585521173	0.012412093246967348	0.009527449404932442	0.10357586466468116	0.13190992961189218
2021-05-16	0	0	0	0.00694992785069104	0.005988544213225477	0.0052335579718716385	0.04243869633894337	0.07322661566498456
2021-05-17	0	0	0	0.008388432319087258	0.008164333337413066	0.005415224477748337	0.05061317681014477	0.08308970189479048
2021-05-18	0	0	0	0.009685149804230075	0.00868987789761233	0.006901991048175793	0.06374326625740134	0.07533421831009779
2021-05-19	0	0	0	0.01288207575692546	0.011832799846471564	0.010376536571767403	0.09405692210531602	0.09946625308176138
2021-05-20	0	0	0.03252249264814111	0.012476656062337721	0.011388401911059498	0.011113998850150963	0.09398098455664239	0.09700269309248788
2021-05-21	0	0	0	0.011611107455202552	0.00997070380683085	0.009532740521472016	0.08152907007352028	0.10277197059067644
2021-05-22	0	0	0	0.012625478417505498	0.011596465244890553	0.0094422824718976	0.09772906038835671	0.08366737943139468
2021-05-23	0	0	0	0.005673601758843905	0.004788522742448897	0.002991861721589606	0.03723181869048897	0.03322287983820771
2021-05-24	0	0	0	0.003715215060873911	0.002880885650070608	0.0015607397975185844	0.024663469773926305	0.01917246218052271
2021-05-25	0	0	0	0.007703461450353499	0.007500333418634986	0.0058064861706563775	0.05590621768849702	0.05293610860745823
2021-05-26	0	0	0	0.01572850813735749	0.01461427969863438	0.015494776442423142	0.08419382736111913	0.07029330829889724
2021-05-27	0	0	0	0.02042389767360464	0.01713303076141015	0.01934132561518065	0.09440646610909931	0.08787976848045465
2021-05-28	0	0	0.15773525411264688	0.024023017107263733	0.018628905175533506	0.019522738838910536	0.1049838706305648	0.08369490667932822
2021-05-29	0	0	0	0.02169583860144675	0.017048796560502844	0.01632740049733261	0.1132277617857187	0.0715990588854909
2021-05-30	0	0	0	0.00658446009925262	0.00505149060891652	0.004136372459383475	0.049212554500884576	0.021573333549165907
2021-05-31	0	0	0	0.009908606869412973	0.007492911156312454	0.0077320922749506416	0.07233092229123339	0.05039438542601471
2021-06-01	0	0	0	0.02123766930175086	0.013880980871544324	0.016402543543926784	0.0847742217896732	0.06912744870359444
2021-06-02	0	0	0.07275177668113697	0.029489774856134243	0.018061522126909813	0.024202867590425337	0.09928855053809627	0.06985993914565136
2021-06-03	0	0	0.038838648618159555	0.03492122950654131	0.019556700917696235	0.024535597007067755	0.12167188501038284	0.08492147074959977
2021-06-04	0	0	0	0.02608360823430056	0.015888699483610935	0.017773675652697607	0.10357578163977887	0.06174794110915527
2021-06-05	0	0	0	0.028781469144143923	0.01786386925310346	0.023121265127242552	0.10810737554479566	0.05786975345389478
2021-06-06	0	0	0.037386474149367244	0.009889609860478377	0.006564662996648041	0.009588541329896616	0.05556252965236519	0.014021993386984066
2021-06-07	0	0	0.038838648618159555	0.010154162291781565	0.007501900341440715	0.015399207283950611	0.08600543534425387	0.031265703262986166
2021-06-08	0	0	0.040408205773457606	0.01665687509435476	0.011881143413505324	0.021928850731387062	0.09400578002310822	0.04652088592503234
2021-06-09	0	0	0	0.022892484674567948	0.014762668111418797	0.027834311884120888	0.09714134202465363	0.05583063480880224
2021-06-10	0	0	0	0.02545469284795132	0.01651816746151269	0.03198647856904113	0.09163341998198726	0.05119211326354933
2021-06-11	0	0	0	0.0207688496942946	0.013428334133933406	0.03231010208448937	0.082059021645032093	0.043069308460249145
2021-06-12	0	0	0	0.037755967943971624	0.02320670486898102	0.05735425528042315	0.09261639445277758	0.04561671587474536
2021-06-13	0	0	0	0.014845566072837268	0.009994209251950048	0.027501274663041864	0.03935124762779818	0.013720342508908523
2021-06-14	0	0	0	0.012198827772957888	0.007617182530771371	0.03039948306736906	0.04828701413508485	0.027565840652900242
2021-06-15	0	0	0	0.01813815623050541	0.010566719151823945	0.03265079839165552	0.04923369337062811	0.03403953905047352
2021-06-16	0	0	0	0.02182671901375488	0.012482827695791121	0.042883085876235016	0.05924319787858412	0.047925834665549116
2021-06-17	0	0	0.038838648618159555	0.02372952988250887	0.012764675958689242	0.0424186379086513	0.05912032156022007	0.0426483276895937
2021-06-18	0	0	0	0.024015555720136916	0.012987254454040587	0.047850304749487815	0.06732089180626377	0.041221657021309976
2021-06-19	0	0	0	0.02444674815190706	0.012497992451784512	0.05557414636027036	0.06403403898489413	0.0380034630268582
2021-06-20	0	0	0	0.0074794647735669795	0.0034682268541610384	0.023547992551792518	0.022617154303462783	0.008606057713326898
2021-06-21	0	0	0	0.009429018939456357	0.004167799770724567	0.027966249327762815	0.03222345856186104	0.007893660900799127
2021-06-22	0	0	0	0.016307960150623746	0.00847710456069728	0.04904022067762526	0.041465689417992335	0.02276816090997591
2021-06-23	0	0	0	0.017333420019492785	0.007550267700387581	0.047123840689693886	0.043167129422914785	0.02912841808179012
2021-06-24	0	0	0.040408205773457606	0.02298653757142599	0.010050139503254174	0.05644121392526036	0.052360563902868584	0.03281274199404138
2021-06-25	0	0	0	0.021297836464185593	0.009658614079994798	0.05625609555523603	0.04145716302385538	0.032439919779291726
2021-06-26	0	0	0	0.030349183130698787	0.012259191042022444	0.07391563211692209	0.057950301754485345	0.035934118564112216
2021-06-27	0	0	0	0.016060688241794185	0.007248602525198988	0.04287273678518666	0.022321619163155004	0.006871332583063605
2021-06-28	0	0	0	0.015568862968565078	0.006863343347824902	0.04891610756039366	0.036714290902118085	0.02080092717772608
2021-06-29	0	0	0	0.01958324177305215	0.009416961027275628	0.052717204296838016	0.03884099858224377	0.02831347664714312
2021-06-30	0	0	0	0.018200543656275103	0.008819233883987199	0.05199120608680019	0.03960166724567693	0.03752856896028711
2021-07-01	0	0	0	0.023935439776740397	0.011467193512627594	0.05462657061288012	0.042200488033897976	0.03301689584915013
2021-07-02	0	0	0.040408205773457606	0.025228911915907037	0.010004319405174211	0.05270161009243002	0.039053855435738916	0.030104724163410923
2021-07-03	0	0	0	0.02310470394527786	0.011393945443986642	0.06600069659419217	0.03827602864876378	0.024625330980144078
2021-07-04	0	0	0	0.012264360404184327	0.006172661330264617	0.03291360830407419	0.014342268975948702	0.01246227413829093
2021-07-05	0	0	0	0.017520319784405824	0.008282118945570183	0.042958745070558635	0.024601902839685774	0.01439059332432735
2021-07-06	0	0	0	0.017978524755572822	0.009390302533625938	0.05027176724854465	0.03347202686875361	0.022676878023127456
2021-07-07	0	0	0.04210997925487825	0.021778234370407823	0.009334423282523652	0.04489589743731015	0.03226080378587848	0.022564354285029786
2021-07-08	0	0	0	0.016837986011235317	0.009317611646657342	0.04107671009198843	0.023422335761282387	0.023563234841452063
2021-07-09	2	1	0.28054609275780984	0	0	0	0.3263144735075787	0.2539255861227634
2021-07-10	0	0	0.11963666889610747	0	0	0	0.05393336137074933	0.05299289847559763
2021-07-11	0	0	0	0.019712854787719003	0	0	0.08177875006950419	0.05649957438606812
2021-07-12	0	0	0	0.019408680900143693	0	0	0.03756077795405233	0.02154059586738577
2021-07-13	0	0	0	0.015653389729136657	0	0	0.04154426761947949	0.031525114451408154
2021-07-14	0	0	0	0.016913292337375596	0.006273969906797738	0.05431295759197696	0.04890432529398758	0.04452256799383836
2021-07-15	0	0	0	0.01644451912778866	0.007424834566191363	0.053682830200930454	0.05450451154469649	0.043456457339610566
2021-07-16	0	0	0	0.011514501956879863	0.00468807938966842	0.023839072730778232	0.03296489436297989	0.03266978019040567
2021-07-17	0	0	0	0.008122139991536326	0.0037059751377241934	0.01748295749451989	0.018957773825405644	0.02435250515870635
2021-07-18	0	0	0	0.008275108020123989	0.003222322372679942	0.01664123517059357	0.018986442318209784	0.017062246595472175
2021-07-19	0	0	0	0.0026042443685434513	0.0013592723548963015	0.0066582631278873095	0.007684782720299266	0.005884911069114818
2021-07-20	0	0	0	0.0017653116899833954	7.247101177219051e-4	0.0026651453334336495	0.005848468700640597	0.0038284208078682713
2021-07-21	0	0	0	0.0029951417388565105	0.0016380400120212801	0.006796616906452169	0.01735240154624118	0.01893782787037912
2021-07-22	0	0	0	0.0032498401217888606	0.0011693275514139678	0.005353298682164942	0.016240339406359938	0.029387012610285534
2021-07-23	0	0	0	0.002913469908730537	0.0017947345767890255	0.007529996216372403	0.024090766743054548	0.032510476821223655
2021-07-24	0	0	0.2364127602499897	0.0045952227952104074	0.002155210713491451	0.010605477872820845	0.03192823272563583	0.04674079881728899
2021-07-25	0	0	0.14714792072164595	0.004614648320759196	0.0031482706192798027	0.016312874675600497	0.0310598589899449	0.03282191984374716
2021-07-26	0	0	0	0.0033669157320856957	0.0016533906083464611	0.009095124284768552	0.013309993232792916	0.016481533544338456
2021-07-27	0	0	0	8.326164871890196e-4	9.424265252799824e-4	0.004586379802477225	0.01667688430316172	0.024767457699760076
2021-07-28	0	0	0	6.849557429615682e-4	6.612885531092072e-4	0.006785009833041533	0.017770950058128676	0.024963319633318548
2021-07-29	0	0	0	0.0014239275031908694	0.0010474957969270893	0.036314864864653185	0.02160668354010542	0.030050316788277742
2021-07-30	0	0	0	0.0015865286422738212	9.540762376598622e-4	0.0385528794403216	0.019758760911589235	0.03189997166836367
2021-07-31	0	0	0	0.0025856327027302672	0.0015338971849241378	0.05234488932671222	0.025336503376168773	0.0434218784201319
2021-08-01	0	0	0	0.0028933937900712525	0.002403719322972231	0.05295370443670255	0.02444352778313985	0.029980809800042252
2021-08-02	0	0	0	0.0018923578974112676	0.0013050040835855814	0.03461256194723705	0.009443560349337021	0.010586085684126667
2021-08-03	0	0	0.07737069910172423	6.672113877950192e-4	7.503843801288657e-4	0.05811404767052197	0.014317552424684354	0.02248410734804529
2021-08-04	0	0	0	8.795220781832036e-4	0.001108105164519868	0.05452645970309078	0.02543162061654214	0.034602874026253394
2021-08-05	0	0	0	0.0010390488729803415	0.0015714826362049905	0.05823077827549339	0.01918225605786672	0.03913421727322808
2021-08-06	0	0	0	0.0018989023636422075	0.002120102665082557	0.07653443550743466	0.024902754235667235	0.03502106442709141
2021-08-07	0	0	0	0.002616561536956219	0.0035347171387145604	0.08786135358833502	0.025039723034904426	0.03039335195378623
2021-08-08	0	0	0	0.0028717518173879686	0.0053180780766124425	0.12462445923622845	0.05352055925601684	0.03438651723275887
2021-08-09	0	0	0	0.0014154865937645589	0.0033283362728746546	0.058924054742947485	0.0160688195451415	0.011799513009166374
2021-08-10	0	0	0	5.67659543953436e-4	0.0030205721058473856	0.0662521497263846	0.021530912670052693	0.02776159889912333
2021-08-11	0	0	0	0.001037720454962976	0.005176600121807651	0.05299546164144231	0.019765256367519246	0.029862111686323578
2021-08-12	0	0	0	9.294748640473749e-4	0.007442898057894665	0.06098807658781569	0.034487801390647554	0.044315670866301726
2021-08-13	0	0	0.07792574560188115	0.0018084209341509005	0.010356522912362554	0.08278429988738178	0.03929772197449166	0.05706407722745532
2021-08-14	0	0	0.08411550686751901	9.7194346034013e-4	0.011028573013152299	0.07526099843900358	0.022039240246842562	0.040137861315493684
2021-08-15	0	0	0.09140619228389468	8.250698159240066e-4	0.012146416425391271	0.04766613137853626	0.028841635679668798	0.020023607865497395
2021-08-16	0	0	0	3.0632748538339527e-4	0.007373840890485539	0.03086203020689493	0.011245972347106115	0.006264698241193134
2021-08-17	0	0	0	1.2581875251616026e-4	0.0047834028242808024	0.02646549490513883	0.007466952454590725	0.004726276791291006
