2020-02-17	0	0	0	0	0	0	0	0
2020-02-18	0	0	0	0	0	0	0	0
2020-02-19	0	0	0	0	0	0	0	0
2020-02-20	0	0	0	0	0	0	0	0
2020-02-21	0	0	0	0	0	0	0	0
2020-02-22	0	0	0	0	0	0	0	0
2020-02-23	0	0	0	0	0	0	0	0
2020-02-24	0	0	0	0	0	0	0	0
2020-02-25	0	0	0	0	0	0	0	0
2020-02-26	0	0	0	0	0	0	0	0
2020-02-27	0	0	0	0	0	0	0	0
2020-02-28	0	0	0	0	0	0	0	0
2020-02-29	0	0	0	0	0	0	0	0
2020-03-01	0	0	0	0	0	0	0	0
2020-03-02	0	0	0	0	0	0	0	0
2020-03-03	0	0	0	0	0	0	0	0
2020-03-04	0	0	0	0	0	0	0	0
2020-03-05	0	0	0	0	0	0	0	0
2020-03-06	0	0	0	0	0	0	0	0
2020-03-07	0	0	0	0	0	0	0	0
2020-03-08	0	0	0	0	0	0	0	0
2020-03-09	0	0	0	0	0	0	0	0
2020-03-10	0	0	0	0	0	0	0	0
2020-03-11	0	0	0	0	0	0	0	0
2020-03-12	0	0	0	0	0	0	0	0
2020-03-13	0	0	0	0	0	0	0	0
2020-03-14	0	0	0	0	0	0	0	0
2020-03-15	0	0	0	0	0	0	0	0
2020-03-16	0	0	0	0	0	0	0	0
2020-03-17	0	0	0	0	0	0	0	0
2020-03-18	0	0	0	0	0	0	0	0
2020-03-19	0	0	0	0	0	0	0	0
2020-03-20	0	0	0	0	0	0	0	0
2020-03-21	0	0	0	0	0	0	0	0
2020-03-22	0	0	0	0	0	0	0	0
2020-03-23	0	0	0	0	0	0	0	0
2020-03-24	0	0	0	0	0	0	0	0
2020-03-25	0	0	0	0	0	0	0	0
2020-03-26	0	0	0	0	0	0	0	0
2020-03-27	0	0	0	0	0	0	0	0
2020-03-28	0	0	0	0	0	0	0	0
2020-03-29	0	0	0	0	0	0	0	0
2020-03-30	0	0	0	0	0	0	0	0
2020-03-31	0	0	0	0	0	0	0	0
2020-04-01	0	0	0	0	0	0	0	0
2020-04-02	0	0	0	0	0	0	0	0
2020-04-03	0	0	0	0	0	0	0	0
2020-04-04	0	0	0	0	0	0	0	0
2020-04-05	0	0	0	0	0	0	0	0
2020-04-06	0	0	0	0	0	0	0	0
2020-04-07	0	0	0	0	0	0	0	0
2020-04-08	0	0	0	0	0	0	0	0
2020-04-09	0	0	0	0	0	0	0	0
2020-04-10	0	0	0	0	0	0	0	0
2020-04-11	0	0	0	0	0	0	0	0
2020-04-12	0	0	0	0	0	0	0	0
2020-04-13	0	0	0	0	0	0	0	0
2020-04-14	0	0	0	0	0	0	0	0
2020-04-15	0	0	0	0	0	0	0	0
2020-04-16	0	0	0	0	0	0	0	0
2020-04-17	0	0	0	0	0	0	0	0
2020-04-18	0	0	0	0	0	0	0	0
2020-04-19	0	0	0	0	0	0	0	0
2020-04-20	0	0	0	0	0	0	0	0
2020-04-21	0	0	0	0	0	0	0	0
2020-04-22	0	0	0	0	0	0	0	0
2020-04-23	0	0	0	0	0	0	0	0
2020-04-24	0	0	0	0	0	0	0	0
2020-04-25	0	0	0	0	0	0	0	0
2020-04-26	0	0	0	0	0	0	0	0
2020-04-27	0	0	0	0	0	0	0	0
2020-04-28	0	0	0	0	0	0	0	0
2020-04-29	0	0	0	0	0	0	0	0
2020-04-30	0	0	0	0	0	0	0	0
2020-05-01	0	0	0	0	0	0	0	0
2020-05-02	0	0	0	0	0	0	0	0
2020-05-03	0	0	0	0	0	0	0	0
2020-05-04	0	0	0	0	0	0	0	0
2020-05-05	0	0	0	0	0	0	0	0
2020-05-06	0	0	0	0	0	0	0	0
2020-05-07	0	0	0	0	0	0	0	0
2020-05-08	0	0	0	0	0	0	0	0
2020-05-09	0	0	0	0	0	0	0	0
2020-05-10	0	0	0	0	0	0	0	0
2020-05-11	0	0	0	0	0	0	0	0
2020-05-12	0	0	0	0	0	0	0	0
2020-05-13	0	0	0	0	0	0	0	0
2020-05-14	0	0	0	0	0	0	0	0
2020-05-15	0	0	0	0	0	0	0	0
2020-05-16	0	0	0	0	0	0	0	0
2020-05-17	0	0	0	0	0	0	0	0
2020-05-18	0	0	0	0	0	0	0	0
2020-05-19	0	0	0	0	0	0	0	0
2020-05-20	0	0	0	0	0	0	0	0
2020-05-21	0	0	0	0	0	0	0	0
2020-05-22	0	0	0	0	0	0	0	0
2020-05-23	0	0	0	0	0	0	0	0
2020-05-24	0	0	0	0	0	0	0	0
2020-05-25	0	0	0	0	0	0	0	0
2020-05-26	0	0	0	0	0	0	0	0
2020-05-27	0	0	0	0	0	0	0	0
2020-05-28	0	0	0	0	0	0	0	0
2020-05-29	0	0	0	0	0	0	0	0
2020-05-30	0	0	0	0	0	0	0	0
2020-05-31	0	0	0	0	0	0	0	0
2020-06-01	0	0	0	0	0	0	0	0
2020-06-02	0	0	0	0	0	0	0	0
2020-06-03	0	0	0	0	0	0	0	0
2020-06-04	0	0	0	0	0	0	0	0
2020-06-05	0	0	0	0	0	0	0	0
2020-06-06	0	0	0	0	0	0	0	0
2020-06-07	0	0	0	0	0	0	0	0
2020-06-08	0	0	0	0	0	0	0	0
2020-06-09	0	0	0	0	0	0	0	0
2020-06-10	0	0	0	0	0	0	0	0
2020-06-11	0	0	0	0	0	0	0	0
2020-06-12	0	0	0	0	0	0	0	0
2020-06-13	0	0	0	0	0	0	0	0
2020-06-14	0	0	0	0	0	0	0	0
2020-06-15	0	0	0	0	0	0	0	0
2020-06-16	0	0	0	0	0	0	0	0
2020-06-17	0	0	0	0	0	0	0	0
2020-06-18	0	0	0	0	0	0	0	0
2020-06-19	0	0	0	0	0	0	0	0
2020-06-20	0	0	0	0	0	0	0	0
2020-06-21	0	0	0	0	0	0	0	0
2020-06-22	0	0	0	0	0	0	0	0
2020-06-23	0	0	0	0	0	0	0	0
2020-06-24	0	0	0	0	0	0	0	0
2020-06-25	0	0	0	0	0	0	0	0
2020-06-26	0	0	0	0	0	0	0	0
2020-06-27	0	0	0	0	0	0	0	0
2020-06-28	0	0	0	0	0	0	0	0
2020-06-29	0	0	0	0	0	0	0	0
2020-06-30	0	0	0	0	0	0	0	0
2020-07-01	0	0	0	0	0	0	0	0
2020-07-02	0	0	0	0	0	0	0	0
2020-07-03	0	0	0	0	0	0	0	0
2020-07-04	0	0	0	0	0	0	0	0
2020-07-05	0	0	0	0	0	0	0	0
2020-07-06	0	0	0	0	0	0	0	0
2020-07-07	0	0	0	0	0	0	0	0
2020-07-08	0	0	0	0	0	0	0	0
2020-07-09	0	0	0	0	0	0	0	0
2020-07-10	0	0	0	0	0	0	0	0
2020-07-11	0	0	0	0	0	0	0	0
2020-07-12	0	0	0	0	0	0	0	0
2020-07-13	0	0	0	0	0	0	0	0
2020-07-14	0	0	0	0	0	0	0	0
2020-07-15	0	0	0	0	0	0	0	0
2020-07-16	0	0	0	0	0	0	0	0
2020-07-17	0	0	0	0	0	0	0	0
2020-07-18	0	0	0	0	0	0	0	0
2020-07-19	0	0	0	0	0	0	0	0
2020-07-20	0	0	0	0	0	0	0	0
2020-07-21	0	0	0	0	0	0	0	0
2020-07-22	0	0	0	0	0	0	0	0
2020-07-23	0	0	0	0	0	0	0	0
2020-07-24	0	0	0	0	0	0	0	0
2020-07-25	0	0	0	0	0	0	0	0
2020-07-26	0	0	0	0	0	0	0	0
2020-07-27	0	0	0	0	0	0	0	0
2020-07-28	0	0	0	0	0	0	0	0
2020-07-29	0	0	0	0	0	0	0	0
2020-07-30	0	0	0	0	0	0	0	0
2020-07-31	0	0	0	0	0	0	0	0
2020-08-01	0	0	0	0	0	0	0	0
2020-08-02	0	0	0	0	0	0	0	0
2020-08-03	0	0	0	0	0	0	0	0
2020-08-04	0	0	0	0	0	0	0	0
2020-08-05	0	0	0	0	0	0	0	0
2020-08-06	0	0	0	0	0	0	0	0
2020-08-07	0	0	0	0	0	0	0	0
2020-08-08	0	0	0	0	0	0	0	0
2020-08-09	0	0	0	0	0	0	0	0
2020-08-10	0	0	0	0	0	0	0	0
2020-08-11	0	0	0	0	0	0	0	0
2020-08-12	0	0	0	0	0	0	0	0
2020-08-13	0	0	0	0	0	0	0	0
2020-08-14	0	0	0	0	0	0	0	0
2020-08-15	0	0	0	0	0	0	0	0
2020-08-16	0	0	0	0	0	0	0	0
2020-08-17	0	0	0	0	0	0	0	0
2020-08-18	0	0	0	0	0	0	0	0
2020-08-19	0	0	0	0	0	0	0	0
2020-08-20	0	0	0	0	0	0	0	0
2020-08-21	0	0	0	0	0	0	0	0
2020-08-22	0	0	0	0	0	0	0	0
2020-08-23	0	0	0	0	0	0	0	0
2020-08-24	0	0	0	0	0	0	0	0
2020-08-25	0	0	0	0	0	0	0	0
2020-08-26	0	0	0	0	0	0	0	0
2020-08-27	0	0	0	0	0	0	0	0
2020-08-28	0	0	0	0	0	0	0	0
2020-08-29	0	0	0	0	0	0	0	0
2020-08-30	0	0	0	0	0	0	0	0
2020-08-31	0	0	0	0	0	0	0	0
2020-09-01	0	0	0	0	0	0	0	0
2020-09-02	0	0	0	0	0	0	0	0
2020-09-03	0	0	0	0	0	0	0	0
2020-09-04	0	0	0	0	0	0	0	0
2020-09-05	0	0	0	0	0	0	0	0
2020-09-06	0	0	0	0	0	0	0	0
2020-09-07	0	0	0	0	0	0	0	0
2020-09-08	0	0	0	0	0	0	0	0
2020-09-09	0	0	0	0	0	0	0	0
2020-09-10	0	0	0	0	0	0	0	0
2020-09-11	0	0	0	0	0	0	0	0
2020-09-12	0	0	0	0	0	0	0	0
2020-09-13	0	0	0	0	0	0	0	0
2020-09-14	0	0	0	0	0	0	0	0
2020-09-15	0	0	0	0	0	0	0	0
2020-09-16	0	0	0	0	0	0	0	0
2020-09-17	0	0	0	0	0	0	0	0
2020-09-18	0	0	0	0	0	0	0	0
2020-09-19	0	0	0	0	0	0	0	0
2020-09-20	0	0	0	0	0	0	0	0
2020-09-21	0	0	0	0	0	0	0	0
2020-09-22	0	0	0	0	0	0	0	0
2020-09-23	0	0	0	0	0	0	0	0
2020-09-24	0	0	0	0	0	0	0	0
2020-09-25	0	0	0	0	0	0	0	0
2020-09-26	0	0	0	0	0	0	0	0
2020-09-27	0	0	0	0	0	0	0	0
2020-09-28	0	0	0	0	0	0	0	0
2020-09-29	0	0	0	0	0	0	0	0
2020-09-30	0	0	0	0	0	0	0	0
2020-10-01	0	0	0	0	0	0	0	0
2020-10-02	0	0	0	0	0	0	0	0
2020-10-03	0	0	0	0	0	0	0	0
2020-10-04	0	0	0	0	0	0	0	0
2020-10-05	0	0	0	0	0	0	0	0
2020-10-06	0	0	0	0	0	0	0	0
2020-10-07	0	0	0	0	0	0	0	0
2020-10-08	0	0	0	0	0	0	0	0
2020-10-09	0	0	0	0	0	0	0	0
2020-10-10	0	0	0	0	0	0	0	0
2020-10-11	0	0	0	0	0	0	0	0
2020-10-12	0	0	0	0	0	0	0	0
2020-10-13	0	0	0	0	0	0	0	0
2020-10-14	0	0	0	0	0	0	0	0
2020-10-15	0	0	0	0	0	0	0	0
2020-10-16	0	0	0	0	0	0	0	0
2020-10-17	0	0	0	0	0	0	0	0
2020-10-18	0	0	0	0	0	0	0	0
2020-10-19	0	0	0	0	0	0	0	0
2020-10-20	0	0	0	0	0	0	0	0
2020-10-21	0	0	0	0	0	0	0	0
2020-10-22	0	0	0	0	0	0	0	0
2020-10-23	0	0	0	0	0	0	0	0
2020-10-24	0	0	0	0	0	0	0	0
2020-10-25	0	0	0	0	0	0	0	0
2020-10-26	0	0	0	0	0	0	0	0
2020-10-27	0	0	0	0	0	0	0	0
2020-10-28	0	0	0	0	0	0	0	0
2020-10-29	0	0	0	0	0	0	0	0
2020-10-30	0	0	0	0	0	0	0	0
2020-10-31	0	0	0	0	0	0	0	0
2020-11-01	0	0	0	0	0	0	0	0
2020-11-02	0	0	0	0	0	0	0	0
2020-11-03	0	0	0	0	0	0	0	0
2020-11-04	0	0	0	0	0	0	0	0
2020-11-05	0	0	0	0	0	0	0	0
2020-11-06	0	0	0	0	0	0	0	0
2020-11-07	0	0	0	0	0	0	0	0
2020-11-08	0	0	0	0	0	0	0	0
2020-11-09	0	0	0	0	0	0	0	0
2020-11-10	0	0	0	0	0	0	0	0
2020-11-11	0	0	0	0	0	0	0	0
2020-11-12	0	0	0	0	0	0	0	0
2020-11-13	0	0	0	0	0	0	0	0
2020-11-14	0	0	0	0	0	0	0	0
2020-11-15	0	0	0	0	0	0	0	0
2020-11-16	0	0	0	0	0	0	0	0
2020-11-17	0	0	0	0	0	0	0	0
2020-11-18	0	0	0	0	0	0	0	0
2020-11-19	0	0	0	0	0	0	0	0
2020-11-20	0	0	0	0	0	0	0	0
2020-11-21	0	0	0	0	0	0	0	0
2020-11-22	0	0	0	0	0	0	0	0
2020-11-23	0	0	0	0	0	0	0	0
2020-11-24	0	0	0	0	0	0	0	0
2020-11-25	0	0	0	0	0	0	0	0
2020-11-26	0	0	0	0	0	0	0	0
2020-11-27	0	0	0	0	0	0	0	0
2020-11-28	0	0	0	0	0	0	0	0
2020-11-29	0	0	0	0	0	0	0	0
2020-11-30	0	0	0	0	0	0	0	0
2020-12-01	0	0	0	0	0	0	0	0
2020-12-02	0	0	0	0	0	0	0	0
2020-12-03	0	0	0	0	0	0	0	0
2020-12-04	0	0	0	0	0	0	0	0
2020-12-05	0	0	0	0	0	0	0	0
2020-12-06	0	0	0	0	0	0	0	0
2020-12-07	0	0	0	0	0	0	0	0
2020-12-08	0	0	0	0	0	0	0	0
2020-12-09	0	0	0	0	0	0	0	0
2020-12-10	0	0	0	0	0	0	0	0
2020-12-11	0	0	0	0	0	0	0	0
2020-12-12	0	0	0	0	0	0	0	0
2020-12-13	0	0	0	0	0	0	0	0
2020-12-14	0	0	0	0	0	0	0	0
2020-12-15	0	0	0	0	0	0	0	0
2020-12-16	0	0	0	0	0	0	0	0
2020-12-17	0	0	0	0	0	0	0	0
2020-12-18	0	0	0	0	0	0	0	0
2020-12-19	0	0	0	0	0	0	0	0
2020-12-20	0	0	0	0	0	0	0	0
2020-12-21	0	0	0	0	0	0	0	0
2020-12-22	0	0	0	0	0	0	0	0
2020-12-23	0	0	0	0	0	0	0	0
2020-12-24	0	0	0	0	0	0	0	0
2020-12-25	0	0	0	0	0	0	0	0
2020-12-26	0	0	0	0	0	0	0	0
2020-12-27	0	0	0	0	0	0	0	0
2020-12-28	0	0	0	0	0	0	0	0
2020-12-29	0	0	0	2.5550163202714415e-5	1.2148368957176636e-4	2.427047263959814e-4	7.625145357104124e-5	2.50415677002902e-4
2020-12-30	0	0	0	3.6910340593276914e-5	1.399448961434402e-4	3.4173919641955486e-4	8.178167206041032e-5	3.1652504702650575e-4
2020-12-31	0	0	0	2.745018837835289e-5	1.631266525761177e-4	3.2986720309291506e-4	9.39422062844475e-5	3.6783382543070786e-4
2021-01-01	0	0	0	2.745018837835289e-5	1.305242591456146e-4	2.917812840794731e-4	9.064205399544889e-5	3.733348447265694e-4
2021-01-02	0	0	0	1.893008958697706e-5	6.527106507792091e-5	8.929199326512816e-5	2.3210134677542626e-5	1.7390756095991833e-4
2021-01-03	0	0	0	1.420005041041783e-5	6.953120864716666e-5	6.664111025944663e-5	1.2160036966690768e-5	2.7000018225642464e-6
2021-01-04	0	0	0	3.029022937450776e-5	1.4427520383364367e-4	1.8127821544777767e-4	3.427029361335876e-5	5.029632430060271e-4
2021-01-05	0	0	0	5.774083350096326e-5	3.009126371038562e-4	4.03960796081293e-4	1.0723287472247378e-4	0.014175536458471472
2021-01-06	0	0	0	1.1739344530514728e-4	3.828866505468653e-4	5.797640315829966e-4	1.3157432795085633e-4	0.017547680270720845
2021-01-07	0	0	0	1.287641450511412e-4	4.138128102604277e-4	7.104661905519283e-4	1.7250743970431692e-4	0.016570142404829014
2021-01-08	0	0	0	7.575143456994837e-5	3.0029254390306903e-4	4.8122789507187846e-4	1.2497390461918556e-4	0.01036948153683559
2021-01-09	0	0	0	9.091206625089221e-5	2.667377872618282e-4	4.342371404735257e-4	1.5706616744526336e-4	0.012451057206389171
2021-01-10	0	0	0	1.553260315438898e-4	5.673104602896828e-4	9.10407210322095e-4	2.5334604605475874e-4	0.01246524558688522
2021-01-11	0	0	0	2.614470886450615e-4	8.133353786095032e-4	0.0014230062366873408	3.762553920301226e-4	0.009054495974337273
2021-01-12	0	0	9.853902427359174e-7	1.9233924859651808e-4	7.945278186136662e-4	0.0013146620840989165	3.996499300167322e-4	0.029917768213722606
2021-01-13	0	0	0	3.5160090579910985e-4	0.001227546717736061	0.0019634938270021163	5.714916506767143e-4	0.02537325045972283
2021-01-14	0	0	0	1.459953286591098e-4	6.967213551616336e-4	9.088064823055131e-4	2.4599512840084437e-4	0.0049238611020379075
2021-01-15	0	0	0	0	0	0	0	0
2021-01-16	0	0	0	5.690008094028087e-6	5.0440636064408295e-5	5.650079808505737e-5	1.2190037149251154e-5	0
2021-01-17	0	0	0	1.7070072846792073e-5	9.660233300268217e-5	1.0449272968271472e-4	1.8840088737093197e-5	6.30000992263291e-6
2021-01-18	0	0	0	1.8010081090702457e-5	8.757191721020519e-5	9.733236839748471e-5	1.8840088737093197e-5	1.1000030250229997e-5
2021-01-19	0	0	0	1.972197239048512e-4	6.131039741208433e-4	7.456289906480063e-4	2.3276354471701843e-4	0.007698617176608025
2021-01-20	0	0	0	4.562020300731273e-4	0.0016956287892477828	0.0024915219203698324	9.76928597371085e-4	0.020974785405703855
2021-01-21	0	0	0	4.526112142277938e-4	0.0014975106345251898	0.0022003904295104793	8.18007283979183e-4	0.0115468323342387
2021-01-22	0	0	0	8.258170493458117e-5	3.588221883408238e-4	5.214179691745979e-4	1.5771621860127816e-4	0.002461414640508197
2021-01-23	0	0	0	9.113207626398889e-5	4.2635544474145526e-4	5.284598174446486e-4	1.4551529367512472e-4	0.0020516523193099268
2021-01-24	0	0	0	5.127065717003276e-5	2.1995209473102406e-4	2.3026325529174052e-4	4.333046938231888e-5	4.442493393688185e-4
2021-01-25	0	0	0	2.0128012842257625e-4	7.337445952828592e-4	8.757917527986159e-4	1.8109819913947334e-4	6.700122290967947e-4
2021-01-26	0	0	0	4.0172034480878693e-4	0.0014401084781072715	0.0019670373089437643	4.3451720129961124e-4	0.0015042657038268903
2021-01-27	0	2.520906188685501e-6	0	5.814745281567113e-4	0.0019923823969039134	0.0026201563047654197	7.783214460683752e-4	0.006958003453013006
2021-01-28	0	0	0	9.678741951144598e-4	0.0029195409298101715	0.004001012024304584	0.001494698530924543	0.045275057712722555
2021-01-29	0	0	0	0.0010925684264415647	0.0030404811313775593	0.004043116698158711	0.002203994397826481	0.056704242787526615
2021-01-30	0	0	0	0.0010118059378139144	0.0025988685294082714	0.0034697898604187927	0.0027153332586764556	0.049588351142251685
2021-01-31	0	0	0	5.044436158403443e-4	0.0013271103054406375	0.0016372001060467323	0.0010427118119806789	0.01773109795870531
2021-02-01	0	0	0	8.549127189392269e-4	0.0023716361645242934	0.0029631851165088374	0.0011817491327532625	0.010071860593956039
2021-02-02	0	0	0	0.0010868052864327904	0.00304957497688485	0.004085542915228002	0.0017536388122709745	0.03534807154040642
2021-02-03	0	0	0	0.0012983914550925846	0.003377842454912461	0.0044640118504502	0.0026998222600589372	0.06278271740106556
2021-02-04	0	0	0	0.0012474090073077981	0.0032216747971245407	0.00449381860140563	0.003705182093586501	0.04512783026613221
2021-02-05	0	0	0	0.0014560900495581564	0.0036431681685762385	0.004935850655423124	0.004532976970052616	0.056538654873732774
2021-02-06	0	0	0	0.0013084079828624695	0.0033963938728347465	0.004004939885872361	0.0030653290605624495	0.07075900935108681
2021-02-07	0	0	0	7.813526279822902e-4	0.0017616458490243847	0.0020227328620576746	0.0010810421630396139	0.01984111748577111
2021-02-08	0	0	0	0.001239934359303918	0.002793010226531223	0.002988472742333048	0.0022015717295200687	0.018849728062002802
2021-02-09	0	0	0	0.0013782849173282763	0.0031877704701426257	0.003595752358756421	0.004152811460757189	0.05172353091251436
2021-02-10	0	0	0	0.0016069355604739766	0.003720470475139015	0.004321909725919726	0.00507958053460178	0.06783685988993149
2021-02-11	0	0	0	0.0018762901161499812	0.004363710492315098	0.005056732636238737	0.008920343130391029	0.0919829141226225
2021-02-12	0	0	9.85391242824818e-7	0.0019999099099119455	0.00440346763179611	0.005749413940163706	0.012253658033802406	0.1259934898725672
2021-02-13	0	0	9.85392242691674e-7	0.0017661698389750402	0.0036581555254622256	0.004688114604636473	0.017427499434131688	0.17182232810921794
2021-02-14	0	0	0	9.597502801501623e-4	0.0019076698010174198	0.00213750222894471	0.00408536254678471	0.037132913312773574
2021-02-15	0	0	0	0.001206754063842741	0.0025166633986655196	0.0028832382657242306	0.004562193402159576	0.04814293556111027
2021-02-16	0	0	0	0.0014643560846856474	0.003036855623018697	0.0037421809796209793	0.008054689505758494	0.06695411332270762
2021-02-17	0	0	0	0.0014079755988216647	0.0026829095008473747	0.0034820611875283625	0.01109960028160284	0.07589646848201026
2021-02-18	0	0	0	0.0016551548844228048	0.0034272665389822876	0.004518183495524797	0.015834361753031434	0.10155305578480811
2021-02-19	0	0	0	0.0016725693720760493	0.0038267309674744343	0.005169460831321748	0.026287964266316743	0.21707263187756287
2021-02-20	0	0	0	0.0012794292347917402	0.002910437661845844	0.0050053433655519175	0.040126963295836315	0.2515719059681065
2021-02-21	0	0	0	9.945672910240955e-4	0.0023110051862427206	0.003514087202216132	0.019569774013737273	0.11203675883241848
2021-02-22	0	0	0	7.196194630429975e-4	0.0017445308469690168	0.0025358175927159277	0.01860615727210857	0.11085479647540053
2021-02-23	0	0	0	8.085734477549789e-4	0.0017595239811600827	0.0030586388178546198	0.02400267206658402	0.09432521137524619
2021-02-24	0	0	0	0.0010236419607159153	0.0024119143326870596	0.004523876364339818	0.049538475129540016	0.13558009021572603
2021-02-25	0	0	0	0.0011054254913791528	0.0025992790629116858	0.0051346812378536555	0.055079487485413914	0.1334179900149044
2021-02-26	0	0	0	0.0011628380480814826	0.002748839029001804	0.005126550379698891	0.057614322540448626	0.1264164817121176
2021-02-27	0	0	0	0.001069455933998542	0.002623720977942501	0.0064896589182186215	0.1004080332871482	0.1273737158738799
2021-02-28	0	0	0	5.964589408169463e-4	0.001491456110332301	0.0033153478828962246	0.047946025336389475	0.0513601666803587
2021-03-01	0	2.520912588677149e-6	0	7.519813689946808e-4	0.0017189587047572452	0.003543859735456234	0.042497744573457785	0.06736314844200497
2021-03-02	0	0	0	8.514512423045684e-4	0.0018737877701517913	0.004222767942273498	0.06253348932168645	0.08649745231421235
2021-03-03	0	0	1.9707859708617548e-6	0.0010571093700550982	0.002394072896258148	0.006262996280602673	0.09444545604173271	0.13136820106260627
2021-03-04	0	0	0	0.0010849943031594478	0.0026180735773140285	0.006516526278685264	0.10801604657967556	0.12473223245318898
2021-03-05	0	0	0	0.0012072243476564104	0.002805557788626345	0.007733140364976077	0.1267006112209399	0.12679419176642526
2021-03-06	0	0	0	0.0013130009929018804	0.00272768005962698	0.007719387234820241	0.17424196564824057	0.09677147982697565
2021-03-07	0	0	0	4.494204946952074e-4	0.001045783415738022	0.0020251052628312838	0.05226962851630823	0.017790424803673766
2021-03-08	0	0	0	8.247100366611804e-4	0.0017452915106141997	0.003948297262818867	0.056349815424596494	0.044134667212489154
2021-03-09	0	2.5209188887487244e-6	0	0.0012825412280004223	0.0027952934163208987	0.01082618155174786	0.1056387989615073	0.052077106248812566
2021-03-10	0	0	0	0.0019076297628279892	0.004649694915702218	0.020034475047608247	0.11772080710644839	0.059242725119908135
2021-03-11	0	0	0	0.0015994295437162798	0.004182613564056581	0.014647608105805343	0.10332136617717969	0.04976760359181798
2021-03-12	0	0	0	0.0017741769259411733	0.004176310392122851	0.014756458265132721	0.08836846646640617	0.04765054357576659
2021-03-13	0	0	0	0.0017291875223719444	0.004335428986123269	0.015068434429035493	0.09011387774035073	0.02853333784210288
2021-03-14	0	0	0	5.661801399876598e-4	0.0015080985903395128	0.0038618384490516355	0.033222493518903384	0.00983488122216336
2021-03-15	0	0	0	5.795639735999281e-4	0.0014217553470667887	0.003436352128988629	0.04515559698476257	0.023371253876945275
2021-03-16	0	0	0	0.001444541675162725	0.003879993587559971	0.013190416773665614	0.07223232727592399	0.03662362242997341
2021-03-17	0	0	0	0.002370314597823109	0.006239904100796778	0.02088048870210968	0.10514977900626676	0.053186603703375024
2021-03-18	0	0	9.853942426474305e-7	0.0025840092759845668	0.006878277675946842	0.02057417416059759	0.09992125426339249	0.046379873158550744
2021-03-19	0	0	0	0.0029117395568116766	0.007602680186504562	0.023261686514879143	0.11616859565405901	0.05317889881992488
2021-03-20	0	0	0	0.0024682730930154495	0.006586013894755549	0.019112340388784288	0.11124375315394386	0.03438752547710977
2021-03-21	0	0	0	6.691619444270103e-4	0.0018544797738078156	0.006639641208845415	0.03873967051796012	0.007539109543176048
2021-03-22	0	0	0	8.070228214585029e-4	0.002085046855097028	0.0070412548173508505	0.033286863825839896	0.020230518469385173
2021-03-23	0	0	0	7.088656226177381e-4	0.002016746816930981	0.007730299382134209	0.037963068645240794	0.03203628082223009
2021-03-24	0	0	0	0.0012405347316051252	0.003925281959615612	0.012990578784287665	0.04964100740402144	0.034935522686341924
2021-03-25	0	0	0	0.0020007607609056066	0.006374628973637941	0.02387186650257922	0.08447003677833331	0.06043819381799542
2021-03-26	0	0	0	0.00238754509289274	0.007166058097162864	0.024961894038497245	0.1028999288387551	0.05579229504664296
2021-03-27	0	0	9.85395242736331e-7	0.002664144416367753	0.007903205162961946	0.027457032153672012	0.09377359162139398	0.036369688561515456
2021-03-28	0	0	0	8.458188523827737e-4	0.0025425461352124312	0.01048033937837145	0.028294433745240877	0.009917589646097236
2021-03-29	0	0	0	0.0010574595551777755	0.002723364178111698	0.013416097920855519	0.057034658054858633	0.023255909329687574
2021-03-30	0	0	0	0.0010287045582670906	0.0029777968184729886	0.015341228321603895	0.043327682007025414	0.03334161583664974
2021-03-31	0	0	9.853962428252316e-7	0.0011586556207119347	0.003010826268705191	0.013398610692119783	0.037911724717768935	0.03399114956213878
2021-04-01	0	0	0	8.596147343729044e-4	0.0018491548434087512	0.009896575551913589	0.023000657562072035	0.025235608990277436
2021-04-02	0	0	9.853972426920876e-7	0.001874038004610723	0.005352121300604029	0.026921299086121175	0.06942392017304844	0.04409488982721865
2021-04-03	0	0	0	0.0035060631196497383	0.009045063292491218	0.04818739629030988	0.09573597418845314	0.0402688959961881
2021-04-04	0	0	0	0.001511130879133571	0.004689487824012906	0.02631937740677004	0.05886075718407047	0.013124261560376382
2021-04-05	0	0	0	0.0017392262269670944	0.004742953902931335	0.03460048845024888	0.06814959171265023	0.025373453029662096
2021-04-06	0	0	0	0.001968488736976859	0.005558604521055388	0.04052417213174064	0.06127068418512849	0.04227356354367018
2021-04-07	0	0	0	0.00227221073540651	0.005787874873889098	0.04535694307119087	0.05591223449145688	0.031561735791543866
2021-04-08	0	0	9.853982427809882e-7	0.0027905768297606937	0.006663370125356893	0.05777806623444803	0.06907290660677701	0.04330319160070184
2021-04-09	0	0	9.853992426478442e-7	0.0025168936884598647	0.006957682335871684	0.0704742447948512	0.06352825995316924	0.0442424485637285
2021-04-10	0	0	9.854002427367448e-7	0.0035890603385284603	0.008522759356763387	0.11263438624097	0.07865002667395338	0.030327336839951036
2021-04-11	0	0	0	0.001355529364964747	0.003661752107123384	0.04343867972404203	0.02247338323854664	0.006108026998453475
2021-04-12	0	0	0	0.0011205038822375002	0.0031458140364881704	0.03473522394563844	0.022067169997929348	0.019040232614503605
2021-04-13	0	0	0	0.0016595785502411253	0.004489358585126446	0.044839229116950596	0.030649548709016594	0.039011779739613006
2021-04-14	0	0	9.854012428256453e-7	0.0025258649984976067	0.005226689570967835	0.04702984149782763	0.03176536967769006	0.03377152904348368
2021-04-15	0	0	0	0.002725867588527553	0.006891212201401098	0.05872062803933331	0.03963769675092954	0.039996020412203404
2021-04-16	0	0	9.854022426925013e-7	0.0025487840750653135	0.007558432475371246	0.06618977146153249	0.03795055108185408	0.04313679578770757
2021-04-17	0	0	9.85403242781402e-7	0.0029766751487352305	0.00848777056227945	0.08677608210643584	0.04521094744215426	0.04905110266824253
2021-04-18	0	0	0	0.001720039634085735	0.004597724768261147	0.05059503437587387	0.019440977905480272	0.016816599504725582
2021-04-19	0	0	0	0.001545807380114006	0.004679233807255656	0.03843362589995447	0.02359505161518083	0.021752391635465607
2021-04-20	0	0	0	0.0017321300686437002	0.004767712771267307	0.03795242667258436	0.02993985878603178	0.04232025090925551
2021-04-21	0	0	0	0.0022071478754359664	0.00563332358364943	0.037712263708505	0.027731296197194055	0.049973743766510204
2021-04-22	0	0	9.854042426482579e-7	0.0020348851894336217	0.004334196314423	0.030129252971149878	0.024611501501540012	0.0438695340034192
2021-04-23	0	0	0	0.0010306155420989338	0.002683430199408754	0.019368706699805838	0.010490703716114824	0.01436045567177513
2021-04-24	0	0	0	0.0010652436860276726	0.002814440268506191	0.025426233335406723	0.011768987265312614	0.0209256709259249
2021-04-25	0	0	0	6.718428432015422e-4	0.0017342619160984896	0.013153795584570194	0.00686198169820651	0.007847596191496109
2021-04-26	0	0	0	3.046732064406754e-4	0.0011622677165612494	0.007835920412176511	0.0056573514062334684	0.005081154532846632
2021-04-27	0	0	0	6.638201643025532e-4	0.0026919516509227304	0.015144549343705904	0.013855221792731465	0.022226099878957406
2021-04-28	0	0	0	9.595601889391681e-4	0.003859453845997285	0.019404382515199048	0.022229649327303758	0.0522621326266719
2021-04-29	0	0	0	7.71388760154812e-4	0.003349885433103772	0.016240952131534758	0.021072795679436762	0.04855766162563757
2021-04-30	0	0	9.854052427371585e-7	6.175653467392905e-4	0.0038452765379133336	0.021510687418301977	0.02407436374746119	0.054992236519350035
2021-05-01	0	0	0	5.744224902992645e-4	0.005030536574556876	0.026029949568636468	0.027282858593254966	0.05191221963690751
2021-05-02	0	0	0	1.8720876178024426e-4	0.001988908939692724	0.012433518093042384	0.010119913160594463	0.014357736146815459
2021-05-03	0	0	0	1.7309749068528113e-4	0.0011523719903010488	0.0051977742141955385	0.009550151347690994	0.021156903642939096
2021-05-04	0	0	0	1.49165562591147e-4	0.00166651431749254	0.01015551361419198	0.01054859823116061	0.02987472479540032
2021-05-05	0	0	0	3.386886775051945e-4	0.0014806180574580274	0.02061573210253087	0.013411718548606677	0.03856899178176554
2021-05-06	0	0	0	3.104740985413468e-4	0.002369854052056919	0.031658962476268426	0.013594039477327735	0.04173811761552182
2021-05-07	0	0	0	4.83868532189069e-4	0.0019391500757541813	0.03259684863523704	0.010248658751551343	0.03932613624805015
2021-05-08	0	0	9.85406242826059e-7	3.7723557667002083e-4	0.0028894472263183424	0.046282927340808744	0.010434027231064569	0.028653556576115236
2021-05-09	0	0	0	4.4609975124698664e-4	0.0014525474735407329	0.025894359462999894	0.0051053060374339765	0.0075563746996503145
2021-05-10	0	0	0	1.0147257417081335e-4	7.237209430008829e-4	0.03283938632352634	0.007300323681463494	0.01886406322029477
2021-05-11	0	0	0	2.4553507186797496e-4	0.0016534234522782576	0.033191763287533815	0.008406798565530282	0.04282754975449343
2021-05-12	0	0	0	3.896879641773765e-4	0.0034316440452131225	0.03368870216336295	0.013877153849742419	0.04377107679085768
2021-05-13	0	0	0	3.865673585807805e-4	0.0032116586878818687	0.03629971737029081	0.011581834723892959	0.03714249116243784
2021-05-14	0	0	9.85407242692915e-7	3.867173875844454e-4	0.005005814544814191	0.04408643340253904	0.01625566163378811	0.039101940436474525
2021-05-15	0	0	9.854082427818156e-7	4.0981198646594663e-4	0.004942667490480446	0.05357050988226142	0.012764462878141813	0.030304795152305664
2021-05-16	0	2.520925288740372e-6	0	2.6237721045019313e-4	0.0028576715717030243	0.021150586830821938	0.004558855791531924	0.01668086279590386
2021-05-17	0	0	0	1.6074645985608704e-4	0.002090512560691593	0.019568188500295847	0.006224084807924024	0.023220396705793567
2021-05-18	0	0	0	3.8936790184074255e-4	0.004812770690429735	0.020884015526123845	0.009314721006858928	0.030784521693981715
2021-05-19	0	0	9.854092426486716e-7	4.639338086447342e-4	0.006725799093361129	0.017318028528024332	0.013458100114674076	0.029347316242661847
2021-05-20	0	0	0	5.944383392346708e-4	0.007486180725463587	0.02093450335770841	0.012747212858917667	0.0345918490043855
2021-05-21	0	0	9.854102427375722e-7	4.0746150621973065e-4	0.00622835811119038	0.022785423885409495	0.012911808700982741	0.03647724739436753
2021-05-22	0	0	0	3.155748968788341e-4	0.009110661036128898	0.02360681037400858	0.008039498383564991	0.015852324044402177
2021-05-23	0	0	0	4.220145240645401e-4	0.005897755881108191	0.015259634108279574	0.0046008820288607755	0.010723950780083369
2021-05-24	0	0	0	2.960021904319099e-5	0.004274818518341217	0.006942911003299912	0.002032422685493085	0.004058217281876608
2021-05-25	0	0	0	8.333173604468946e-5	0.007204014456070773	0.011255662484491058	0.0065800342125597044	0.028011663320495206
2021-05-26	0	0	0	2.1604166850064388e-4	0.008626373580286728	0.010038904902912371	0.006436737898694034	0.023868830264549556
2021-05-27	0	0	0	6.077423376871227e-4	0.007568400170284484	0.010092544865465403	0.010243703364655632	0.04481959911623501
2021-05-28	0	0	0	6.816661671908975e-4	0.008007881541696404	0.013896357185758657	0.00863688896273862	0.026351601728413332
2021-05-29	0	0	0	6.063319095961361e-4	0.013633840401020114	0.021421500167355	0.009479856921814633	0.020845938285753318
2021-05-30	0	0	0	2.934315255151976e-4	0.0066784002574997725	0.0103680541366451	0.005408021674608188	0.010222223463132618
2021-05-31	0	0	0	3.14404712580707e-4	0.005565674182275826	0.009738147881038328	0.004271020403822545	0.018308803067440538
2021-06-01	0	0	0	0.0014123686963336546	0.010046623661750242	0.01388005397458425	0.008881339548041822	0.028450964343011753
2021-06-02	0	0	0	0.0022376717937642177	0.01642838294151816	0.016574922009908732	0.014792373579025409	0.03012721222917536
2021-06-03	0	0	0	0.0027509819754574227	0.019184713306159784	0.01614140624892313	0.012805253630133073	0.04327641195798937
2021-06-04	0	0	9.854112428264727e-7	0.001742629189122713	0.019427446418586847	0.019073509693002144	0.014090032252217055	0.04157706304281672
2021-06-05	1.0796134139123836e-5	0	0	0.0018222301306622946	0.024524016850622443	0.02465081567840266	0.011713431117133855	0.04052241656098543
2021-06-06	0	0	0	9.297961302108249e-4	0.009810390942611713	0.01019604985817768	0.00456621257431844	0.00876560897517642
2021-06-07	0	0	0	5.748025995071515e-4	0.008011174730139237	0.00868572043486826	0.00688469977274031	0.02863641100886727
2021-06-08	0	0	9.854122426933287e-7	0.001492126610455502	0.013950242315162953	0.012119933195163801	0.011462014443777369	0.0500717961935111
2021-06-09	0	0	9.854132427822293e-7	0.003064567894094372	0.02733997860756543	0.01597683481265766	0.014691207897370884	0.06035879606562289
2021-06-10	0	0	0	0.0032832749736380062	0.028593253536957075	0.01646128346331488	0.017189045824085536	0.06890714878854154
2021-06-11	0	0	0	0.0023465966289346607	0.021405963821784946	0.014834757507577123	0.01208337196953857	0.05151084170324416
2021-06-12	0	0	0	0.0011363628301204187	0.018733707953421108	0.016218842714751602	0.01290048563238777	0.0295550756237819
2021-06-13	0	0	9.854142426490853e-7	0.0011354022845868617	0.011134092001172657	0.006139322821175686	0.004046764074869369	0.011861674832457592
2021-06-14	0	0	0	3.671837059684435e-4	0.008170157869904715	0.005717181541193828	0.0055325121727354265	0.02677492414068494
2021-06-15	0	0	0	0.0015102702290410441	0.018025499659493516	0.008283835482575608	0.010458183400007037	0.062450413537759264
2021-06-16	0	0	0	0.0028477173735599326	0.02748452984520311	0.010778554308243926	0.01414258316464223	0.0456445563818233
2021-06-17	0	0	0	0.0024230277658885413	0.02730889392180824	0.023658197578161788	0.0313910291782169	0.08090469230942055
2021-06-18	0	0	0	0.0013287213751231874	0.02602132736951801	0.011551851317213702	0.015533512502667657	0.057106693613877324
2021-06-19	0	0	0	0.0012816206378649664	0.021327859396610416	0.012382300340430197	0.014060141897544787	0.033615805596475035
2021-06-20	0	0	0	6.324299919235887e-4	0.012678616831188094	0.006971179335331312	0.008668234572651645	0.014572187159654026
2021-06-21	0	0	0	7.022732969459433e-4	0.007000521826460604	0.0036750865653156772	0.004367228170473192	0.011080393781588871
2021-06-22	0	0	0	4.4303907090470496e-4	0.008939679467244277	0.005079550458214399	0.005515866194970354	0.030020507720956102
2021-06-23	1.0796250139666341e-5	0	0	0.002691711327467594	0.018039495852654408	0.006640353573896585	0.009084070082315154	0.06437575960621933
2021-06-24	0	0	0	0.0017028649372485827	0.01991627449746458	0.007717791074768332	0.011849120413644165	0.060336317811770845
2021-06-25	0	0	0	0.002165091905740102	0.02082701109781704	0.006185374715091507	0.009664691565765438	0.03073729533106717
2021-06-26	0	0	0	0.004512039625395259	0.02966643433148608	0.009152130372589218	0.011324893302075978	0.07792247815026987
2021-06-27	0	0	0	0.0018394358810900346	0.013704694663958072	0.004329826850137941	0.005653259836695401	0.036835615644986275
2021-06-28	0	0	0	0.001314972288029459	0.011690134812986308	0.004060792508950195	0.00528822132118556	0.03567161604786673
2021-06-29	0	0	9.854152427379859e-7	0.0018788024746847487	0.012190049325640384	0.003781304566055299	0.0049171145037607555	0.06384628709391982
2021-06-30	0	0	0	0.0032282754405801306	0.022803307710636433	0.006457615198512956	0.009224954948450215	0.04520354000729787
2021-07-01	0	0	2.956250184871223e-6	0.003716963955261221	0.027851790559340284	0.005886462610516396	0.0098519452060859	0.133082754913866
2021-07-02	0	0	1.9708389711325935e-6	0.0044995715360018895	0.02790531667467855	0.005727711670244329	0.010633296749943177	0.09980569414599083
2021-07-03	0	0	0	0.010776724447454145	0.03377128492130921	0.008127423754220153	0.007572395292616996	0.13464373376022332
2021-07-04	0	0	9.854212428273001e-7	0.004243972826337705	0.017134507839727364	0.003366513353038947	0.0034646409342007356	0.047574329199700394
2021-07-05	0	0	0	0.002468533414304419	0.015703590690140823	0.0034798974215159983	0.0031983373404358417	0.059171311011711136
2021-07-06	0	0	0	0.00580563635336695	0.018333539669200594	0.004559878122122107	0.007681320671815817	0.10263340389897246
2021-07-07	0	0	0	0.009531673198490687	0.021051107279422387	0.005764366981674707	0.00872813508551773	0.14835975416389258
2021-07-08	0	0	9.854222426941561e-7	0.015143954842064655	0.026597375090425146	0.005834771138559791	0.008093466048168185	0.16750858119335255
2021-07-09	0	0	0	0.014495288346058954	0.025205955042399752	0.0050582163882575415	0.007442417394167178	0.2426624683914591
2021-07-10	0	0	9.854232427830567e-7	0.021745102369262304	0.02887772068803396	0.007776709301891449	0.009811054196109836	0.23256977506889975
2021-07-11	0	0	9.854242426499127e-7	0.012691508597620915	0.016235507929431625	0.0029327001825902865	0.00290909570946174	0.19215797150304081
2021-07-12	0	0	1.3795991582243872e-5	0.010081700169577212	0.010473885569731944	0.0027149126877255014	0.002917578065442017	0.13917050754240257
2021-07-13	0	0	9.854382427842978e-7	0.014542773062083958	0.01324108156022108	0.003918268206434483	0.00629646135640316	0.2580233067001154
2021-07-14	0	0	0	0.0175250316838802	0.015182396289271205	0.004557091771353106	0.009438189856944001	0.4625877586021374
2021-07-15	0	0	9.854392426511538e-7	0.022322200154939242	0.02119066102870848	0.005479526302123894	0.006694704767982618	1.6077679258398159
2021-07-16	0	0	5.745730824457951e-7	0.017840793477980954	0.03439625559982207	0	0	0
2021-07-17	0	0	7.883001553743441e-7	0.024964385131245326	0.04903787837897777	0	0	0
2021-07-18	0	0	7.713831486899636e-7	0.02505062343360298	0.05044603049825791	0	0	0
2021-07-19	0	0	7.941901576380417e-7	0.02645910100651827	0.0547193724297772	0	0	0
2021-07-20	0	0	7.987101595663404e-7	0.027333956291638373	0.05822189733224148	0	0	0
2021-07-21	0	0	7.749981500992931e-7	0.027262054909471756	0.059958350962536766	0	0	0
2021-07-22	0	0	7.679401474725012e-7	0.027769070316561395	0.06319320529899008	0	0	0
2021-07-23	0	0	7.141341276106772e-7	0.026547583548060416	0.0626543106611046	0	0	0
2021-07-24	0	0	6.943651205126855e-7	0.026511545511350043	0.0649619125195493	0	0	0
2021-07-25	0	0	6.61370109344972e-7	0.02593099411393429	0.06611866961801405	0	0	0
2021-07-26	0	0	7.070101248896066e-7	0.02847164869485086	0.07578322427019679	0	0	0
2021-07-27	0	0	7.21563130134939e-7	0.029913880054986075	0.08372464400337298	0	0	0
2021-07-28	0	0	6.995961223665859e-7	0.029890470049951823	0.08853276250938591	0	0	0
2021-07-29	0	0	6.102690930376298e-7	0.026850527709570526	0.08446008655522919	0	0	0
2021-07-30	0	0	4.91705060445824e-7	0.025403859013190644	0.06640071369479461	0	0	0
2021-07-31	0	0	4.649160540992625e-7	0.021531218340809843	0	0	0	0
2021-08-01	0	0	4.3207504663023144e-7	0.02044257471524724	0	0	0	0
2021-08-02	0	0	5.29195069987054e-7	0.025590447754063383	0	0	0	0
2021-08-03	0	0	5.020060629412626e-7	0.024904690907296967	0	0	0	0
2021-08-04	0	0	5.043350634892363e-7	0.02566006979547719	0	0	0	0
2021-08-05	0	0	4.846920587109338e-7	0.02530356763374897	0	0	0	0
2021-08-06	0	0	4.051070410238111e-7	0.02167442517668494	0	0	0	0
2021-08-07	0	0	3.89879037943075e-7	0.021317377647440905	0	0	0	0
2021-08-08	0	0	3.460290298740176e-7	0.019319934971828934	0	0	0	0
2021-08-09	0	0	4.865170590839796e-7	0.027755157187627333	0	0	0	0
2021-08-10	0	0	4.859120590339217e-7	0.028511770260851943	0	0	0	0
2021-08-11	0	0	4.342490471653804e-7	0.026207447577127008	0	0	0	0
2021-08-12	0	0	3.907660381941014e-7	0.02420139690301437	0	0	0	0
2021-08-13	0	0	4.272560456541896e-7	0.027133557485454096	0	0	0	0
2021-08-14	0	0	4.173760435044471e-7	0.027240937164398682	0	0	0	0
2021-08-15	0	0	3.9823203978883726e-7	0.026710685175638016	0	0	0	0
2021-08-16	0	0	5.226460684237821e-7	0.0360961836179452	0	0	0	0
2021-08-17	0	0	5.530580764467885e-7	0.03964908243447396	0	0	0	0
2021-08-18	0	0	4.608500532299331e-7	0.034342583256176784	0	0	0	0
2021-08-19	0	0	4.367080477241103e-7	0.03368496928900022	0	0	0	0
2021-08-20	0	0	4.5124905101445734e-7	0.03603063160343556	0	0	0	0
2021-08-21	0	0	4.3231404678323315e-7	0.0357947968707546	0	0	0	0
2021-08-22	0	0	3.580900320709901e-7	0.030700195500949157	0	0	0	0
2021-08-23	0	0	5.143930661422047e-7	0.04565824892369452	0	0	0	0
2021-08-24	0	0	5.157210665185374e-7	0.0479679920657039	0	0	0	0
