2020-02-17	0	0	0	0	0	0	0	0
2020-02-18	0	0	0	0	0	0	0	0
2020-02-19	0	0	0	0	0	0	0	0
2020-02-20	0	0	0	0	0	0	0	0
2020-02-21	0	0	0	0	0	0	0	0
2020-02-22	0	0	0	0	0	0	0	0
2020-02-23	0	0	0	0	0	0	0	0
2020-02-24	0	0	0	0	0	0	0	0
2020-02-25	0	0	0	0	0	0	0	0
2020-02-26	0	0	0	0	0	0	0	0
2020-02-27	0	0	0	0	0	0	0	0
2020-02-28	0	0	0	0	0	0	0	0
2020-02-29	0	0	0	0	0	0	0	0
2020-03-01	0	0	0	0	0	0	0	0
2020-03-02	0	0	0	0	0	0	0	0
2020-03-03	0	0	0	0	0	0	0	0
2020-03-04	0	0	0	0	0	0	0	0
2020-03-05	0	0	0	0	0	0	0	0
2020-03-06	0	0	0	0	0	0	0	0
2020-03-07	0	0	0	0	0	0	0	0
2020-03-08	0	0	0	0	0	0	0	0
2020-03-09	0	0	0	0	0	0	0	0
2020-03-10	0	0	0	0	0	0	0	0
2020-03-11	0	0	0	0	0	0	0	0
2020-03-12	0	0	0	0	0	0	0	0
2020-03-13	0	0	0	0	0	0	0	0
2020-03-14	0	0	0	0	0	0	0	0
2020-03-15	0	0	0	0	0	0	0	0
2020-03-16	0	0	0	0	0	0	0	0
2020-03-17	0	0	0	0	0	0	0	0
2020-03-18	0	0	0	0	0	0	0	0
2020-03-19	0	0	0	0	0	0	0	0
2020-03-20	0	0	0	0	0	0	0	0
2020-03-21	0	0	0	0	0	0	0	0
2020-03-22	0	0	0	0	0	0	0	0
2020-03-23	0	0	0	0	0	0	0	0
2020-03-24	0	0	0	0	0	0	0	0
2020-03-25	0	0	0	0	0	0	0	0
2020-03-26	0	0	0	0	0	0	0	0
2020-03-27	0	0	0	0	0	0	0	0
2020-03-28	0	0	0	0	0	0	0	0
2020-03-29	0	0	0	0	0	0	0	0
2020-03-30	0	0	0	0	0	0	0	0
2020-03-31	0	0	0	0	0	0	0	0
2020-04-01	0	0	0	0	0	0	0	0
2020-04-02	0	0	0	0	0	0	0	0
2020-04-03	0	0	0	0	0	0	0	0
2020-04-04	0	0	0	0	0	0	0	0
2020-04-05	0	0	0	0	0	0	0	0
2020-04-06	0	0	0	0	0	0	0	0
2020-04-07	0	0	0	0	0	0	0	0
2020-04-08	0	0	0	0	0	0	0	0
2020-04-09	0	0	0	0	0	0	0	0
2020-04-10	0	0	0	0	0	0	0	0
2020-04-11	0	0	0	0	0	0	0	0
2020-04-12	0	0	0	0	0	0	0	0
2020-04-13	0	0	0	0	0	0	0	0
2020-04-14	0	0	0	0	0	0	0	0
2020-04-15	0	0	0	0	0	0	0	0
2020-04-16	0	0	0	0	0	0	0	0
2020-04-17	0	0	0	0	0	0	0	0
2020-04-18	0	0	0	0	0	0	0	0
2020-04-19	0	0	0	0	0	0	0	0
2020-04-20	0	0	0	0	0	0	0	0
2020-04-21	0	0	0	0	0	0	0	0
2020-04-22	0	0	0	0	0	0	0	0
2020-04-23	0	0	0	0	0	0	0	0
2020-04-24	0	0	0	0	0	0	0	0
2020-04-25	0	0	0	0	0	0	0	0
2020-04-26	0	0	0	0	0	0	0	0
2020-04-27	0	0	0	0	0	0	0	0
2020-04-28	0	0	0	0	0	0	0	0
2020-04-29	0	0	0	0	0	0	0	0
2020-04-30	0	0	0	0	0	0	0	0
2020-05-01	0	0	0	0	0	0	0	0
2020-05-02	0	0	0	0	0	0	0	0
2020-05-03	0	0	0	0	0	0	0	0
2020-05-04	0	0	0	0	0	0	0	0
2020-05-05	0	0	0	0	0	0	0	0
2020-05-06	0	0	0	0	0	0	0	0
2020-05-07	0	0	0	0	0	0	0	0
2020-05-08	0	0	0	0	0	0	0	0
2020-05-09	0	0	0	0	0	0	0	0
2020-05-10	0	0	0	0	0	0	0	0
2020-05-11	0	0	0	0	0	0	0	0
2020-05-12	0	0	0	0	0	0	0	0
2020-05-13	0	0	0	0	0	0	0	0
2020-05-14	0	0	0	0	0	0	0	0
2020-05-15	0	0	0	0	0	0	0	0
2020-05-16	0	0	0	0	0	0	0	0
2020-05-17	0	0	0	0	0	0	0	0
2020-05-18	0	0	0	0	0	0	0	0
2020-05-19	0	0	0	0	0	0	0	0
2020-05-20	0	0	0	0	0	0	0	0
2020-05-21	0	0	0	0	0	0	0	0
2020-05-22	0	0	0	0	0	0	0	0
2020-05-23	0	0	0	0	0	0	0	0
2020-05-24	0	0	0	0	0	0	0	0
2020-05-25	0	0	0	0	0	0	0	0
2020-05-26	0	0	0	0	0	0	0	0
2020-05-27	0	0	0	0	0	0	0	0
2020-05-28	0	0	0	0	0	0	0	0
2020-05-29	0	0	0	0	0	0	0	0
2020-05-30	0	0	0	0	0	0	0	0
2020-05-31	0	0	0	0	0	0	0	0
2020-06-01	0	0	0	0	0	0	0	0
2020-06-02	0	0	0	0	0	0	0	0
2020-06-03	0	0	0	0	0	0	0	0
2020-06-04	0	0	0	0	0	0	0	0
2020-06-05	0	0	0	0	0	0	0	0
2020-06-06	0	0	0	0	0	0	0	0
2020-06-07	0	0	0	0	0	0	0	0
2020-06-08	0	0	0	0	0	0	0	0
2020-06-09	0	0	0	0	0	0	0	0
2020-06-10	0	0	0	0	0	0	0	0
2020-06-11	0	0	0	0	0	0	0	0
2020-06-12	0	0	0	0	0	0	0	0
2020-06-13	0	0	0	0	0	0	0	0
2020-06-14	0	0	0	0	0	0	0	0
2020-06-15	0	0	0	0	0	0	0	0
2020-06-16	0	0	0	0	0	0	0	0
2020-06-17	0	0	0	0	0	0	0	0
2020-06-18	0	0	0	0	0	0	0	0
2020-06-19	0	0	0	0	0	0	0	0
2020-06-20	0	0	0	0	0	0	0	0
2020-06-21	0	0	0	0	0	0	0	0
2020-06-22	0	0	0	0	0	0	0	0
2020-06-23	0	0	0	0	0	0	0	0
2020-06-24	0	0	0	0	0	0	0	0
2020-06-25	0	0	0	0	0	0	0	0
2020-06-26	0	0	0	0	0	0	0	0
2020-06-27	0	0	0	0	0	0	0	0
2020-06-28	0	0	0	0	0	0	0	0
2020-06-29	0	0	0	0	0	0	0	0
2020-06-30	0	0	0	0	0	0	0	0
2020-07-01	0	0	0	0	0	0	0	0
2020-07-02	0	0	0	0	0	0	0	0
2020-07-03	0	0	0	0	0	0	0	0
2020-07-04	0	0	0	0	0	0	0	0
2020-07-05	0	0	0	0	0	0	0	0
2020-07-06	0	0	0	0	0	0	0	0
2020-07-07	0	0	0	0	0	0	0	0
2020-07-08	0	0	0	0	0	0	0	0
2020-07-09	0	0	0	0	0	0	0	0
2020-07-10	0	0	0	0	0	0	0	0
2020-07-11	0	0	0	0	0	0	0	0
2020-07-12	0	0	0	0	0	0	0	0
2020-07-13	0	0	0	0	0	0	0	0
2020-07-14	0	0	0	0	0	0	0	0
2020-07-15	0	0	0	0	0	0	0	0
2020-07-16	0	0	0	0	0	0	0	0
2020-07-17	0	0	0	0	0	0	0	0
2020-07-18	0	0	0	0	0	0	0	0
2020-07-19	0	0	0	0	0	0	0	0
2020-07-20	0	0	0	0	0	0	0	0
2020-07-21	0	0	0	0	0	0	0	0
2020-07-22	0	0	0	0	0	0	0	0
2020-07-23	0	0	0	0	0	0	0	0
2020-07-24	0	0	0	0	0	0	0	0
2020-07-25	0	0	0	0	0	0	0	0
2020-07-26	0	0	0	0	0	0	0	0
2020-07-27	0	0	0	0	0	0	0	0
2020-07-28	0	0	0	0	0	0	0	0
2020-07-29	0	0	0	0	0	0	0	0
2020-07-30	0	0	0	0	0	0	0	0
2020-07-31	0	0	0	0	0	0	0	0
2020-08-01	0	0	0	0	0	0	0	0
2020-08-02	0	0	0	0	0	0	0	0
2020-08-03	0	0	0	0	0	0	0	0
2020-08-04	0	0	0	0	0	0	0	0
2020-08-05	0	0	0	0	0	0	0	0
2020-08-06	0	0	0	0	0	0	0	0
2020-08-07	0	0	0	0	0	0	0	0
2020-08-08	0	0	0	0	0	0	0	0
2020-08-09	0	0	0	0	0	0	0	0
2020-08-10	0	0	0	0	0	0	0	0
2020-08-11	0	0	0	0	0	0	0	0
2020-08-12	0	0	0	0	0	0	0	0
2020-08-13	0	0	0	0	0	0	0	0
2020-08-14	0	0	0	0	0	0	0	0
2020-08-15	0	0	0	0	0	0	0	0
2020-08-16	0	0	0	0	0	0	0	0
2020-08-17	0	0	0	0	0	0	0	0
2020-08-18	0	0	0	0	0	0	0	0
2020-08-19	0	0	0	0	0	0	0	0
2020-08-20	0	0	0	0	0	0	0	0
2020-08-21	0	0	0	0	0	0	0	0
2020-08-22	0	0	0	0	0	0	0	0
2020-08-23	0	0	0	0	0	0	0	0
2020-08-24	0	0	0	0	0	0	0	0
2020-08-25	0	0	0	0	0	0	0	0
2020-08-26	0	0	0	0	0	0	0	0
2020-08-27	0	0	0	0	0	0	0	0
2020-08-28	0	0	0	0	0	0	0	0
2020-08-29	0	0	0	0	0	0	0	0
2020-08-30	0	0	0	0	0	0	0	0
2020-08-31	0	0	0	0	0	0	0	0
2020-09-01	0	0	0	0	0	0	0	0
2020-09-02	0	0	0	0	0	0	0	0
2020-09-03	0	0	0	0	0	0	0	0
2020-09-04	0	0	0	0	0	0	0	0
2020-09-05	0	0	0	0	0	0	0	0
2020-09-06	0	0	0	0	0	0	0	0
2020-09-07	0	0	0	0	0	0	0	0
2020-09-08	0	0	0	0	0	0	0	0
2020-09-09	0	0	0	0	0	0	0	0
2020-09-10	0	0	0	0	0	0	0	0
2020-09-11	0	0	0	0	0	0	0	0
2020-09-12	0	0	0	0	0	0	0	0
2020-09-13	0	0	0	0	0	0	0	0
2020-09-14	0	0	0	0	0	0	0	0
2020-09-15	0	0	0	0	0	0	0	0
2020-09-16	0	0	0	0	0	0	0	0
2020-09-17	0	0	0	0	0	0	0	0
2020-09-18	0	0	0	0	0	0	0	0
2020-09-19	0	0	0	0	0	0	0	0
2020-09-20	0	0	0	0	0	0	0	0
2020-09-21	0	0	0	0	0	0	0	0
2020-09-22	0	0	0	0	0	0	0	0
2020-09-23	0	0	0	0	0	0	0	0
2020-09-24	0	0	0	0	0	0	0	0
2020-09-25	0	0	0	0	0	0	0	0
2020-09-26	0	0	0	0	0	0	0	0
2020-09-27	0	0	0	0	0	0	0	0
2020-09-28	0	0	0	0	0	0	0	0
2020-09-29	0	0	0	0	0	0	0	0
2020-09-30	0	0	0	0	0	0	0	0
2020-10-01	0	0	0	0	0	0	0	0
2020-10-02	0	0	0	0	0	0	0	0
2020-10-03	0	0	0	0	0	0	0	0
2020-10-04	0	0	0	0	0	0	0	0
2020-10-05	0	0	0	0	0	0	0	0
2020-10-06	0	0	0	0	0	0	0	0
2020-10-07	0	0	0	0	0	0	0	0
2020-10-08	0	0	0	0	0	0	0	0
2020-10-09	0	0	0	0	0	0	0	0
2020-10-10	0	0	0	0	0	0	0	0
2020-10-11	0	0	0	0	0	0	0	0
2020-10-12	0	0	0	0	0	0	0	0
2020-10-13	0	0	0	0	0	0	0	0
2020-10-14	0	0	0	0	0	0	0	0
2020-10-15	0	0	0	0	0	0	0	0
2020-10-16	0	0	0	0	0	0	0	0
2020-10-17	0	0	0	0	0	0	0	0
2020-10-18	0	0	0	0	0	0	0	0
2020-10-19	0	0	0	0	0	0	0	0
2020-10-20	0	0	0	0	0	0	0	0
2020-10-21	0	0	0	0	0	0	0	0
2020-10-22	0	0	0	0	0	0	0	0
2020-10-23	0	0	0	0	0	0	0	0
2020-10-24	0	0	0	0	0	0	0	0
2020-10-25	0	0	0	0	0	0	0	0
2020-10-26	0	0	0	0	0	0	0	0
2020-10-27	0	0	0	0	0	0	0	0
2020-10-28	0	0	0	0	0	0	0	0
2020-10-29	0	0	0	0	0	0	0	0
2020-10-30	0	0	0	0	0	0	0	0
2020-10-31	0	0	0	0	0	0	0	0
2020-11-01	0	0	0	0	0	0	0	0
2020-11-02	0	0	0	0	0	0	0	0
2020-11-03	0	0	0	0	0	0	0	0
2020-11-04	0	0	0	0	0	0	0	0
2020-11-05	0	0	0	0	0	0	0	0
2020-11-06	0	0	0	0	0	0	0	0
2020-11-07	0	0	0	0	0	0	0	0
2020-11-08	0	0	0	0	0	0	0	0
2020-11-09	0	0	0	0	0	0	0	0
2020-11-10	0	0	0	0	0	0	0	0
2020-11-11	0	0	0	0	0	0	0	0
2020-11-12	0	0	0	0	0	0	0	0
2020-11-13	0	0	0	0	0	0	0	0
2020-11-14	0	0	0	0	0	0	0	0
2020-11-15	0	0	0	0	0	0	0	0
2020-11-16	0	0	0	0	0	0	0	0
2020-11-17	0	0	0	0	0	0	0	0
2020-11-18	0	0	0	0	0	0	0	0
2020-11-19	0	0	0	0	0	0	0	0
2020-11-20	0	0	0	0	0	0	0	0
2020-11-21	0	0	0	0	0	0	0	0
2020-11-22	0	0	0	0	0	0	0	0
2020-11-23	0	0	0	0	0	0	0	0
2020-11-24	0	0	0	0	0	0	0	0
2020-11-25	0	0	0	0	0	0	0	0
2020-11-26	0	0	0	0	0	0	0	0
2020-11-27	0	0	0	0	0	0	0	0
2020-11-28	0	0	0	0	0	0	0	0
2020-11-29	0	0	0	0	0	0	0	0
2020-11-30	0	0	0	0	0	0	0	0
2020-12-01	0	0	0	0	0	0	0	0
2020-12-02	0	0	0	0	0	0	0	0
2020-12-03	0	0	0	0	0	0	0	0
2020-12-04	0	0	0	0	0	0	0	0
2020-12-05	0	0	0	0	0	0	0	0
2020-12-06	0	0	0	0	0	0	0	0
2020-12-07	0	0	0	0	0	0	0	0
2020-12-08	0	0	0	0	0	0	0	0
2020-12-09	0	0	0	0	0	0	0	0
2020-12-10	0	0	0	0	0	0	0	0
2020-12-11	0	0	0	0	0	0	0	0
2020-12-12	0	0	0	0	0	0	0	0
2020-12-13	0	0	0	0	0	0	0	0
2020-12-14	0	0	0	0	0	0	0	0
2020-12-15	0	0	0	0	0	0	0	0
2020-12-16	0	0	0	0	0	0	0	0
2020-12-17	0	0	0	0	0	0	0	0
2020-12-18	0	0	0	0	0	0	0	0
2020-12-19	0	0	0	0	0	0	0	0
2020-12-20	0	0	0	0	0	0	0	0
2020-12-21	0	0	0	0	0	0	0	0
2020-12-22	0	0	0	0	0	0	0	0
2020-12-23	0	0	0	0	0	0	0	0
2020-12-24	0	0	0	0	0	0	0	0
2020-12-25	0	0	0	0	0	0	0	0
2020-12-26	0	0	0	0	0	0	0	0
2020-12-27	0	0	0	0	0	0	0	0
2020-12-28	0	0	0	0	0	0	0	0
2020-12-29	0	0	0	0	0	0	0	0
2020-12-30	0	0	0	0	0	0	0	0
2020-12-31	0	0	0	0	0	0	0	0
2021-01-01	0	0	0	0	0	0	0	0
2021-01-02	0	0	0	0	0	0	0	0
2021-01-03	0	0	0	0	0	0	0	0
2021-01-04	0	0	0	0	0	0	0	0
2021-01-05	0	0	0	0	0	0	0	0
2021-01-06	0	0	0	0	0	0	0	0
2021-01-07	0	0	0	0	0	0	0	0
2021-01-08	0	0	0	0	0	0	0	0
2021-01-09	0	0	0	0	0	0	0	0
2021-01-10	0	0	0	0	0	0	0	0
2021-01-11	0	0	0	0	0	0	0	0
2021-01-12	0	0	0	0	0	0	0	0
2021-01-13	0	0	0	0	0	0	0	0
2021-01-14	0	0	0	0	0	0	0	0
2021-01-15	0	0	0	0	0	0	0	0
2021-01-16	0	0	0	0	0	0	0	0
2021-01-17	0	0	0	0	0	0	0	0
2021-01-18	0	0	0	0	0	0	0	0
2021-01-19	0	0	0	0.0011151380850209502	0.0018286858069265222	0.0014072474979558436	0.0019996672222133416	0.0021708309823316174
2021-01-20	0	0	0	0.0062208548830926524	0.0055088092386945675	0.005799011410911437	0.004296460386525425	0.007443291149694664
2021-01-21	0	0	0	0.0034752415481766885	0.0036991007141837784	0.005409715556466521	0.0014953273118540888	0.009621069309989183
2021-01-22	0	0	0	0.0015054574959780798	0.0014012019720077706	0.001914268572900335	0.0024504808058818384	0.003609230859005663
2021-01-23	0	0	0	0.0035568230175728743	0.003931356337793623	0.004561009357626489	0.004656583733714914	0.008907117422187305
2021-01-24	0	0	0	0.012639408155652454	0.00465614124920366	0.006269607903484076	0.006804026524424911	0.00822562686555739
2021-01-25	0	0	0	0.003209759731750861	0.007784596185545167	0.007824020531340459	0.004885847756955997	0.010399117121287826
2021-01-26	0	0	0	0.02107787173179476	0.014144914348506621	0.019972807754719657	0.01778135629666555	0.09944171252041101
2021-01-27	0	0	0	0.02064038730046902	0.01626758939186046	0.023468741431985185	0.02443401912841381	0.15866348937674224
2021-01-28	0	0	0	0.03656941672877312	0.024105594975076805	0.03681960757069391	0.036982283082120704	0.1526603306885821
2021-01-29	0	0	0	0.028173066752284814	0.01945139455254541	0.02956624644298711	0.042402385570613044	0.07386004439110372
2021-01-30	0	0	0	0.018357723462352427	0.011394106476779076	0.01701226251110044	0.020702110014823694	0.0785256515120667
2021-01-31	0	0	0	0.012921985589858354	0.010735698447239983	0.0198249424306689	0.02959337532940065	0.037098682907299896
2021-02-01	0	0	0	0.004467061043321063	0.004202273868279205	0.0049850862000691	0.0058070599010391355	0.008401601040156637
2021-02-02	0	0	0	0.0013185365678862748	0.0025767132480438715	0.002442681197936336	0.002308898271184745	0.003699317423732973
2021-02-03	0	0	0	9.781386607441434e-4	0.0019466921434247997	0.0018187639537645683	0.0011992206144926243	0.0025737302874211387
2021-02-04	0	0	0	6.928806721016034e-4	9.863866603143645e-4	0.001189102685367427	0.0015341347182118437	4.739323500564385e-4
2021-02-05	0	0	0	0	7.184714751697907e-4	7.479764827098556e-4	3.188351908030018e-4	2.065504669324092e-4
2021-02-06	0	0	0	5.110514967805457e-4	7.407741343545826e-4	7.845906700258976e-4	4.335103551520447e-4	1.974836036457983e-4
2021-02-07	0	0	0	4.490345813217278e-4	5.464928921323775e-4	4.352389127038059e-4	4.278227436731452e-4	1.8777608046716132e-4
2021-02-08	0	0	0	1.0271422341978642e-4	2.1901468727603124e-4	3.375242619596541e-4	3.1706273285370123e-4	8.919661726269901e-5
2021-02-09	0	0	0	1.8640197626584865e-4	3.1447529990935585e-4	4.0000121612537853e-4	2.2447948889370295e-4	8.527102867383896e-5
2021-02-10	0	0	0	8.453978657474437e-5	4.373018528276429e-4	5.257138473804268e-4	2.7777134922502e-4	5.893773795984103e-5
2021-02-11	0	0	0	7.641900543453595e-5	3.7823526571534316e-4	7.122452207375396e-4	4.958824126517491e-4	9.900450971600527e-5
2021-02-12	0	0	0	1.3948460455637246e-4	3.146801453159931e-4	3.3401966654422743e-4	1.593181187056203e-4	3.883354618605672e-5
2021-02-13	0	0	0	0	4.457504204946616e-4	4.5009565102427374e-4	3.8058629321824355e-5	4.051500808777142e-5
2021-02-14	0	0	0	1.7561061307325154e-4	2.1904125707750133e-4	2.8522707275913106e-4	8.391784446737383e-5	1.6818052497757918e-5
2021-02-15	0	0	0	5.5676962275708064e-5	1.467759100772792e-4	2.0130460922396232e-4	1.2632044338545256e-5	2.696787990785765e-5
2021-02-16	0	0	0	1.066467593473508e-4	7.0592803085745e-5	1.713384328283496e-4	2.3671300324545896e-5	1.3109054883164717e-5
2021-02-17	0	0	0	5.1083611108948546e-5	0.00018444229300995651	2.148604666523113e-4	2.22342039883916e-5	2.7971227779310937e-5
2021-02-18	0	0	0	9.79024402769646e-5	3.2771459088287713e-4	3.383422977971673e-4	6.268118782393195e-5	1.1195178618517154e-4
2021-02-19	0	0	0	1.4046752291130282e-4	4.2370494384691426e-4	4.892675275611769e-4	1.6583365991151844e-4	4.79584104733366e-5
2021-02-20	0	0	0	5.39738236788434e-4	7.65071057884148e-4	6.623529797493699e-4	1.238553061575498e-4	3.182812811020064e-5
2021-02-21	0	0	0	3.9061228848158436e-4	5.721834806562409e-4	6.403499132627832e-4	1.7757287510677955e-4	4.358855888031421e-5
2021-02-22	0	0	0	1.2599615724218083e-4	4.6805427607021777e-4	7.106162470922328e-4	1.0220108069280975e-4	2.1293381272435852e-5
2021-02-23	0	0	0	2.4405621518996945e-4	7.611920542842654e-4	7.813224322401613e-4	8.788987403041126e-5	3.346202269782772e-5
2021-02-24	0	0	0	2.3629024400650955e-4	7.880543751335178e-4	7.405053926654581e-4	1.19724036204083e-4	2.4763559597573703e-5
2021-02-25	0	0	0	3.438296922342321e-4	7.43068823961357e-4	9.507811948012979e-4	9.397707635794283e-5	4.687809708192603e-5
2021-02-26	0	0	0	7.031763431970539e-4	9.790516668342075e-4	0.0011429980245294402	1.8091997845881558e-4	2.41540545609098e-5
2021-02-27	0	0	0	2.1611108172647775e-4	3.7263164252676617e-4	3.275302651368772e-4	5.460656426525823e-5	1.3942188714644033e-5
2021-02-28	0	0	0	1.0434691879335212e-4	1.5242159836192926e-4	1.2914414344766811e-4	6.342410908910523e-6	7.88292283004921e-6
2021-03-01	0	0	0	3.765156929163016e-4	5.934951022368296e-4	4.5275288901880373e-4	3.29548271729152e-5	9.816957911246149e-6
2021-03-02	0	0	0	4.3504815326400603e-4	7.365520908397816e-4	5.937827584585609e-4	4.5816784412400224e-5	1.3689541728201249e-5
2021-03-03	0	0	0	5.552879029768754e-4	0.0011540606186986047	9.72268127473086e-4	9.169400636155345e-5	3.697632882770918e-5
2021-03-04	0	0	0	6.381417475227469e-4	0.0010355379943893794	9.598875167597942e-4	8.408741272480924e-5	3.680271565609239e-5
2021-03-05	0	0	0	4.97249595900362e-4	8.557226843615151e-4	0.0010428456408551057	1.231349204697807e-4	3.660454330112195e-5
2021-03-06	0	0	0	6.938317063625021e-4	7.095582611591489e-4	6.366579811702966e-4	7.22535838286742e-5	4.0242470470186475e-05
2021-03-07	0	0	0	2.921456653866006e-4	3.87041266688648e-4	1.7872726164425146e-4	2.2546654922628306e-5	1.1440851275690278e-5
2021-03-08	0	0	0	3.4466912020647555e-4	7.632669275532411e-4	6.198745171752673e-4	2.793209707330213e-5	5.1373455058900674e-5
2021-03-09	0	0	0	4.242771426004044e-4	6.77955317887502e-4	5.530374453952547e-4	4.1022535538726146e-5	8.92436270762964e-5
2021-03-10	0	0	0	4.963121328227516e-4	7.859979579216692e-4	9.130182777337126e-4	1.102553648151261e-4	1.2317727258359668e-4
2021-03-11	0	0	0	5.85768500881878e-4	7.713232172050777e-4	7.209417418398978e-4	9.224862485268659e-5	1.3239985147883715e-4
2021-03-12	0	0	0	4.882655723472684e-4	8.473140526019662e-4	7.518450821255573e-4	8.818790507181262e-5	1.9075292204617789e-4
2021-03-13	0	0	0	7.014906892472972e-4	8.929551193215257e-4	4.5583153841621815e-4	5.2876713545257914e-5	2.451796280029672e-4
2021-03-14	0	0	0	4.8661801206884014e-4	5.876835225142596e-4	3.125002105748287e-4	2.425655815119221e-5	1.413144601785099e-4
2021-03-15	0	0	0	6.024713510957014e-4	0.0010379845920254205	7.554157589408916e-4	6.188193272516074e-5	5.388088466196095e-4
2021-03-16	0	0	0	0.0010455032198346537	0.00117966243040879	0.0010374613017742895	1.2076057059329237e-4	0.0016655145352366674
2021-03-17	0	0	0	0.0010874532996616448	0.0016046614169511475	0.0011036386424110312	1.245356210948234e-4	0.001954554724405755
2021-03-18	0	0	0	0.0015379216931370454	0.00213121809792427	0.0013958046414654923	1.5783477299069482e-4	0.0022427378633393946
2021-03-19	0	0	0	0.0016268170596602793	0.002279344245366355	0.0015803620801799756	1.786815680824283e-4	0.0018045025626338695
2021-03-20	0	0	0	9.069360458100473e-4	0.0010540140388888286	8.212934905078573e-4	1.4239666550941443e-4	0.0020831047114850954
2021-03-21	0	0	0	3.770346260427715e-4	3.572950330619218e-4	2.9500987084940533e-4	4.654180357333004e-5	0.0015145279128807587
2021-03-22	0	0	0	4.1148433610938007e-4	6.594538243003267e-4	4.090327796935078e-4	4.630488976276048e-5	0.0017626862137458676
2021-03-23	0	0	0	9.933146644556246e-4	0.0018772567313602995	0.0011921411453788	1.6414754660920572e-4	0.003058878530066478
2021-03-24	0	0	0	0.0020048584288772098	0.0025900195994825737	0.0019168240527194236	4.165954497954427e-4	0.0050670937684411665
2021-03-25	0	0	0	0.002026659610897097	0.002683378230644351	0.0021410488219544277	2.8863209945395596e-4	0.005761830987413674
2021-03-26	0	0	0	0.0016568028395202994	0.002299024050665288	0.0014478071296728512	2.512617418481966e-4	0.002824730066849357
2021-03-27	0	0	0	0.0016404260734907972	0.002139972225446707	0.001216418560474164	1.8095012225605167e-4	0.0020469290144120578
2021-03-28	0	0	0	8.994828428856572e-4	0.0015033188675666054	6.923950743473739e-4	1.1601155422136245e-4	8.562900425448383e-4
2021-03-29	0	0	0	0.0017876791251025814	0.002792416407672249	0.0014587033101478575	2.052026714642885e-4	0.0013596809980809255
2021-03-30	0	0	0	0.0027018489211607655	0.0034670116856170274	0.001866464971984394	3.2071602796790444e-4	0.0069114577468814
2021-03-31	0	0	0	0.002615157136385271	0.003957657673228754	0.0022828618714008098	4.485557771827242e-4	0.006689855991047322
2021-04-01	0	0	0	0.0027187378834165887	0.004079522531073687	0.002296034248496337	4.074656809045507e-4	0.0027365284997169503
2021-04-02	0	0	0	0.0034574793790034253	0.004466204950330344	0.0024029419321880408	3.854717753808412e-4	0.0016834624360757555
2021-04-03	0	0	0	0.002334532685294599	0.0031321931246317547	0.001549994874529892	2.819280622379239e-4	6.896092549950605e-4
2021-04-04	0	0	0	0.0017734149635779684	0.002422813839427773	0.0010093299035160985	1.9111152760764583e-4	2.841216662492485e-4
2021-04-05	0	0	0	0.0032234852477392995	0.0044524046954086405	0.0022156078997050965	3.755364423714269e-4	7.447753290756864e-4
2021-04-06	0	0	0	0.003565174792793613	0.00545878537928024	0.0026309038959788644	6.121399898293411e-4	0.0015375475646997039
2021-04-07	0	0	0	0.005226939786484586	0.007382982257472248	0.0036301391111537296	9.18417690720208e-4	0.005105543353261632
2021-04-08	0	0	0	0.005635613178718746	0.007118515386327129	0.003542830034106048	9.322226660253286e-4	0.006550335134945406
2021-04-09	0	0	0	0.005649479440970939	0.0067766690596022805	0.0031162124589767526	0.001006114920193646	0.008172592484891217
2021-04-10	0	0	0	0.004886271548931065	0.004753535939418185	0.0022371304865271835	9.487420609504138e-4	0.0067888715687542955
2021-04-11	0	0	0	0.0042590202164976	0.005201893147776637	0.0021903008163337567	7.193012337400884e-4	0.0032089023839099173
2021-04-12	0	0	0	0.005378751265437964	0.007249335996309947	0.0027413509487013155	7.441561376453354e-4	0.00399961394487236
2021-04-13	0	0	0	0.007271359701737978	0.009687088126920873	0.0037348338397904524	0.0018801148781697474	0.012043998060739192
2021-04-14	0	0	0	0.007668210022780064	0.009873556142142803	0.004350414144903558	0.0022046290728348072	0.017020709780600107
2021-04-15	0	0	0	0.008274401681253263	0.009854696546939046	0.0043750072418409225	0.0031411324351522385	0.016830699497225377
2021-04-16	0	0	0	0.01013629566284413	0.010665787644609903	0.004506731728526114	0.0034394369596506547	0.015476820851153983
2021-04-17	0	0	0	0.009671318604271617	0.009520337552069602	0.004365648893065455	0.00687390530907428	0.022307940094963508
2021-04-18	0	0	0	0.005432149347354365	0.005685967220870891	0.002483821515727458	0.0017847778346713472	0.009595565244273407
2021-04-19	0	0	0	0.007761794180768611	0.008689064314770345	0.0032323883894154193	0.0022287139480636764	0.009769449145047737
2021-04-20	0	0	0.038838648618159555	0.00889640154088811	0.009682910537857525	0.0045160442368306075	0.0037571162747747078	0.033976358619051794
2021-04-21	0	0	0	0.008988919621581104	0.009988643336546588	0.004491395190257874	0.007217903721259855	0.04776074122165053
2021-04-22	0	0	0	0.011469767983324441	0.012668749184543415	0.006162606723544961	0.009744766823155171	0.0675684035525903
2021-04-23	0	0	0	0.010389680666606615	0.00982954345606668	0.004866533071141488	0.006263917381674089	0.05542127564191368
2021-04-24	0	0	0	0.00906703422971833	0.008976995880928484	0.00420498131877145	0.005359095002272163	0.04278547274711375
2021-04-25	0	0	0	0.004978122228767257	0.004904835433099164	0.0019287405836105886	7.832768271684998e-4	0.0028048121777108914
2021-04-26	0	0	0	0.006073067129276799	0.005808281643794766	0.0021343792156380825	9.705059292737239e-4	0.0037259094036155016
2021-04-27	0	0	0	0.00885328027817156	0.009351332867792994	0.003954648019633744	0.004663102523494889	0.024068265325015492
2021-04-28	0	0	0	0.01215607309102773	0.011818798061995928	0.0056180260215838995	0.01586248403914925	0.10415012308734317
2021-04-29	0	0	0	0.01387500851813539	0.013600432896434533	0.0066555846434468435	0.021665349232458775	0.12177904353944657
2021-04-30	0	0	0	0.015100424207213692	0.014044006414119625	0.007239819132428771	0.026540597749394657	0.13402644770522443
2021-05-01	0	0	0	0.015083858661826488	0.013502561101566446	0.007295807043255387	0.030922494459459715	0.14241123150489998
2021-05-02	0	0	0	0.009714303081942433	0.00790752299219788	0.004023006576507671	0.013749429193239848	0.0556773227613816
2021-05-03	0	0	0	0.009711593999481849	0.008217838071062022	0.003825415355252826	0.008095266982046656	0.047047230810762564
2021-05-04	0	0	0	0.011077767934573046	0.009505134101944757	0.0045090960906390976	0.014983275522242545	0.06124913751711847
2021-05-05	0	0	0	0.009684781281851906	0.009680978050367717	0.005205205722193407	0.02152155523543442	0.06413170776714572
2021-05-06	0	0	0	0.011088215026278325	0.010993436138893031	0.006503804621219578	0.03274663682856738	0.10076110166024632
2021-05-07	0	0	0	0.011169047696580225	0.010924156405373475	0.006001251636498672	0.04236290497111783	0.15150037931264615
2021-05-08	0	0	0	0.010900719718269558	0.010663226404743709	0.007496910890905317	0.05666214966595362	0.15521098480887385
2021-05-09	0	0	0	0.005477402616508753	0.005120066102775711	0.0030249264443631407	0.021753091974328953	0.07621552417603561
2021-05-10	0	0	0	0.006218426665154597	0.006087727561825185	0.0031871099489659827	0.018985779665213087	0.07478080616165661
2021-05-11	0	0	0	0.007036367242098995	0.006327259698860388	0.0038306597797899133	0.029836719095562625	0.08178522263516452
2021-05-12	0	0	0	0.007661950927819516	0.007945472715447321	0.005477132195463419	0.04060592618597658	0.09751770759549783
2021-05-13	0	0	0	0.00933976605429021	0.009298581838001807	0.006618153938199756	0.04460218132493243	0.09385087614042953
2021-05-14	0	0	0.03149803149704722	0.008746809227669905	0.010086555684349907	0.006980940438455541	0.0507179059092564	0.09943138725100509
2021-05-15	0	0	0	0.01457305149868171	0.012407492368214257	0.009525075152815976	0.10361320945668417	0.13210026076589676
2021-05-16	0	0	0	0.006951396300106438	0.00599054508835084	0.005242568247549428	0.0424665617416633	0.07335691128753918
2021-05-17	0	0	0	0.008415302616421316	0.008170385852605433	0.005417902674310193	0.05060411402539966	0.08322742499583713
2021-05-18	0	0	0	0.009723202351000326	0.008698214202930155	0.006902128276085273	0.06377635770722723	0.07553767360069652
2021-05-19	0	0	0	0.01287048590235429	0.011863081076832316	0.01038030824784908	0.09410594948987905	0.09966536887224486
2021-05-20	0	0	0.03252249264814111	0.012465580232106754	0.011385914379035356	0.011116939936402614	0.0940889628629118	0.09732393959259822
2021-05-21	0	0	0	0.011644952748829818	0.009965591830370046	0.009528615379657213	0.08160574959105293	0.10308637656904662
2021-05-22	0	0	0	0.012598596819578978	0.011595282357308001	0.009444551611202723	0.09779967239519616	0.08386793702077089
2021-05-23	0	0	0	0.005691261241382195	0.00478463377506988	0.0029939851029627818	0.03725386109826867	0.03328623174052714
2021-05-24	0	0	0	0.003707415406663639	0.0028785468532246394	0.0015605787727728249	0.024689207591692908	0.019230351804374823
2021-05-25	0	0	0	0.007717185994856823	0.007504459254181306	0.005809139888239168	0.05596435785015075	0.052988086145062896
2021-05-26	0	0	0	0.015679888149225052	0.014619950744955812	0.015497300090030475	0.08427043814038826	0.07043373908671824
2021-05-27	0	0	0	0.020425975982771627	0.017131713923513203	0.019350140226820134	0.09453233752008572	0.08842753034711981
2021-05-28	0	0	0.15773525411264688	0.0240011814101182	0.01862806030205233	0.01952000633021389	0.10508757412031411	0.08383416928549159
2021-05-29	0	0	0	0.02161467411291884	0.017032020503391365	0.016323195413693314	0.11334478959873406	0.07188828003646885
2021-05-30	0	0	0	0.006585325522998398	0.005056702531346602	0.004141168153678487	0.04921619546451028	0.02177194423760742
2021-05-31	0	0	0	0.009852878364465356	0.007464883399580957	0.007719092568461816	0.07241351237838622	0.05084218403180585
2021-06-01	0	0	0	0.021164093940131412	0.013891486528416985	0.016405114560064327	0.08488964944703459	0.0694651596907927
2021-06-02	0	0	0.07275177668113697	0.029627789667716176	0.018092212993325862	0.024205736144317314	0.09942463073576224	0.07010451489750369
2021-06-03	0	0	0.038838648618159555	0.03512256628439192	0.019573383329239302	0.024545926054931444	0.12189166630124593	0.08532623108847481
2021-06-04	0	0	0	0.026021699514200858	0.01587222284626555	0.017783248598574053	0.10376899719203214	0.06240041611250291
2021-06-05	0	0	0	0.028711855560343835	0.017856301797902985	0.02311733959535056	0.10830167631955478	0.0583242717225505
2021-06-06	0	0	0.037386474149367244	0.009900404877350555	0.006584085630549019	0.009606972529894175	0.055764035308444315	0.014198359147331141
2021-06-07	0	0	0.038838648618159555	0.010164300722441899	0.0075180757067536685	0.01541169554974231	0.08622512582751396	0.03156924400662242
2021-06-08	0	0	0.040408205773457606	0.016678758660335635	0.011872748904081964	0.021925341180249136	0.09425052599160866	0.04686682630508199
2021-06-09	0	0	0	0.022857492560587778	0.01475514585385862	0.027843379308475358	0.09739786134846184	0.05653185898258539
2021-06-10	0	0	0	0.02537262719889677	0.016525511339153365	0.03199793977466481	0.09199199474715347	0.05171978509358266
2021-06-11	0	0	0	0.020717287821408803	0.013441008668797716	0.03232561366515818	0.08231785456076013	0.04345615754937304
2021-06-12	0	0	0	0.03762650827654945	0.02318961311937251	0.05736919297296117	0.09301795014754988	0.046135702512702936
2021-06-13	0	0	0	0.014810188463315166	0.00998618565932996	0.0275149512193118	0.039541231261579046	0.01385036579619614
2021-06-14	0	0	0	0.012191215892090046	0.007617330722688775	0.03042722459308167	0.0484594192541441	0.027831308314184344
2021-06-15	0	0	0	0.018164460934356308	0.010567068798098322	0.03267040667845844	0.04951685839992348	0.03470578201527896
2021-06-16	0	0	0	0.021767305551652072	0.012480721411493256	0.04291487972802832	0.05951716284924613	0.048547373661611104
2021-06-17	0	0	0.038838648618159555	0.023790883175172084	0.0127952062634904	0.042439301004107755	0.0596342957782765	0.04324327101413106
2021-06-18	0	0	0	0.023876088419265473	0.012984884162521748	0.04787573277532653	0.06781118859496016	0.04182751435722132
2021-06-19	0	0	0	0.024430265453978972	0.012494372506741014	0.05560298551874299	0.06434096643207621	0.03859778884747245
2021-06-20	0	0	0	0.007470099121700713	0.0034693586181084868	0.02356541033390136	0.022760589977292023	0.008716906017862902
2021-06-21	0	0	0	0.009449430526306646	0.004174594719988045	0.028019668169910528	0.03252249264814111	0.007996099524875122
2021-06-22	0	0	0	0.016262104103715203	0.008500047573909653	0.04912294919321836	0.04184082113786136	0.02320033427434165
2021-06-23	0	0	0	0.017338256251573814	0.007553261927220278	0.047203483042286276	0.043477208382294075	0.029655343723812067
2021-06-24	0	0	0.040408205773457606	0.02287347537529194	0.010054988684568444	0.056488592934770265	0.05279876274234607	0.03340992265734366
2021-06-25	0	0	0	0.021416508727566397	0.009660688170996634	0.05633392172619334	0.041781020992205375	0.03319257639602635
2021-06-26	0	0	0	0.030451347316896582	0.012346151613109368	0.07406539825457181	0.05858993128033818	0.03647542957577343
2021-06-27	0	0	0	0.015929247492021403	0.007242762769010591	0.042927239749007695	0.022571687805434948	0.006976589092102747
2021-06-28	0	0	0	0.01573227120846088	0.006892690702418047	0.049021662265508636	0.0369813448738201	0.021122502266670562
2021-06-29	0	0	0	0.019523825054933885	0.009425244870169713	0.05277319221575394	0.039320076131879045	0.029862923724038426
2021-06-30	0	0	0	0.018239237015788	0.00884902385931352	0.05210849269584128	0.03991911667078196	0.03866967119550013
2021-07-01	0	0	0	0.02392639388393869	0.011465402219453802	0.05475042555420284	0.042686135600917385	0.03378930785921108
2021-07-02	0	0	0.038838648618159555	0.02530023737857645	0.010034392417284543	0.05280323317051905	0.039597065031593326	0.03136844379613968
2021-07-03	0	0	0	0.023117769704484648	0.011420376348534544	0.06611967942666519	0.038981543539940766	0.02617477004816471
2021-07-04	0	0	0	0.012225265195065838	0.006181631701444035	0.03296786352255543	0.014582768351487418	0.013625113808112044
2021-07-05	0	0	0	0.017520791157142	0.008290291070805367	0.04304281004784749	0.024822671595011947	0.01470942014818788
2021-07-06	0	0	0	0.01800020970425531	0.009410545270865045	0.05038242835783291	0.03403469404668491	0.023926507660279706
2021-07-07	0	0	0.040408205773457606	0.021722509097112708	0.009343561305958037	0.04509849983299752	0.03259639995545083	0.023660583013864755
2021-07-08	0	0	0	0.01690729960493842	0.01010460631238419	0.042534312444281186	0.02453685799765659	0.03129242298163426
2021-07-09	0	0	0	0.011495846049404568	0.008807739830020811	0.04205768268100685	0.02215452954019681	0.025029315443636513
2021-07-10	0	0	0	0.013268405128733285	0.011562909578550995	0.05170767745654259	0.02806010444639706	0.024540806700820816
2021-07-11	0	0	0	0.004892553943334432	0.00460148953977102	0.021086262967024316	0.008544856645135601	0.005110653827936185
2021-07-12	0	0	0	0.005806787170270722	0.005450277113166591	0.031072706640226766	0.01491046629901227	0.015228125654252356
2021-07-13	0	0	0	0.005286869944107542	0.006727603387836512	0.03394465348227471	0.01765074496368868	0.02045769264076358
2021-07-14	0	0	0	0.005275662051360985	0.006472703673582103	0.025769380510252793	0.016917555507433457	0.0208095692174477
2021-07-15	0	0	0	0.005234879513116075	0.009861694781124086	0.03823209478104972	0.01995645229580645	0.019215645019168504
2021-07-16	0	0	0.038838648618159555	0.0027406293183740438	0.0069347258512233445	0.03850501481773416	0.015299377759918409	0.014870094744240614
2021-07-17	0	0	0.040408205773457606	0.005053356245927398	0.012718634317791189	0.05175271622159183	0.018234943472378307	0.01703288219184773
2021-07-18	0	0	0	0.001905194215887196	0.006670186354598595	0.030311201434932267	0.005762897139772072	0.005355956948695617
2021-07-19	0	0	0	0.0015207935864702815	0.006545149488615731	0.03394415296515629	0.009884892893156305	0.008958611666782579
2021-07-20	0	0	0	0.0013638376139770703	0.00824691234481123	0.02710515729055496	0.009777251376113627	0.012180106513455025
2021-07-21	0	0	0	0.002633070492262357	0.01052619526388443	0.03169844127353971	0.012308974560957697	0.016858712851933744
2021-07-22	0	0	0	0.0023576743748512374	0.012229931784389247	0.03768696833981333	0.010975197972193484	0.014082243602801414
2021-07-23	2	1	0.21887288687655748	0.01675066381485757	0	0	0.48085696195352723	0.3614200544623356
2021-07-24	0	0	0.17686237275256245	0.0022806536758182006	0	0	0.028624316012044515	0.04268463964836089
2021-07-25	0	0	0.09994291729856197	0.002097022807404425	0	0	0.028426442618591174	0.02985785663764773
2021-07-26	0	0	0	0.001423055851158317	0	0	0.012005758197679572	0.015328761353129217
2021-07-27	0	0	0	3.3175362324788793e-4	0	0	0.015201186082097529	0.02282311318513619
2021-07-28	0	0	0	2.645271855068465e-4	0	0	0.015982820670988218	0.02218183194653789
2021-07-29	0	0	0	5.439978464916173e-4	0	0	0.01939551710921883	0.02789536892682154
2021-07-30	0	0	0	5.771105396095155e-4	0	0	0.01713053342837445	0.028695892045094373
2021-07-31	0	0	0	8.308635046960777e-4	0	0	0.022822821361613066	0.03892081042935147
2021-08-01	0	0	0	8.960533149742211e-4	0	0	0.02177709707461517	0.02675852536712342
2021-08-02	0	0	0	5.748326226580058e-4	0	0	0.008594453393021118	0.00942237433555948
2021-08-03	0	0	0.0400729374171136	2.010686321163302e-4	0	0.008542222793368914	0.012511473813751062	0.01952595285285108
2021-08-04	0	0	0	2.554344595631086e-4	0	0.05231591515073841	0.022122761559709048	0.030649595977169763
2021-08-05	0	0	0	3.0423854391603555e-4	0	0.05581091874014743	0.01694325356763371	0.03451841252011878
2021-08-06	0	0	0	5.455425454730101e-4	0	0.07306259706187856	0.021728198140129606	0.03074817356806503
2021-08-07	0	0	0	7.138468603800074e-4	0	0.08359209386237909	0.02177291075302068	0.02605808076640348
2021-08-08	0	0	0	7.737471993929379e-4	0	0.11797339319192157	0.047260468538235845	0.029397925054351903
2021-08-09	0	0	0	3.7884639510066265e-4	0	0.05547149388055739	0.013745867354316932	0.010224740732263538
2021-08-10	0	0	0	1.665805461104064e-4	0	0.0621431067867555	0.018446651660272817	0.024005234183647417
2021-08-11	0	0	0	2.85563306247294e-4	0	0.04945972310365465	0.01734136780973783	0.026283820921671808
2021-08-12	0	0	0	2.4036563037377334e-4	0	0.05670999018267331	0.02999555311623081	0.0385925399889222
2021-08-13	0	0	0.035304403975915166	4.608498052522947e-4	0	0.0765769911124976	0.03347941294379142	0.04985020498089732
2021-08-14	0	0	1.137113024818337e-4	2.4876334565515634e-4	0.0073463352568281515	0.06920255471408288	0.019607035074731938	0.03397541946219507
2021-08-15	0	0	1.1371743123667066e-4	2.0205121896732514e-4	0.01217191652869598	0.043616871571423355	0.0245604618051678	0.01685605423632719
2021-08-16	0	0	0	7.671772608897065e-5	0.007382020213066776	0.02809570175016396	0.009541388842639886	0.005259706673550024
2021-08-17	0	0	0	3.1811872239551064e-5	0.004787002729197853	0.024030065761663444	0.006325213503762361	0.003964325007795866
2021-08-18	0	0	0	8.79545027545614e-5	0.010223526061929222	0.031111188535772882	0.010527847050592731	0.014632720645936681
2021-08-19	0	0	0	2.0587513997227802e-4	0.010658538610846646	0.02778077241980159	0.022748756542492865	0.032544544750062965
2021-08-20	0	0	0	3.8377246775400664e-4	0.01233896014765623	0.03289048378813786	0.03051855991046648	0.04142980205154001
2021-08-21	0	0	0	2.752911154670912e-4	0.012488507033937557	0.041960940512360656	0.019541549357802168	0.01966186462140196
2021-08-22	0	0	0	3.4842981649818583e-4	0.011612231716188637	0.052321921975845065	0.03455329015748454	0.0320378325823214
2021-08-23	0	0	0	1.0493377346620925e-4	0.007435560494704507	0.024154388876940658	0.01530435545057296	0.009181379777164489
2021-08-24	0	0	0	1.6678982758011607e-4	0.00574078419865387	0.021828370541445263	0.012042575018593515	0.015468136303240287
2021-08-25	0	0	0	6.204820891200225e-4	0.009436352963348327	0.03356820781918035	0.01960359037921733	0.02678340657452405
2021-08-26	0	0	0	0.002248041690644964	0.020954275471040562	0.05185540200496819	0.03720183230745944	0.030783530227529443
2021-08-27	0	0	1.1365252090445033e-4	0.002832780365988885	0.028175733449764095	0.06954769218235324	0.045211320653616216	0.05464366324609049
2021-08-28	0	0	1.1366173862659146e-4	0.001655715485812559	0.026333565149756044	0.06718673144982357	0.040466093660099345	0.03626212722941302
2021-08-29	0	0	0	0.0018379902357337219	0.027689966679745215	0.07188707663180982	0.0531432749612375	0.03762666882443311
2021-08-30	0	0	0	0.0012393821516245573	0.014389927216476472	0.03530344855043266	0.01761459105780716	0.010414271961059374
2021-08-31	0	0	0	6.099438781417277e-4	0.00943117605128796	0.027823123906252523	0.01233474413390434	0.018212696571467513
