2020-02-17	0	0	0	0	0	0	0	0
2020-02-18	0	0	0	0	0	0	0	0
2020-02-19	0	0	0	0	0	0	0	0
2020-02-20	0	0	0	0	0	0	0	0
2020-02-21	0	0	0	0	0	0	0	0
2020-02-22	0	0	0	0	0	0	0	0
2020-02-23	0	0	0	0	0	0	0	0
2020-02-24	0	0	0	0	0	0	0	0
2020-02-25	0	0	0	0	0	0	0	0
2020-02-26	0	0	0	0	0	0	0	0
2020-02-27	0	0	0	0	0	0	0	0
2020-02-28	0	0	0	0	0	0	0	0
2020-02-29	0	0	0	0	0	0	0	0
2020-03-01	0	0	0	0	0	0	0	0
2020-03-02	0	0	0	0	0	0	0	0
2020-03-03	0	0	0	0	0	0	0	0
2020-03-04	0	0	0	0	0	0	0	0
2020-03-05	0	0	0	0	0	0	0	0
2020-03-06	0	0	0	0	0	0	0	0
2020-03-07	0	0	0	0	0	0	0	0
2020-03-08	0	0	0	0	0	0	0	0
2020-03-09	0	0	0	0	0	0	0	0
2020-03-10	0	0	0	0	0	0	0	0
2020-03-11	0	0	0	0	0	0	0	0
2020-03-12	0	0	0	0	0	0	0	0
2020-03-13	0	0	0	0	0	0	0	0
2020-03-14	0	0	0	0	0	0	0	0
2020-03-15	0	0	0	0	0	0	0	0
2020-03-16	0	0	0	0	0	0	0	0
2020-03-17	0	0	0	0	0	0	0	0
2020-03-18	0	0	0	0	0	0	0	0
2020-03-19	0	0	0	0	0	0	0	0
2020-03-20	0	0	0	0	0	0	0	0
2020-03-21	0	0	0	0	0	0	0	0
2020-03-22	0	0	0	0	0	0	0	0
2020-03-23	0	0	0	0	0	0	0	0
2020-03-24	0	0	0	0	0	0	0	0
2020-03-25	0	0	0	0	0	0	0	0
2020-03-26	0	0	0	0	0	0	0	0
2020-03-27	0	0	0	0	0	0	0	0
2020-03-28	0	0	0	0	0	0	0	0
2020-03-29	0	0	0	0	0	0	0	0
2020-03-30	0	0	0	0	0	0	0	0
2020-03-31	0	0	0	0	0	0	0	0
2020-04-01	0	0	0	0	0	0	0	0
2020-04-02	0	0	0	0	0	0	0	0
2020-04-03	0	0	0	0	0	0	0	0
2020-04-04	0	0	0	0	0	0	0	0
2020-04-05	0	0	0	0	0	0	0	0
2020-04-06	0	0	0	0	0	0	0	0
2020-04-07	0	0	0	0	0	0	0	0
2020-04-08	0	0	0	0	0	0	0	0
2020-04-09	0	0	0	0	0	0	0	0
2020-04-10	0	0	0	0	0	0	0	0
2020-04-11	0	0	0	0	0	0	0	0
2020-04-12	0	0	0	0	0	0	0	0
2020-04-13	0	0	0	0	0	0	0	0
2020-04-14	0	0	0	0	0	0	0	0
2020-04-15	0	0	0	0	0	0	0	0
2020-04-16	0	0	0	0	0	0	0	0
2020-04-17	0	0	0	0	0	0	0	0
2020-04-18	0	0	0	0	0	0	0	0
2020-04-19	0	0	0	0	0	0	0	0
2020-04-20	0	0	0	0	0	0	0	0
2020-04-21	0	0	0	0	0	0	0	0
2020-04-22	0	0	0	0	0	0	0	0
2020-04-23	0	0	0	0	0	0	0	0
2020-04-24	0	0	0	0	0	0	0	0
2020-04-25	0	0	0	0	0	0	0	0
2020-04-26	0	0	0	0	0	0	0	0
2020-04-27	0	0	0	0	0	0	0	0
2020-04-28	0	0	0	0	0	0	0	0
2020-04-29	0	0	0	0	0	0	0	0
2020-04-30	0	0	0	0	0	0	0	0
2020-05-01	0	0	0	0	0	0	0	0
2020-05-02	0	0	0	0	0	0	0	0
2020-05-03	0	0	0	0	0	0	0	0
2020-05-04	0	0	0	0	0	0	0	0
2020-05-05	0	0	0	0	0	0	0	0
2020-05-06	0	0	0	0	0	0	0	0
2020-05-07	0	0	0	0	0	0	0	0
2020-05-08	0	0	0	0	0	0	0	0
2020-05-09	0	0	0	0	0	0	0	0
2020-05-10	0	0	0	0	0	0	0	0
2020-05-11	0	0	0	0	0	0	0	0
2020-05-12	0	0	0	0	0	0	0	0
2020-05-13	0	0	0	0	0	0	0	0
2020-05-14	0	0	0	0	0	0	0	0
2020-05-15	0	0	0	0	0	0	0	0
2020-05-16	0	0	0	0	0	0	0	0
2020-05-17	0	0	0	0	0	0	0	0
2020-05-18	0	0	0	0	0	0	0	0
2020-05-19	0	0	0	0	0	0	0	0
2020-05-20	0	0	0	0	0	0	0	0
2020-05-21	0	0	0	0	0	0	0	0
2020-05-22	0	0	0	0	0	0	0	0
2020-05-23	0	0	0	0	0	0	0	0
2020-05-24	0	0	0	0	0	0	0	0
2020-05-25	0	0	0	0	0	0	0	0
2020-05-26	0	0	0	0	0	0	0	0
2020-05-27	0	0	0	0	0	0	0	0
2020-05-28	0	0	0	0	0	0	0	0
2020-05-29	0	0	0	0	0	0	0	0
2020-05-30	0	0	0	0	0	0	0	0
2020-05-31	0	0	0	0	0	0	0	0
2020-06-01	0	0	0	0	0	0	0	0
2020-06-02	0	0	0	0	0	0	0	0
2020-06-03	0	0	0	0	0	0	0	0
2020-06-04	0	0	0	0	0	0	0	0
2020-06-05	0	0	0	0	0	0	0	0
2020-06-06	0	0	0	0	0	0	0	0
2020-06-07	0	0	0	0	0	0	0	0
2020-06-08	0	0	0	0	0	0	0	0
2020-06-09	0	0	0	0	0	0	0	0
2020-06-10	0	0	0	0	0	0	0	0
2020-06-11	0	0	0	0	0	0	0	0
2020-06-12	0	0	0	0	0	0	0	0
2020-06-13	0	0	0	0	0	0	0	0
2020-06-14	0	0	0	0	0	0	0	0
2020-06-15	0	0	0	0	0	0	0	0
2020-06-16	0	0	0	0	0	0	0	0
2020-06-17	0	0	0	0	0	0	0	0
2020-06-18	0	0	0	0	0	0	0	0
2020-06-19	0	0	0	0	0	0	0	0
2020-06-20	0	0	0	0	0	0	0	0
2020-06-21	0	0	0	0	0	0	0	0
2020-06-22	0	0	0	0	0	0	0	0
2020-06-23	0	0	0	0	0	0	0	0
2020-06-24	0	0	0	0	0	0	0	0
2020-06-25	0	0	0	0	0	0	0	0
2020-06-26	0	0	0	0	0	0	0	0
2020-06-27	0	0	0	0	0	0	0	0
2020-06-28	0	0	0	0	0	0	0	0
2020-06-29	0	0	0	0	0	0	0	0
2020-06-30	0	0	0	0	0	0	0	0
2020-07-01	0	0	0	0	0	0	0	0
2020-07-02	0	0	0	0	0	0	0	0
2020-07-03	0	0	0	0	0	0	0	0
2020-07-04	0	0	0	0	0	0	0	0
2020-07-05	0	0	0	0	0	0	0	0
2020-07-06	0	0	0	0	0	0	0	0
2020-07-07	0	0	0	0	0	0	0	0
2020-07-08	0	0	0	0	0	0	0	0
2020-07-09	0	0	0	0	0	0	0	0
2020-07-10	0	0	0	0	0	0	0	0
2020-07-11	0	0	0	0	0	0	0	0
2020-07-12	0	0	0	0	0	0	0	0
2020-07-13	0	0	0	0	0	0	0	0
2020-07-14	0	0	0	0	0	0	0	0
2020-07-15	0	0	0	0	0	0	0	0
2020-07-16	0	0	0	0	0	0	0	0
2020-07-17	0	0	0	0	0	0	0	0
2020-07-18	0	0	0	0	0	0	0	0
2020-07-19	0	0	0	0	0	0	0	0
2020-07-20	0	0	0	0	0	0	0	0
2020-07-21	0	0	0	0	0	0	0	0
2020-07-22	0	0	0	0	0	0	0	0
2020-07-23	0	0	0	0	0	0	0	0
2020-07-24	0	0	0	0	0	0	0	0
2020-07-25	0	0	0	0	0	0	0	0
2020-07-26	0	0	0	0	0	0	0	0
2020-07-27	0	0	0	0	0	0	0	0
2020-07-28	0	0	0	0	0	0	0	0
2020-07-29	0	0	0	0	0	0	0	0
2020-07-30	0	0	0	0	0	0	0	0
2020-07-31	0	0	0	0	0	0	0	0
2020-08-01	0	0	0	0	0	0	0	0
2020-08-02	0	0	0	0	0	0	0	0
2020-08-03	0	0	0	0	0	0	0	0
2020-08-04	0	0	0	0	0	0	0	0
2020-08-05	0	0	0	0	0	0	0	0
2020-08-06	0	0	0	0	0	0	0	0
2020-08-07	0	0	0	0	0	0	0	0
2020-08-08	0	0	0	0	0	0	0	0
2020-08-09	0	0	0	0	0	0	0	0
2020-08-10	0	0	0	0	0	0	0	0
2020-08-11	0	0	0	0	0	0	0	0
2020-08-12	0	0	0	0	0	0	0	0
2020-08-13	0	0	0	0	0	0	0	0
2020-08-14	0	0	0	0	0	0	0	0
2020-08-15	0	0	0	0	0	0	0	0
2020-08-16	0	0	0	0	0	0	0	0
2020-08-17	0	0	0	0	0	0	0	0
2020-08-18	0	0	0	0	0	0	0	0
2020-08-19	0	0	0	0	0	0	0	0
2020-08-20	0	0	0	0	0	0	0	0
2020-08-21	0	0	0	0	0	0	0	0
2020-08-22	0	0	0	0	0	0	0	0
2020-08-23	0	0	0	0	0	0	0	0
2020-08-24	0	0	0	0	0	0	0	0
2020-08-25	0	0	0	0	0	0	0	0
2020-08-26	0	0	0	0	0	0	0	0
2020-08-27	0	0	0	0	0	0	0	0
2020-08-28	0	0	0	0	0	0	0	0
2020-08-29	0	0	0	0	0	0	0	0
2020-08-30	0	0	0	0	0	0	0	0
2020-08-31	0	0	0	0	0	0	0	0
2020-09-01	0	0	0	0	0	0	0	0
2020-09-02	0	0	0	0	0	0	0	0
2020-09-03	0	0	0	0	0	0	0	0
2020-09-04	0	0	0	0	0	0	0	0
2020-09-05	0	0	0	0	0	0	0	0
2020-09-06	0	0	0	0	0	0	0	0
2020-09-07	0	0	0	0	0	0	0	0
2020-09-08	0	0	0	0	0	0	0	0
2020-09-09	0	0	0	0	0	0	0	0
2020-09-10	0	0	0	0	0	0	0	0
2020-09-11	0	0	0	0	0	0	0	0
2020-09-12	0	0	0	0	0	0	0	0
2020-09-13	0	0	0	0	0	0	0	0
2020-09-14	0	0	0	0	0	0	0	0
2020-09-15	0	0	0	0	0	0	0	0
2020-09-16	0	0	0	0	0	0	0	0
2020-09-17	0	0	0	0	0	0	0	0
2020-09-18	0	0	0	0	0	0	0	0
2020-09-19	0	0	0	0	0	0	0	0
2020-09-20	0	0	0	0	0	0	0	0
2020-09-21	0	0	0	0	0	0	0	0
2020-09-22	0	0	0	0	0	0	0	0
2020-09-23	0	0	0	0	0	0	0	0
2020-09-24	0	0	0	0	0	0	0	0
2020-09-25	0	0	0	0	0	0	0	0
2020-09-26	0	0	0	0	0	0	0	0
2020-09-27	0	0	0	0	0	0	0	0
2020-09-28	0	0	0	0	0	0	0	0
2020-09-29	0	0	0	0	0	0	0	0
2020-09-30	0	0	0	0	0	0	0	0
2020-10-01	0	0	0	0	0	0	0	0
2020-10-02	0	0	0	0	0	0	0	0
2020-10-03	0	0	0	0	0	0	0	0
2020-10-04	0	0	0	0	0	0	0	0
2020-10-05	0	0	0	0	0	0	0	0
2020-10-06	0	0	0	0	0	0	0	0
2020-10-07	0	0	0	0	0	0	0	0
2020-10-08	0	0	0	0	0	0	0	0
2020-10-09	0	0	0	0	0	0	0	0
2020-10-10	0	0	0	0	0	0	0	0
2020-10-11	0	0	0	0	0	0	0	0
2020-10-12	0	0	0	0	0	0	0	0
2020-10-13	0	0	0	0	0	0	0	0
2020-10-14	0	0	0	0	0	0	0	0
2020-10-15	0	0	0	0	0	0	0	0
2020-10-16	0	0	0	0	0	0	0	0
2020-10-17	0	0	0	0	0	0	0	0
2020-10-18	0	0	0	0	0	0	0	0
2020-10-19	0	0	0	0	0	0	0	0
2020-10-20	0	0	0	0	0	0	0	0
2020-10-21	0	0	0	0	0	0	0	0
2020-10-22	0	0	0	0	0	0	0	0
2020-10-23	0	0	0	0	0	0	0	0
2020-10-24	0	0	0	0	0	0	0	0
2020-10-25	0	0	0	0	0	0	0	0
2020-10-26	0	0	0	0	0	0	0	0
2020-10-27	0	0	0	0	0	0	0	0
2020-10-28	0	0	0	0	0	0	0	0
2020-10-29	0	0	0	0	0	0	0	0
2020-10-30	0	0	0	0	0	0	0	0
2020-10-31	0	0	0	0	0	0	0	0
2020-11-01	0	0	0	0	0	0	0	0
2020-11-02	0	0	0	0	0	0	0	0
2020-11-03	0	0	0	0	0	0	0	0
2020-11-04	0	0	0	0	0	0	0	0
2020-11-05	0	0	0	0	0	0	0	0
2020-11-06	0	0	0	0	0	0	0	0
2020-11-07	0	0	0	0	0	0	0	0
2020-11-08	0	0	0	0	0	0	0	0
2020-11-09	0	0	0	0	0	0	0	0
2020-11-10	0	0	0	0	0	0	0	0
2020-11-11	0	0	0	0	0	0	0	0
2020-11-12	0	0	0	0	0	0	0	0
2020-11-13	0	0	0	0	0	0	0	0
2020-11-14	0	0	0	0	0	0	0	0
2020-11-15	0	0	0	0	0	0	0	0
2020-11-16	0	0	0	0	0	0	0	0
2020-11-17	0	0	0	0	0	0	0	0
2020-11-18	0	0	0	0	0	0	0	0
2020-11-19	0	0	0	0	0	0	0	0
2020-11-20	0	0	0	0	0	0	0	0
2020-11-21	0	0	0	0	0	0	0	0
2020-11-22	0	0	0	0	0	0	0	0
2020-11-23	0	0	0	0	0	0	0	0
2020-11-24	0	0	0	0	0	0	0	0
2020-11-25	0	0	0	0	0	0	0	0
2020-11-26	0	0	0	0	0	0	0	0
2020-11-27	0	0	0	0	0	0	0	0
2020-11-28	0	0	0	0	0	0	0	0
2020-11-29	0	0	0	0	0	0	0	0
2020-11-30	0	0	0	0	0	0	0	0
2020-12-01	0	0	0	0	0	0	0	0
2020-12-02	0	0	0	0	0	0	0	0
2020-12-03	0	0	0	0	0	0	0	0
2020-12-04	0	0	0	0	0	0	0	0
2020-12-05	0	0	0	0	0	0	0	0
2020-12-06	0	0	0	0	0	0	0	0
2020-12-07	0	0	0	0	0	0	0	0
2020-12-08	0	0	0	0	0	0	0	0
2020-12-09	0	0	0	0	0	0	0	0
2020-12-10	0	0	0	0	0	0	0	0
2020-12-11	0	0	0	0	0	0	0	0
2020-12-12	0	0	0	0	0	0	0	0
2020-12-13	0	0	0	0	0	0	0	0
2020-12-14	0	0	0	0	0	0	0	0
2020-12-15	0	0	0	0	0	0	0	0
2020-12-16	0	0	0	0	0	0	0	0
2020-12-17	0	0	0	0	0	0	0	0
2020-12-18	0	0	0	0	0	0	0	0
2020-12-19	0	0	0	0	0	0	0	0
2020-12-20	0	0	0	0	0	0	0	0
2020-12-21	0	0	0	0	0	0	0	0
2020-12-22	0	0	0	0	0	0	0	0
2020-12-23	0	0	0	0	0	0	0	0
2020-12-24	0	0	0	0	0	0	0	0
2020-12-25	0	0	0	0	0	0	0	0
2020-12-26	0	0	0	0	0	0	0	0
2020-12-27	0	0	0	0	0	0	0	0
2020-12-28	0	0	0	0	0	0	0	0
2020-12-29	0	0	0	0	0	0	0	0
2020-12-30	0	0	0	0	0	0	0	0
2020-12-31	0	0	0	0	0	0	0	0
2021-01-01	0	0	0	0	0	0	0	0
2021-01-02	0	0	0	0	0	0	0	0
2021-01-03	0	0	0	0	0	0	0	0
2021-01-04	0	0	0	0	0	0	0	0
2021-01-05	0	0	0	0	0	0	0	0
2021-01-06	0	0	0	0	0	0	0	0
2021-01-07	0	0	0	0	0	0	0	0
2021-01-08	0	0	0	0	0	0	0	0
2021-01-09	0	0	0	0	0	0	0	0
2021-01-10	0	0	0	0	0	0	0	0
2021-01-11	0	0	0	0	0	0	0	0
2021-01-12	0	0	0	0	0	0	0	0
2021-01-13	0	0	0	0	0	0	0	0
2021-01-14	0	0	0	0	0	0	0	0
2021-01-15	0	0	0	0	0	0	0	0
2021-01-16	0	0	0	0	0	0	0	0
2021-01-17	0	0	0	0	0	0	0	0
2021-01-18	0	0	0	0	0	0	0	0
2021-01-19	0	0	0	0.0036382041242348784	0.00682285363495172	0.006455100216112397	0.002551925615799533	9.065316064613693e-4
2021-01-20	0	0	0	0.005757478660072701	0.007957154316467152	0.007318500209775092	0.004957930517646814	7.44031036959969e-4
2021-01-21	0	0	0	0.004609363122476395	0.007028354704466944	0.005642615943469931	0.005210603729636887	7.756907932088275e-4
2021-01-22	0	0	0	2.7512208672697547e-4	0.0012246551867782784	7.412440800640407e-4	1.923539316781575e-4	8.551339032880634e-6
2021-01-23	0	0	0	0.003954396539756377	0.007262297981799559	0.00707920244887128	0.004532481010823819	0.0012774730566229575
2021-01-24	0	0	0	0.006826389930157273	0.005040942946319182	0.005565139385148576	0.0037032170376163354	6.828058583008279e-4
2021-01-25	0	0	0	0.011334328050299325	0.010247538575465232	0.012087413435565741	0.006417221590160782	0.0024212636788474295
2021-01-26	0	0	0	0.017183646012163267	0.015415249590427837	0.018159995744219337	0.01676787856404416	0.043472346181770094
2021-01-27	0	0	0	0.014932849699258899	0.015521500572196256	0.02061876491422665	0.026422524568698202	0.09065379367855919
2021-01-28	0	0	0	0.0185977709074705	0.02010543565910372	0.025598298761349003	0.02233086734164602	0.08845393378673672
2021-01-29	0	0	0	0.01875875034218355	0.025375585479703533	0.030109500373384	0.029033095321749913	0.07975616841086697
2021-01-30	0	0	0	0.015893497289530822	0.017428528257049658	0.019825761002492337	0.02171000135552492	0.09233968218500221
2021-01-31	0	0	0	0.01304347124758265	0.01316334381147799	0.0177039171803135	0.023501766472777463	0.03417730942229191
2021-02-01	0	0	0	0.005720290102219083	0.00794232121144689	0.008240004584199712	0.007098367488805879	0.008858261858478711
2021-02-02	0	0	0	0.0031474970688409876	0.00502477793210665	0.006912624194630457	0.003357737848739051	0.00900141605814797
2021-02-03	0	0	0	0.003977187461948528	0.007662087609475954	0.008416027716564356	0.005675421635599864	0.008136830411833218
2021-02-04	0	0	0	0.0023349763956295178	0.002960815255022453	0.003845040667687538	0.004033180230702538	0.0023503451884969717
2021-02-05	0	0	0	8.41361359852133e-4	0.001984087027190329	0.0016336239704752842	8.290843120426494e-4	2.901823176355567e-4
2021-02-06	0	0	0	7.450038184031449e-5	2.596832493610979e-4	3.8474622354578436e-4	3.2914457898414184e-4	9.125019717770577e-5
2021-02-07	0	0	0	2.0550408493602568e-4	1.159144783953181e-4	2.813805245844847e-4	8.577248851371344e-5	0
2021-02-08	0	0	0	6.533599207372287e-4	6.485555831690082e-4	7.716295024224884e-4	2.86354201158856e-4	2.2282041001253639e-4
2021-02-09	0	0	0	1.834722119906651e-4	2.3330664526088896e-4	4.6639353794564187e-4	2.7154675093399305e-4	3.6567264957887424e-4
2021-02-10	0	0	0	2.298322232363592e-4	2.702723005756358e-4	4.707365193497015e-4	4.148086739625967e-4	1.1601831267227247e-4
2021-02-11	0	0	0	2.677412025544612e-4	5.105489902932359e-4	4.664087131163175e-4	2.1278374392408317e-4	6.197890183323729e-5
2021-02-12	0	0	0	4.962348183923382e-5	2.4818954685734695e-4	3.8980459734783146e-4	2.3250557123155602e-4	4.110849044924869e-5
2021-02-13	0	0	0	0	2.0775033451903013e-4	3.068257795539875e-4	6.265893178514226e-5	4.383230452909004e-5
2021-02-14	0	0	0	1.2947078828906555e-4	4.5826436924545355e-4	6.105974363828093e-4	8.114018186855532e-5	1.4691152620871506e-5
2021-02-15	0	0	0	5.024284118804179e-4	6.549659111776407e-4	4.794632391360576e-4	1.1894849540672325e-4	3.470480248379815e-5
2021-02-16	0	0	0	1.606877438016241e-4	2.4672943407799686e-4	2.8555870966617825e-4	6.940323629378575e-5	2.584972263863783e-5
2021-02-17	0	0	0	2.308003008089088e-4	2.1647130195123765e-4	3.072300133337702e-4	6.290119167862152e-5	2.3210786827210228e-5
2021-02-18	0	0	0	7.37204887919507e-5	5.777319270436898e-4	9.239434188463846e-4	2.6163939946277637e-4	3.5791098662363297e-5
2021-02-19	0	0	0	2.83105670609185e-4	7.327398834564569e-4	9.669131863458968e-4	4.403875463747653e-4	6.833923960192223e-5
2021-02-20	0	0	0	5.376886208001697e-4	8.549934739434661e-4	0.0010896162977613866	3.4179270522161076e-4	8.917083327419917e-5
2021-02-21	0	0	0	2.2489056735475188e-4	4.5454333770411637e-4	5.249866580907536e-4	1.758127386757291e-4	1.4288214723379156e-5
2021-02-22	0	0	0	2.2026258513463404e-4	3.17718295857361e-4	4.856329966496098e-4	1.1177451363519886e-4	4.000009231197588e-5
2021-02-23	0	0	0	9.194204591245203e-5	3.0466814497964734e-4	3.085031190022125e-4	5.496604473620437e-5	1.9578939838504894e-5
2021-02-24	0	0	0	2.974995182090101e-4	5.831209925040159e-4	7.340903282049283e-4	1.5277963469761957e-4	2.467646321793193e-4
2021-02-25	0	0	0	8.642233157085677e-5	4.7099882194068243e-4	5.562241690928449e-4	1.2344028073840718e-4	1.5431705626789416e-4
2021-02-26	0	0	0	2.2333891750259127e-4	5.745475556648838e-4	6.308929985512357e-4	1.1025975962852819e-4	7.040495423149551e-5
2021-02-27	0	0	0	5.404163909283888e-5	1.341297062591451e-4	1.2935068740316247e-4	3.420884656568646e-5	2.554015657652009e-5
2021-02-28	0	0	0	2.595531792137784e-5	3.6200733067870416e-5	5.9446847100907974e-5	2.3816911463470092e-5	1.4033497255372396e-6
2021-03-01	0	0	0	3.8290459006784516e-4	6.718822563276383e-4	5.785714712447376e-4	6.902995655622135e-5	2.2329341033966443e-5
2021-03-02	0	0	0	4.258543751578525e-4	8.564849700252175e-4	9.105273496199384e-4	7.120049199493828e-5	3.331043241350251e-5
2021-03-03	0	0	0	8.057083540764509e-4	0.0012150133646016137	0.0010396328199788751	9.548752487464895e-5	2.0692730540838866e-5
2021-03-04	0	0	0	5.70871303939402e-4	8.773601949660925e-4	9.203924132672459e-4	1.0979896993323912e-4	4.720262753847848e-4
2021-03-05	0	0	0	6.487789224876028e-4	0.001073636787305654	0.0011693648799517842	1.7787958494852596e-4	5.300981047835496e-4
2021-03-06	0	0	0	3.14730513947703e-4	5.444150098632417e-4	6.349841120045774e-4	9.023709802091773e-5	1.7271033890575715e-4
2021-03-07	0	0	0	4.3434354407789755e-5	1.2457788131792213e-4	3.0045524755273334e-4	2.6273501745111005e-5	1.3545042345297631e-5
2021-03-08	0	0	0	1.4997241599856714e-4	1.7154148751430398e-4	2.0080666563693228e-4	2.7003935824776448e-5	3.1115886725219255e-5
2021-03-09	0	0	0	8.630534600362338e-4	8.272687168842108e-4	8.872434992333034e-4	9.868588144845702e-5	6.212845329334193e-5
2021-03-10	0	0	0	6.383165079879571e-4	7.631775598404555e-4	7.41341090791714e-4	6.585868339770151e-5	2.697591872016236e-4
2021-03-11	0	0	0	4.184538177403052e-4	6.205507228687068e-4	6.482334911102061e-4	9.2235656726114e-5	6.869036104539816e-5
2021-03-12	0	0	0	3.258593363553164e-4	6.228706752196e-4	6.022106561256457e-4	6.704040599458949e-5	7.665001772827473e-5
2021-03-13	0	0	0	1.4913131032590066e-4	1.814691086361453e-4	1.9270203910926043e-4	1.8090624986255577e-5	1.6121773126487327e-5
2021-03-14	0	0	0	2.3486159055163824e-4	2.768803085890781e-4	2.2567219206459654e-4	8.898999847684053e-6	5.369127516807737e-6
2021-03-15	0	0	0	0.0012873465905001158	0.0018899383518906632	0.0010911528138095594	7.965606285353921e-5	3.4893169865934937e-5
2021-03-16	0	0	0	0.0011653263461428587	0.0020493099921239377	0.0011340089697926548	1.103697387083713e-4	1.113217955190926e-4
2021-03-17	0	0	0	0.0018260281673458945	0.0025688289923166963	0.0019010908199104115	2.0226154516866934e-4	2.0772349512609978e-4
2021-03-18	0	0	0	0.0020330458440429577	0.0030907291485342547	0.0018942538959569877	1.7670120964363711e-4	3.05343513229861e-4
2021-03-19	0	0	0	0.001870033134485638	0.0024510096496617173	0.0014821180686226398	1.514313138504253e-4	3.492158558575653e-4
2021-03-20	0	0	0	0.001029055525767042	0.0017520197608325017	0.0011368056681768657	1.3542961615531368e-4	4.840746856387135e-4
2021-03-21	0	0	0	6.06027026458511e-4	8.99049719446765e-4	5.29483108519857e-4	5.117736199977685e-5	5.134314553341124e-4
2021-03-22	0	0	0	7.872695901418592e-4	0.0014068298833336268	9.221838469239962e-4	8.775950579020808e-5	2.1799538596600776e-4
2021-03-23	0	0	0	0.0022267052399767007	0.002948549443527515	0.0019205847579635282	2.838872697956685e-4	0.0054574160303724195
2021-03-24	0	0	0	0.0028019569971755587	0.0034554585388879566	0.0023562691181693296	3.6807731822885437e-4	0.007219523344837775
2021-03-25	0	0	0	0.0029747624380065396	0.00372016622846294	0.002539323814965355	3.672778970875701e-4	0.006050737792226313
2021-03-26	0	0	0	0.0027178303545567495	0.0032597250901413855	0.0018426525012611439	3.3818495905824086e-4	0.0014642186968625293
2021-03-27	0	0	0	0.0016548664981963501	0.0017514356535444087	0.0011551896314943022	2.4188509202827113e-4	0.0013150686353402552
2021-03-28	0	0	0	9.60720855688324e-4	0.001325136874007038	7.133249663910934e-4	9.551593461676333e-5	5.4477061081525946e-5
2021-03-29	0	0	0	0.002459051620490982	0.00343656498777567	0.0019669229729653015	3.153681171386147e-4	0.0010475159506118104
2021-03-30	0	0	0	0.0034957114655549404	0.004804212298923138	0.002905469592550114	4.89461045039441e-4	0.004923306077732281
2021-03-31	0	0	0	0.00469485708930284	0.005778595219696925	0.0034601131773330795	5.934771649218629e-4	0.009297234669651822
2021-04-01	0	0	0	0.0028308577529070345	0.004645660172523325	0.002482456678324363	4.29401471529145e-4	0.00795261499676947
2021-04-02	0	0	0	0.004152648654513813	0.005590384286437544	0.0031732136273507905	6.031300265076922e-4	0.010983295528408599
2021-04-03	0	0	0	0.002880106403585936	0.0036242962191275208	0.002103531237554135	5.244513972644249e-4	0.00581342922956396
2021-04-04	0	0	0	0.0014654206698514471	0.0020254381972750757	9.747869625247318e-4	1.409071302489462e-4	2.5605885214452506e-4
2021-04-05	0	0	0	0.0026398983335618187	0.00416545115031508	0.0020417219376609452	3.852860005630898e-4	2.4618153434641243e-4
2021-04-06	0	0	0	0.004154259743951894	0.005867505674249207	0.0030302073651264916	7.939610874394543e-4	0.004661332520889294
2021-04-07	0	0	0	0.0064947113675288826	0.008148354882171915	0.003980267534411608	0.0011149518431023964	0.008812020771240547
2021-04-08	0	0	0	0.007031302089735902	0.007772274341340424	0.003784604541348102	0.0011341345149147308	0.011838348198202508
2021-04-09	0	0	0	0.005317401485032347	0.006630902201235411	0.003175940313431047	0.0010695338766031348	0.008478187181314434
2021-04-10	0	0	0	0.004123881367721349	0.004374753474684301	0.0020685803949807013	0.0010012389520177578	0.00536132796690314
2021-04-11	0	0	0	0.0029655775383217176	0.004170094497730759	0.0017216657381251554	8.120856153366329e-4	0.0016469051889016484
2021-04-12	0	0	0	0.005630754828016338	0.007883044317045451	0.003135170258986575	0.001217345092589417	0.0035079985535835245
2021-04-13	0	0	0	0.008617711423348773	0.010832719972021065	0.004549004966630132	0.0026363454382525298	0.01803920465852693
2021-04-14	0	0	0	0.009097863950178642	0.01134569230251592	0.004672098148787329	0.0037805569630280367	0.03269642429811337
2021-04-15	0	0	0	0.010884461927260114	0.012602598380243357	0.00534923722372338	0.004958922253025078	0.03516586699520019
2021-04-16	0	0	0	0.010484007472933765	0.011743453647009794	0.005263751868110456	0.004590623201715882	0.03257546006611811
2021-04-17	0	0	0	0.008621344194802427	0.009257711976798033	0.004158850536579495	0.005886309140816781	0.038151320867603644
2021-04-18	0	0	0.02797340563346129	0.004390826846192741	0.00548836054209878	0.002219847689401755	0.0024371330411177006	0.01306836575654291
2021-04-19	0	0	0	0.008110036615101901	0.00910339690628037	0.0035737608077353045	0.0023643670542106143	0.013031007535319272
2021-04-20	0	0	0	0.009801290768367554	0.011648164863383936	0.00480267768537912	0.006609780442752289	0.033437028162608184
2021-04-21	0	0	0	0.011544053712361224	0.011993612809817922	0.005228414095000966	0.006645395483216854	0.05785316780990901
2021-04-22	0	0.36700683814454793	0	0.011710510435777088	0.012284817036813278	0.005474929253991734	0.007847884997139731	0.07292900613706066
2021-04-23	0	0	0	0.0055674228818547444	0.006392048029983943	0.0029226672506854623	0.004834918400404398	0.04219146565045673
2021-04-24	0	0	0	0.00530728096494304	0.005861394600407355	0.0028127971572651234	0.004115714970585049	0.029067968151460066
2021-04-25	0	0	0	0.001587082141528695	0.0017200238716537086	5.887209252093406e-4	2.869076604883336e-4	0.0016199330677515444
2021-04-26	0	0	0	0.0038153957648927594	0.0038426489648240025	0.001295285878301522	7.011814031860908e-4	0.002791938014292672
2021-04-27	0	0	0	0.00794892479954723	0.008347710841934974	0.0035545516051209702	0.00563960388466489	0.017241281709496903
2021-04-28	0	0	0	0.012003116144332138	0.01185307561303972	0.0054534732917079776	0.009516423264973595	0.08131012656021142
2021-04-29	0	0	0	0.012421258566887916	0.012361923776857742	0.005711718893286255	0.011525654081135261	0.08813013084594434
2021-04-30	0	0.5857864376269049	0	0.012368562074026146	0.012715046758790205	0.005834359955699808	0.015525995670585768	0.0987110258047521
2021-05-01	0	0	0	0.013856130708530312	0.012878226385741431	0.00608725568540458	0.025852273825170524	0.10471222133556535
2021-05-02	0	0	0	0.005651238175412132	0.005292655312298944	0.0022532347214228032	0.006754110160664517	0.03323267453717027
2021-05-03	0	0	0	0.007439220493598242	0.006969571138377706	0.002950505204115439	0.0057081134225018815	0.025868750879370905
2021-05-04	0	0	0	0.010042847278830536	0.009489970506354695	0.004687009358029348	0.013348867146822485	0.039103418740050966
2021-05-05	0	0	0	0.009542104600364976	0.00881103299419217	0.0041539877406953085	0.016945357447497145	0.05333154730596945
2021-05-06	0	0	0.022857893551677666	0.0097265554459387	0.009071305966691812	0.004462278550997567	0.021335639513604843	0.090219811726578
2021-05-07	0	0	0	0.0122799223826624	0.010422012852843832	0.005616312013181579	0.03122998066681304	0.14569298754126003
2021-05-08	0	0	0.047065416258882165	0.013114763845812227	0.01193030158920072	0.0072543009912930945	0.04196258270227804	0.16562570575620628
2021-05-09	0	0	0	0.006066569438818004	0.004976602933420393	0.0029094812464913744	0.016813817189578195	0.05839247803695402
2021-05-10	0	0	0	0.007295818088301154	0.006671042777417702	0.0029920993906555893	0.016411106461531766	0.06586764879848528
2021-05-11	0	0	0	0.009046797277223018	0.00891667024228382	0.00476652943222855	0.026180468870908635	0.09018612240333912
2021-05-12	0	0	0	0.010009980267510432	0.009716307742709152	0.005293211686056232	0.03644572411591929	0.10552315823519698
2021-05-13	0	0	0	0.010789348517905806	0.009957816217857074	0.005829046650397407	0.047005434018304815	0.09131299564698647
2021-05-14	0	0	0	0.011730919683622165	0.010960207587566773	0.006454027300855758	0.061059186403089605	0.12023423598838545
2021-05-15	0	0	0	0.015164916057740951	0.013790364179361747	0.009824742586966417	0.0893436855863392	0.1480107059665432
2021-05-16	0	0	0.023952959881292646	0.006651561507129644	0.006121231748110523	0.004475068637701307	0.03869571900523483	0.07870350879881349
2021-05-17	0	0	0	0.007723212016957026	0.006840835517651911	0.004093872050727088	0.046832973144161016	0.0818350789127189
2021-05-18	0	0	0.024540806700820816	0.007657328997273005	0.007432145160845671	0.00551976986578917	0.05796716610320507	0.08359333790363044
2021-05-19	0	0	0	0.010204037907455943	0.008814297986247777	0.0064851026731820305	0.08363926346074102	0.11788163289716813
2021-05-20	0	0	0	0.013574238740130085	0.012633407275494335	0.009568967595614097	0.10996053185603971	0.12781766297710928
2021-05-21	0	0	0	0.013832626094032019	0.013341467700907828	0.00979515738716108	0.0998137422331975	0.11002049286230964
2021-05-22	0	0	0	0.0166326060929618	0.012920096371745737	0.011006133869759793	0.09924460673439373	0.08211478013218687
2021-05-23	0	0	0	0.007443622588955812	0.005838531922163215	0.004328608980312509	0.04836861607939391	0.04467064578992663
2021-05-24	0	0	0	0.004410942693917175	0.003231253146892765	0.002657632400338672	0.047067140958148235	0.0225617314993658
2021-05-25	0	0	0	0.008107522625993457	0.0074827975702982386	0.0053713299064725994	0.06582902620344444	0.05356266565553969
2021-05-26	0	0	0.02339261759295086	0.013503342026199405	0.010683322707867093	0.011748299349611635	0.0973649725594794	0.06406343268878367
2021-05-27	0	0	0.023952959881292646	0.017930747462119978	0.013235279344675499	0.014876715491956682	0.121031916004255	0.07805114743932084
2021-05-28	0	0	0	0.02183269267475496	0.01619429799253269	0.01753749279354988	0.13514535947380546	0.07502219819248568
2021-05-29	0	0	0.024540806700820816	0.028604208681193732	0.02264639275102298	0.023512334706919713	0.12988848034901457	0.06578025287953548
2021-05-30	0	0	0	0.00982028583464234	0.007563453055778657	0.0056802912238698156	0.060242364898859924	0.018787747385625275
2021-05-31	0	0	0	0.008719775760388293	0.0072742086982795495	0.00688109024310779	0.06547432481478799	0.023750333950325775
2021-06-01	0	0	0	0.016805405148724528	0.01233350589415072	0.015135461769194114	0.0939858735268968	0.04665506023973487
2021-06-02	0	0	0.23931831383409907	0.026820667150360578	0.01804571253250664	0.023518200359456287	0.11688629340458756	0.06919355446090836
2021-06-03	0	0	0.0563493683848999	0.03174123825359554	0.020565717905144165	0.024465638914017207	0.1260293119238458	0.05383912004750968
2021-06-04	0	0	0	0.022936955850171525	0.01543037864790131	0.020281290291837006	0.10979242383376131	0.04529616576789408
2021-06-05	0	0	0.05798337508955109	0.030691552828770785	0.0212537962497934	0.026827298523031784	0.0998637459584768	0.04217926343226308
2021-06-06	0	0	0	0.0121167990539921	0.008662441621287487	0.012013662804013503	0.045327548329867184	0.012520941883203518
2021-06-07	0	0	0	0.010078712173884119	0.008182583775520946	0.015973370647674345	0.06464654859238639	0.023198637596632654
2021-06-08	0	0	0	0.0127024587187341	0.008971546941261899	0.018839749531403882	0.06548911302785898	0.031471739571710566
2021-06-09	0	0	0.029631267712443954	0.01780382717471518	0.010952206180081081	0.024946356587847607	0.07069701518286697	0.041949951103379624
2021-06-10	0	0	0.02797340563346129	0.0223797667826926	0.013123219780428075	0.029260430749408428	0.0811927550301399	0.035438257481112734
2021-06-11	0	0	0	0.02617208101657198	0.015643552234106073	0.03536604083407546	0.08362953083038116	0.036101600706936354
2021-06-12	0	0	0.028778478781675387	0.03831343900779638	0.021072136247920037	0.05304966260985822	0.09632360406538809	0.03366299329893252
2021-06-13	0	0	0	0.015257001741637577	0.00830936514180558	0.023575730976346465	0.037127782946901666	0.013070718265181025
2021-06-14	0	0	0	0.013963321167524745	0.00811537143411356	0.028352392941610738	0.048229676076845474	0.015925352970513007
2021-06-15	0	0	0	0.018592432655440083	0.010151388261783412	0.03753098983309422	0.057466073361347236	0.02545833454752877
2021-06-16	0	0	0	0.020779860402600603	0.009605012913021849	0.03776364925705433	0.0597682361089229	0.03291229139711427
2021-06-17	0	0	0.028778478781675387	0.022189450755455642	0.01071338866145699	0.03781891207886501	0.058901519382550394	0.025479544897341277
2021-06-18	2	2	0	0	0	0	0	0.3765396802911347
2021-06-19	0	0	0	0	0	0	0.0393566496845561	0.07356776736383397
2021-06-20	0	0	0.02759443012438867	0	0	0	0.08625570585490427	0.04483128517410995
2021-06-21	0	0	0	0	0	0	0.030403786010769984	0.009386136387328214
2021-06-22	0	0	0	0	0	0	0.03730711952185417	0.02243846737956945
2021-06-23	0	0	0.025583817968032108	0	0	0	0.046281555497945215	0.030930574776736552
2021-06-24	0	0	0	0	0	0	0.040192221011697615	0.024389021565276225
2021-06-25	0	0	0.024602932977407566	0.004769406312371327	0	0	0.03424704980349724	0.028130796319243423
2021-06-26	0	0	0.024467296012671058	0.025489621681473063	0	0	0.08239718529720919	0.03752493306054672
2021-06-27	0	0	0	0.04566777241807207	0.008341935283925128	0	0.10456103838326603	0.034718410847074166
2021-06-28	0	0	0.023775459919034292	0.00812555564665085	0.004530623145746482	0	0.05897932514616544	0.013990800679179571
2021-06-29	0	0	0	0.006963800415215493	0.005608414164488762	0.017476017500442476	0.06728647598594195	0.0241554755918032
2021-06-30	0	0	0	0.00604747574625164	0.005879564165344409	0.05322883568534609	0.06236803871190566	0.030157670576645534
2021-07-01	0	0	0	0.006387088291070375	0.00632715258604355	0.06268298131148264	0.07354817240283307	0.03840767150024815
2021-07-02	0	0	0	0.006384445838957253	0.006964079380235022	0.07841530543107877	0.06629906202357017	0.04697821743154185
2021-07-03	0	0	0	0.006590519961711783	0.007239647197268662	0.10031153523364944	0.07832668006523091	0.034283604922874744
2021-07-04	0	0	0	0.007154079438262517	0.007768442721180602	0.10792709679344537	0.06839735587822116	0.033971773734525756
2021-07-05	0	0	0	0.00721984683182475	0.008279361546321251	0.1210227626086311	0.07001620894675131	0.025639757860539847
2021-07-06	0	0	0	0.004057944797040802	0.0045533668837012264	0.06618724829135658	0.04181245649562837	0.030624469599564552
2021-07-07	0	0	0	0.0039067907810608204	0.004502904559329002	0.06181771351109133	0.04832398678000116	0.035133596758421426
2021-07-08	0	0	0.022146453692916346	0.004914746328389175	0.0057284011247342725	0.05837022585917606	0.049134265288643286	0.044145883345095394
2021-07-09	0	0	0.022330579652463323	0.0045552334465797095	0.006572694870718987	0.06691890006682688	0.06671884062891076	0.051212170372378685
2021-07-10	0	0	0	0.00489662211361841	0.0073112741342460374	0.06815183217646936	0.059523460541266004	0.04678854327753723
2021-07-11	0	0	0.04461887413712562	0.0049729526612465325	0.007501007291185413	0.06783434432878765	0.054402357169474724	0.04066471448834874
2021-07-12	0	0	0.019851823812281788	0.005126598007312744	0.007685317539740444	0.07316157197959816	0.05948927433691842	0.039698523788894935
2021-07-13	0	0	0.005457403938811556	0.004670906008998221	0.007305294887213654	0.06325168458927544	0.06383641656256467	0.05451017276813852
2021-07-14	0	0	0	0.004017635408829046	0.006031253278769855	0.04289118171406048	0.05924370888006636	0.04613868941206167
2021-07-15	0	0	0	0.004635604857666786	0.006953581465491965	0.04305174946729462	0.06745224354870127	0.06407364340902477
2021-07-16	0	0	0	0.0034022691029784724	0.004819538269449364	0.02279068628665204	0.04130195201131981	0.052765474732128226
2021-07-17	0	0	0.023934373475350545	0.0019885456505397414	0.0028634981824500194	0.015657567242549852	0.01867567945815063	0.019816483109865723
2021-07-18	0	0	0	0.0013382244203516969	0.0018679786860216208	0.012806794821304202	0.02074198931335336	0.018476146595959975
2021-07-19	0	0	0	1.8843288442638162e-4	5.082576660988547e-4	0.003466392884426517	0.0034621160587564592	0.0020502311898518144
2021-07-20	0	0	0	1.5796014182845042e-4	3.320164637545808e-4	0.0015614096084537454	0.003158062920662008	0.0038170775451804584
2021-07-21	0	0	0	8.730758034651842e-4	0.0024323851251071282	0.011412418209817199	0.026449025117667224	0.027873861119409593
2021-07-22	0	0	0.11847287182130972	0.0010166893688168255	0.0021305490748790845	0.010233853937681614	0.04222067894234094	0.038838648618159555
2021-07-23	0	0	0.025830884446477187	4.7085098833243855e-4	0.002171203779474773	0.00814645233422917	0.033357053664417435	0.04394741065495267
2021-07-24	0	0	0.02618238790363181	4.361299976496369e-4	0.002599635689781943	0.011491732201494465	0.03665162487518203	0.04462023054205666
2021-07-25	0	0	0	5.194559508714391e-4	0.0033897545863086354	0.014185915203324129	0.037304023521236296	0.04776288266131812
2021-07-26	0	0	0.026263469547339824	5.217224271993892e-4	0.0013117579592734074	0.004507897170839437	0.014799558243336675	0.015971217525037495
2021-07-27	0	0	0	1.9619338030585354e-4	0.0012831192291484772	0.004810348848069745	0.015988698569063375	0.022908570228670655
