2020-02-17	0	0	0	0	0	0	0	0
2020-02-18	0	0	0	0	0	0	0	0
2020-02-19	0	0	0	0	0	0	0	0
2020-02-20	0	0	0	0	0	0	0	0
2020-02-21	0	0	0	0	0	0	0	0
2020-02-22	0	0	0	0	0	0	0	0
2020-02-23	0	0	0	0	0	0	0	0
2020-02-24	0	0	0	0	0	0	0	0
2020-02-25	0	0	0	0	0	0	0	0
2020-02-26	0	0	0	0	0	0	0	0
2020-02-27	0	0	0	0	0	0	0	0
2020-02-28	0	0	0	0	0	0	0	0
2020-02-29	0	0	0	0	0	0	0	0
2020-03-01	0	0	0	0	0	0	0	0
2020-03-02	0	0	0	0	0	0	0	0
2020-03-03	0	0	0	0	0	0	0	0
2020-03-04	0	0	0	0	0	0	0	0
2020-03-05	0	0	0	0	0	0	0	0
2020-03-06	0	0	0	0	0	0	0	0
2020-03-07	0	0	0	0	0	0	0	0
2020-03-08	0	0	0	0	0	0	0	0
2020-03-09	0	0	0	0	0	0	0	0
2020-03-10	0	0	0	0	0	0	0	0
2020-03-11	0	0	0	0	0	0	0	0
2020-03-12	0	0	0	0	0	0	0	0
2020-03-13	0	0	0	0	0	0	0	0
2020-03-14	0	0	0	0	0	0	0	0
2020-03-15	0	0	0	0	0	0	0	0
2020-03-16	0	0	0	0	0	0	0	0
2020-03-17	0	0	0	0	0	0	0	0
2020-03-18	0	0	0	0	0	0	0	0
2020-03-19	0	0	0	0	0	0	0	0
2020-03-20	0	0	0	0	0	0	0	0
2020-03-21	0	0	0	0	0	0	0	0
2020-03-22	0	0	0	0	0	0	0	0
2020-03-23	0	0	0	0	0	0	0	0
2020-03-24	0	0	0	0	0	0	0	0
2020-03-25	0	0	0	0	0	0	0	0
2020-03-26	0	0	0	0	0	0	0	0
2020-03-27	0	0	0	0	0	0	0	0
2020-03-28	0	0	0	0	0	0	0	0
2020-03-29	0	0	0	0	0	0	0	0
2020-03-30	0	0	0	0	0	0	0	0
2020-03-31	0	0	0	0	0	0	0	0
2020-04-01	0	0	0	0	0	0	0	0
2020-04-02	0	0	0	0	0	0	0	0
2020-04-03	0	0	0	0	0	0	0	0
2020-04-04	0	0	0	0	0	0	0	0
2020-04-05	0	0	0	0	0	0	0	0
2020-04-06	0	0	0	0	0	0	0	0
2020-04-07	0	0	0	0	0	0	0	0
2020-04-08	0	0	0	0	0	0	0	0
2020-04-09	0	0	0	0	0	0	0	0
2020-04-10	0	0	0	0	0	0	0	0
2020-04-11	0	0	0	0	0	0	0	0
2020-04-12	0	0	0	0	0	0	0	0
2020-04-13	0	0	0	0	0	0	0	0
2020-04-14	0	0	0	0	0	0	0	0
2020-04-15	0	0	0	0	0	0	0	0
2020-04-16	0	0	0	0	0	0	0	0
2020-04-17	0	0	0	0	0	0	0	0
2020-04-18	0	0	0	0	0	0	0	0
2020-04-19	0	0	0	0	0	0	0	0
2020-04-20	0	0	0	0	0	0	0	0
2020-04-21	0	0	0	0	0	0	0	0
2020-04-22	0	0	0	0	0	0	0	0
2020-04-23	0	0	0	0	0	0	0	0
2020-04-24	0	0	0	0	0	0	0	0
2020-04-25	0	0	0	0	0	0	0	0
2020-04-26	0	0	0	0	0	0	0	0
2020-04-27	0	0	0	0	0	0	0	0
2020-04-28	0	0	0	0	0	0	0	0
2020-04-29	0	0	0	0	0	0	0	0
2020-04-30	0	0	0	0	0	0	0	0
2020-05-01	0	0	0	0	0	0	0	0
2020-05-02	0	0	0	0	0	0	0	0
2020-05-03	0	0	0	0	0	0	0	0
2020-05-04	0	0	0	0	0	0	0	0
2020-05-05	0	0	0	0	0	0	0	0
2020-05-06	0	0	0	0	0	0	0	0
2020-05-07	0	0	0	0	0	0	0	0
2020-05-08	0	0	0	0	0	0	0	0
2020-05-09	0	0	0	0	0	0	0	0
2020-05-10	0	0	0	0	0	0	0	0
2020-05-11	0	0	0	0	0	0	0	0
2020-05-12	0	0	0	0	0	0	0	0
2020-05-13	0	0	0	0	0	0	0	0
2020-05-14	0	0	0	0	0	0	0	0
2020-05-15	0	0	0	0	0	0	0	0
2020-05-16	0	0	0	0	0	0	0	0
2020-05-17	0	0	0	0	0	0	0	0
2020-05-18	0	0	0	0	0	0	0	0
2020-05-19	0	0	0	0	0	0	0	0
2020-05-20	0	0	0	0	0	0	0	0
2020-05-21	0	0	0	0	0	0	0	0
2020-05-22	0	0	0	0	0	0	0	0
2020-05-23	0	0	0	0	0	0	0	0
2020-05-24	0	0	0	0	0	0	0	0
2020-05-25	0	0	0	0	0	0	0	0
2020-05-26	0	0	0	0	0	0	0	0
2020-05-27	0	0	0	0	0	0	0	0
2020-05-28	0	0	0	0	0	0	0	0
2020-05-29	0	0	0	0	0	0	0	0
2020-05-30	0	0	0	0	0	0	0	0
2020-05-31	0	0	0	0	0	0	0	0
2020-06-01	0	0	0	0	0	0	0	0
2020-06-02	0	0	0	0	0	0	0	0
2020-06-03	0	0	0	0	0	0	0	0
2020-06-04	0	0	0	0	0	0	0	0
2020-06-05	0	0	0	0	0	0	0	0
2020-06-06	0	0	0	0	0	0	0	0
2020-06-07	0	0	0	0	0	0	0	0
2020-06-08	0	0	0	0	0	0	0	0
2020-06-09	0	0	0	0	0	0	0	0
2020-06-10	0	0	0	0	0	0	0	0
2020-06-11	0	0	0	0	0	0	0	0
2020-06-12	0	0	0	0	0	0	0	0
2020-06-13	0	0	0	0	0	0	0	0
2020-06-14	0	0	0	0	0	0	0	0
2020-06-15	0	0	0	0	0	0	0	0
2020-06-16	0	0	0	0	0	0	0	0
2020-06-17	0	0	0	0	0	0	0	0
2020-06-18	0	0	0	0	0	0	0	0
2020-06-19	0	0	0	0	0	0	0	0
2020-06-20	0	0	0	0	0	0	0	0
2020-06-21	0	0	0	0	0	0	0	0
2020-06-22	0	0	0	0	0	0	0	0
2020-06-23	0	0	0	0	0	0	0	0
2020-06-24	0	0	0	0	0	0	0	0
2020-06-25	0	0	0	0	0	0	0	0
2020-06-26	0	0	0	0	0	0	0	0
2020-06-27	0	0	0	0	0	0	0	0
2020-06-28	0	0	0	0	0	0	0	0
2020-06-29	0	0	0	0	0	0	0	0
2020-06-30	0	0	0	0	0	0	0	0
2020-07-01	0	0	0	0	0	0	0	0
2020-07-02	0	0	0	0	0	0	0	0
2020-07-03	0	0	0	0	0	0	0	0
2020-07-04	0	0	0	0	0	0	0	0
2020-07-05	0	0	0	0	0	0	0	0
2020-07-06	0	0	0	0	0	0	0	0
2020-07-07	0	0	0	0	0	0	0	0
2020-07-08	0	0	0	0	0	0	0	0
2020-07-09	0	0	0	0	0	0	0	0
2020-07-10	0	0	0	0	0	0	0	0
2020-07-11	0	0	0	0	0	0	0	0
2020-07-12	0	0	0	0	0	0	0	0
2020-07-13	0	0	0	0	0	0	0	0
2020-07-14	0	0	0	0	0	0	0	0
2020-07-15	0	0	0	0	0	0	0	0
2020-07-16	0	0	0	0	0	0	0	0
2020-07-17	0	0	0	0	0	0	0	0
2020-07-18	0	0	0	0	0	0	0	0
2020-07-19	0	0	0	0	0	0	0	0
2020-07-20	0	0	0	0	0	0	0	0
2020-07-21	0	0	0	0	0	0	0	0
2020-07-22	0	0	0	0	0	0	0	0
2020-07-23	0	0	0	0	0	0	0	0
2020-07-24	0	0	0	0	0	0	0	0
2020-07-25	0	0	0	0	0	0	0	0
2020-07-26	0	0	0	0	0	0	0	0
2020-07-27	0	0	0	0	0	0	0	0
2020-07-28	0	0	0	0	0	0	0	0
2020-07-29	0	0	0	0	0	0	0	0
2020-07-30	0	0	0	0	0	0	0	0
2020-07-31	0	0	0	0	0	0	0	0
2020-08-01	0	0	0	0	0	0	0	0
2020-08-02	0	0	0	0	0	0	0	0
2020-08-03	0	0	0	0	0	0	0	0
2020-08-04	0	0	0	0	0	0	0	0
2020-08-05	0	0	0	0	0	0	0	0
2020-08-06	0	0	0	0	0	0	0	0
2020-08-07	0	0	0	0	0	0	0	0
2020-08-08	0	0	0	0	0	0	0	0
2020-08-09	0	0	0	0	0	0	0	0
2020-08-10	0	0	0	0	0	0	0	0
2020-08-11	0	0	0	0	0	0	0	0
2020-08-12	0	0	0	0	0	0	0	0
2020-08-13	0	0	0	0	0	0	0	0
2020-08-14	0	0	0	0	0	0	0	0
2020-08-15	0	0	0	0	0	0	0	0
2020-08-16	0	0	0	0	0	0	0	0
2020-08-17	0	0	0	0	0	0	0	0
2020-08-18	0	0	0	0	0	0	0	0
2020-08-19	0	0	0	0	0	0	0	0
2020-08-20	0	0	0	0	0	0	0	0
2020-08-21	0	0	0	0	0	0	0	0
2020-08-22	0	0	0	0	0	0	0	0
2020-08-23	0	0	0	0	0	0	0	0
2020-08-24	0	0	0	0	0	0	0	0
2020-08-25	0	0	0	0	0	0	0	0
2020-08-26	0	0	0	0	0	0	0	0
2020-08-27	0	0	0	0	0	0	0	0
2020-08-28	0	0	0	0	0	0	0	0
2020-08-29	0	0	0	0	0	0	0	0
2020-08-30	0	0	0	0	0	0	0	0
2020-08-31	0	0	0	0	0	0	0	0
2020-09-01	0	0	0	0	0	0	0	0
2020-09-02	0	0	0	0	0	0	0	0
2020-09-03	0	0	0	0	0	0	0	0
2020-09-04	0	0	0	0	0	0	0	0
2020-09-05	0	0	0	0	0	0	0	0
2020-09-06	0	0	0	0	0	0	0	0
2020-09-07	0	0	0	0	0	0	0	0
2020-09-08	0	0	0	0	0	0	0	0
2020-09-09	0	0	0	0	0	0	0	0
2020-09-10	0	0	0	0	0	0	0	0
2020-09-11	0	0	0	0	0	0	0	0
2020-09-12	0	0	0	0	0	0	0	0
2020-09-13	0	0	0	0	0	0	0	0
2020-09-14	0	0	0	0	0	0	0	0
2020-09-15	0	0	0	0	0	0	0	0
2020-09-16	0	0	0	0	0	0	0	0
2020-09-17	0	0	0	0	0	0	0	0
2020-09-18	0	0	0	0	0	0	0	0
2020-09-19	0	0	0	0	0	0	0	0
2020-09-20	0	0	0	0	0	0	0	0
2020-09-21	0	0	0	0	0	0	0	0
2020-09-22	0	0	0	0	0	0	0	0
2020-09-23	0	0	0	0	0	0	0	0
2020-09-24	0	0	0	0	0	0	0	0
2020-09-25	0	0	0	0	0	0	0	0
2020-09-26	0	0	0	0	0	0	0	0
2020-09-27	0	0	0	0	0	0	0	0
2020-09-28	0	0	0	0	0	0	0	0
2020-09-29	0	0	0	0	0	0	0	0
2020-09-30	0	0	0	0	0	0	0	0
2020-10-01	0	0	0	0	0	0	0	0
2020-10-02	0	0	0	0	0	0	0	0
2020-10-03	0	0	0	0	0	0	0	0
2020-10-04	0	0	0	0	0	0	0	0
2020-10-05	0	0	0	0	0	0	0	0
2020-10-06	0	0	0	0	0	0	0	0
2020-10-07	0	0	0	0	0	0	0	0
2020-10-08	0	0	0	0	0	0	0	0
2020-10-09	0	0	0	0	0	0	0	0
2020-10-10	0	0	0	0	0	0	0	0
2020-10-11	0	0	0	0	0	0	0	0
2020-10-12	0	0	0	0	0	0	0	0
2020-10-13	0	0	0	0	0	0	0	0
2020-10-14	0	0	0	0	0	0	0	0
2020-10-15	0	0	0	0	0	0	0	0
2020-10-16	0	0	0	0	0	0	0	0
2020-10-17	0	0	0	0	0	0	0	0
2020-10-18	0	0	0	0	0	0	0	0
2020-10-19	0	0	0	0	0	0	0	0
2020-10-20	0	0	0	0	0	0	0	0
2020-10-21	0	0	0	0	0	0	0	0
2020-10-22	0	0	0	0	0	0	0	0
2020-10-23	0	0	0	0	0	0	0	0
2020-10-24	0	0	0	0	0	0	0	0
2020-10-25	0	0	0	0	0	0	0	0
2020-10-26	0	0	0	0	0	0	0	0
2020-10-27	0	0	0	0	0	0	0	0
2020-10-28	0	0	0	0	0	0	0	0
2020-10-29	0	0	0	0	0	0	0	0
2020-10-30	0	0	0	0	0	0	0	0
2020-10-31	0	0	0	0	0	0	0	0
2020-11-01	0	0	0	0	0	0	0	0
2020-11-02	0	0	0	0	0	0	0	0
2020-11-03	0	0	0	0	0	0	0	0
2020-11-04	0	0	0	0	0	0	0	0
2020-11-05	0	0	0	0	0	0	0	0
2020-11-06	0	0	0	0	0	0	0	0
2020-11-07	0	0	0	0	0	0	0	0
2020-11-08	0	0	0	0	0	0	0	0
2020-11-09	0	0	0	0	0	0	0	0
2020-11-10	0	0	0	0	0	0	0	0
2020-11-11	0	0	0	0	0	0	0	0
2020-11-12	0	0	0	0	0	0	0	0
2020-11-13	0	0	0	0	0	0	0	0
2020-11-14	0	0	0	0	0	0	0	0
2020-11-15	0	0	0	0	0	0	0	0
2020-11-16	0	0	0	0	0	0	0	0
2020-11-17	0	0	0	0	0	0	0	0
2020-11-18	0	0	0	0	0	0	0	0
2020-11-19	0	0	0	0	0	0	0	0
2020-11-20	0	0	0	0	0	0	0	0
2020-11-21	0	0	0	0	0	0	0	0
2020-11-22	0	0	0	0	0	0	0	0
2020-11-23	0	0	0	0	0	0	0	0
2020-11-24	0	0	0	0	0	0	0	0
2020-11-25	0	0	0	0	0	0	0	0
2020-11-26	0	0	0	0	0	0	0	0
2020-11-27	0	0	0	0	0	0	0	0
2020-11-28	0	0	0	0	0	0	0	0
2020-11-29	0	0	0	0	0	0	0	0
2020-11-30	0	0	0	0	0	0	0	0
2020-12-01	0	0	0	0	0	0	0	0
2020-12-02	0	0	0	0	0	0	0	0
2020-12-03	0	0	0	0	0	0	0	0
2020-12-04	0	0	0	0	0	0	0	0
2020-12-05	0	0	0	0	0	0	0	0
2020-12-06	0	0	0	0	0	0	0	0
2020-12-07	0	0	0	0	0	0	0	0
2020-12-08	0	0	0	0	0	0	0	0
2020-12-09	0	0	0	0	0	0	0	0
2020-12-10	0	0	0	0	0	0	0	0
2020-12-11	0	0	0	0	0	0	0	0
2020-12-12	0	0	0	0	0	0	0	0
2020-12-13	0	0	0	0	0	0	0	0
2020-12-14	0	0	0	0	0	0	0	0
2020-12-15	0	0	0	0	0	0	0	0
2020-12-16	0	0	0	0	0	0	0	0
2020-12-17	0	0	0	0	0	0	0	0
2020-12-18	0	0	0	0	0	0	0	0
2020-12-19	0	0	0	0	0	0	0	0
2020-12-20	0	0	0	0	0	0	0	0
2020-12-21	0	0	0	0	0	0	0	0
2020-12-22	0	0	0	0	0	0	0	0
2020-12-23	0	0	0	0	0	0	0	0
2020-12-24	0	0	0	0	0	0	0	0
2020-12-25	0	0	0	0	0	0	0	0
2020-12-26	0	0	0	0	0	0	0	0
2020-12-27	0	0	0	0	0	0	0	0
2020-12-28	0	0	0	0	0	0	0	0
2020-12-29	0	0	0	3.226026018099404e-5	1.438751750164613e-4	1.8515857092404886e-4	4.016040321452863e-5	4.5655210995732e-4
2020-12-30	0	0	0	4.8880597328215813e-5	1.673370004180441e-4	2.322434842589871e-4	5.428073659952126e-5	3.4342948595300626e-4
2020-12-31	0	0	0	6.453104106385332e-5	2.036903724420558e-4	2.7421879898748003e-4	6.514106083943538e-5	3.6433318466744247e-4
2021-01-01	0	0	0	8.604185079996718e-5	2.754889735436805e-4	3.6759378129702647e-4	8.468179275156196e-5	3.5103080565668243e-4
2021-01-02	0	0	0	7.236130903964799e-5	2.1667173666028994e-4	2.6240721438641756e-4	8.03516140954752e-5	1.6820707340481356e-4
2021-01-03	0	0	0	4.205044205995989e-5	1.131832026093349e-4	1.3487454778582375e-4	2.7150184283009082e-5	6.220096724018909e-5
2021-01-04	0	0	0	8.410176827688964e-5	2.484954374954995e-4	3.0620344013665424e-4	1.0316266063359336e-4	4.0004000800197836e-4
2021-01-05	0	0	0	1.1540332948212217e-4	4.073814899194783e-4	5.273695296552638e-4	1.227237652805524e-4	0.007856832454052665
2021-01-06	0	0	0	1.222737377166716e-4	3.9464893694574066e-4	5.632293068129623e-4	1.835584234237686e-4	0.015287426351110245
2021-01-07	0	0	0	1.6434675246368435e-4	5.560673027111829e-4	8.239197109225493e-4	2.6073699594530986e-4	0.014382514178523875
2021-01-08	0	0	0	1.88838915033962e-4	6.688718473870647e-4	9.585597091790188e-4	3.2057569219356985e-4	0.01376446512504459
2021-01-09	0	0	0	1.683270835017847e-4	5.152263645515909e-4	0.00073085353672297515	3.1523484325157725e-4	0.020453284208730826
2021-01-10	0	0	0	1.957595804533696e-4	5.473448966089034e-4	8.625560007136102e-4	4.056011280688665e-4	0.011910464792895592
2021-01-11	0	0	0	2.721685189257528e-4	8.13665512891637e-4	0.0011646390960560193	4.688649585873339e-4	0.005632029940312089
2021-01-12	1.0545992804589233e-5	0	0	2.54606206080199e-4	8.434478510692678e-4	0.0012185812350566927	3.972494517818781e-4	0.01629084793158242
2021-01-13	0	0	0	2.6250722751108846e-4	0.0010014707359087271	0.0014065045637718931	5.19367435633189e-4	0.015328843359686317
2021-01-14	0	0	0	1.1855351373402101e-4	4.472300036690857e-4	6.177153930766455e-4	2.3529384079790105e-4	0.005183918252111175
2021-01-15	0	0	0	0	3.710003441126375e-6	1.300000422421732e-6	0	0
2021-01-16	0	0	0	2.940002160833899e-6	3.24202627683956e-5	3.8030361577012783e-5	1.5250058141180745e-5	3.180025281412924e-5
2021-01-17	0	0	0	4.40904859928537e-5	1.9082910393675157e-4	1.8411847490318323e-4	2.5060157002876338e-5	2.350013806418083e-5
2021-01-18	0	0	0	8.329173437826576e-5	3.386486707304126e-4	3.4671005196518223e-4	1.1331320997087779e-4	8.450178513785822e-5
2021-01-19	0	0	0	3.096939775899532e-4	0.0010530972534563698	0.0012314591228927974	3.454498338970602e-4	0.0022291422688136553
2021-01-20	0	0	0	4.813679287707373e-4	0.0014812485242976514	0.0019375084847821356	8.656773493183056e-4	0.012326384941431012
2021-01-21	0	0	0	3.84486957555108e-4	0.0012435666144812174	0.0015657128641932694	6.667011225967023e-4	0.010459550549424046
2021-01-22	0	0	0	1.5992639411277487e-4	5.563873917324713e-4	7.217802416792374e-4	3.5374128322374077e-4	0.005187627870731237
2021-01-23	0	0	9.200002115683503e-7	1.7663780022814102e-4	6.121036677249059e-4	6.218366702110956e-4	1.9549955501907412e-4	0.0016319658281160887
2021-01-24	0	0	9.200002115683503e-7	1.324943886908958e-4	4.6574422942180504e-4	5.382324235354563e-4	1.3108429577313174e-4	5.947884433230577e-4
2021-01-25	0	0	0	2.954718258998401e-4	0.0010709367263679326	0.0011372833533564997	2.086708858846098e-4	1.1730344002414128e-4
2021-01-26	0	0	0	3.8001610305959943e-4	0.001449185034315903	0.0016479289174291534	4.15263110862929e-4	0.002977816848295456
2021-01-27	0	0	0	5.530764733963078e-4	0.001840687032187649	0.002271519950721723	9.709456838802311e-4	0.005225326007972431
2021-01-28	0	0	0	7.8736498590537e-4	0.002377633285009617	0.003030626173751383	0.0014262485462288588	0.029924874528892476
2021-01-29	0	0	0	9.513262554110558e-4	0.0029041685487398716	0.003637187282832688	0.00225854525666902	0.03821754519008924
2021-01-30	0	0	0	8.576739011301182e-4	0.002417080569619978	0.003144441878682125	0.0021372219293938066	0.04316623087192206
2021-01-31	0	0	0	5.06524141676401e-4	0.0013623339884740737	0.0016583575374304882	8.443282225369941e-4	0.01835845824730442
2021-02-01	0	0	9.200002115683503e-7	7.414874509099612e-4	0.002078780331917107	0.0023809772631819826	8.439480620829887e-4	0.009341315041677012
2021-02-02	0	0	0	9.927263764146765e-4	0.002625082764880604	0.003104058795251108	0.0010906173615572445	0.020779244247878248
2021-02-03	0	0	0	0.0011725637264230482	0.0029536309839974795	0.0034622668228883047	0.0018804039797817307	0.03807716767452862
2021-02-04	0	0	0	0.0011867921188832842	0.0029633353390829953	0.003721672711943791	0.0030652289070631777	0.04486962071579481
2021-02-05	0	0	0	0.0015299451830659283	0.0035333411248761326	0.004475707990504008	0.0035390412031592877	0.05901756834328875
2021-02-06	0	0	0	0.0011672105951434641	0.0025980274366403933	0.0032440910316553495	0.002289770762536225	0.055301771482269224
2021-02-07	0	0	0	7.068249003598925e-4	0.0015280637447019352	0.0019223138226081016	0.0012621682671836165	0.024603027237309893
2021-02-08	0	0	0	0.0010471641381830654	0.002365619038358746	0.0029477322814006612	0.0014973805371181204	0.019560654804091193
2021-02-09	0	0	0	0.0010502557592899642	0.0027139213422628927	0.0033655817851880876	0.0035371077828669772	0.058862910559895676
2021-02-10	0	0	0	0.001269462884003536	0.002855388310601059	0.0035174531191113356	0.004472109941833002	0.06408202653108264
2021-02-11	0	0	0	0.0014765150241540237	0.003442793206265282	0.004343125685179361	0.006572940887979106	0.08584671460198878
2021-02-12	0	0	0	0.0016594984838045335	0.003674455405632049	0.005038396359468678	0.0104446124824773	0.12219212910372534
2021-02-13	0	0	0	0.0013591017894185597	0.003059099522472186	0.004179346734782374	0.01583194260163534	0.13514997922084904
2021-02-14	0	0	0	7.189192112080356e-4	0.0016059447646468161	0.002095487767245663	0.006584177849488393	0.04726212716606537
2021-02-15	0	0	0	0.0010211106667483705	0.00198459465398515	0.0025837189008397488	0.005632240533356425	0.04847700500352814
2021-02-16	0	0	0	0.001111458835185486	0.002394453351713288	0.003253225869639831	0.008811530768621623	0.05501670958334448
2021-02-17	0	0	0	0.001142826513109707	0.0025250039111879286	0.003370019257448842	0.01005593043422448	0.05723207767885974
2021-02-18	0	2.423838468823547e-6	0	0.001138103820076397	0.002560569128565504	0.0038306083901595844	0.014520702701737997	0.11180530664870258
2021-02-19	0	0	0	0.0015190068454491445	0.003427066195677453	0.005447228073421018	0.024658358662988045	0.19498731306397743
2021-02-20	0	0	9.200002115683503e-7	0.0013942459804634488	0.0025665167520596555	0.004335990202759543	0.02805902725259024	0.22366286983579609
2021-02-21	0	0	9.200002115683503e-7	6.671812827159229e-4	0.001561819820287802	0.0026924423114000895	0.024418981666405992	0.15765258433703666
2021-02-22	0	0	9.200002115683503e-7	8.63616458346872e-4	0.001886850050778488	0.003325484712142668	0.02775994361741052	0.12831103011210754
2021-02-23	0	0	9.200002115683503e-7	9.998599299698707e-4	0.0020800616641316605	0.0037439342609375537	0.03769211386184357	0.13445782679672447
2021-02-24	0	0	9.200002115683503e-7	0.001121324342070018	0.0024188827484377118	0.004298178584786649	0.04791548338705365	0.1235989767642951
2021-02-25	0	0	0	0.0011256267589001556	0.002451392331090263	0.004916863887622247	0.057225005308128685	0.12514512561638536
2021-02-26	0	2.4238443687707445e-6	0	0.001212117307091587	0.0027497502816529185	0.005217776297372412	0.06437730949443554	0.13776295816026685
2021-02-27	0	0	0	0.0015447965991330914	0.003536376489669202	0.007516544610721265	0.09657560171148383	0.14070819934040468
2021-02-28	0	0	9.200002115683503e-7	6.620595807220742e-4	0.0015886309370636287	0.00303419157963547	0.05192805061003969	0.08138268536948723
2021-03-01	0	0	9.200002115683503e-7	7.744599470522751e-4	0.0016911850266987383	0.0033586601494999258	0.05887208046455639	0.08852779251175091
2021-03-02	0	0	9.200002115683503e-7	0.0010786508719258237	0.002364547771541048	0.004622331487094122	0.07563814213646403	0.10851508068396165
2021-03-03	0	0	0	0.0011359125743442	0.002395144178909403	0.004848025838632974	0.08857970085069988	0.1092359216443739
2021-03-04	0	0	9.200002115683503e-7	0.001165799772277154	0.0025077421927262034	0.005280641293116561	0.1027838499527789	0.10818277838476154
2021-03-05	0	0	0	0.001378795269098676	0.0028128980989288177	0.00651006523734865	0.13367320117831438	0.12830109258994327
2021-03-06	0	0	0	0.0016120997163737716	0.003222365910515279	0.00815644188606024	0.15800233442058897	0.11950814944600197
2021-03-07	0	0	0	6.477749030813218e-4	0.0013508261828441004	0.0038180443656945506	0.07320887483879046	0.03956127359205652
2021-03-08	0	0	0	8.67728238073795e-4	0.0018610358636215185	0.004362257322236385	0.09127853262976049	0.057301773306003057
2021-03-09	0	0	0	0.0011272476718284796	0.0026698720541964427	0.007966144866006442	0.1102831746528794	0.052313988344117046
2021-03-10	1.0546103805131324e-5	0	9.200002115683503e-7	0.0016940474491899948	0.003966533346697609	0.01618227651832882	0.11871830923702453	0.06233625208087257
2021-03-11	0	0	0	0.0020647057524612045	0.004623444058740933	0.018744731237289702	0.13421088008317517	0.06686865422962018
2021-03-12	0	0	0	0.0015363100621517134	0.0036966462984640014	0.013050931704589486	0.08525427275577924	0.042857797706053136
2021-03-13	0	2.4238501687978697e-6	0	0.0017743871124062949	0.004368320556120242	0.015142090727902957	0.08993475504107451	0.04074728531513827
2021-03-14	0	0	0	6.261480153342269e-4	0.0017385456352314588	0.004059499884828677	0.03293473417885795	0.008798352752790617
2021-03-15	0	0	0	8.057423051655022e-4	0.002056377171768098	0.00716932982252616	0.05142831797236669	0.031338525799826655
2021-03-16	0	0	9.200002115683503e-7	0.0015436156873473994	0.003981883849748291	0.013470966736202072	0.07281654220466072	0.045841357514697645
2021-03-17	0	0	2.760001904356102e-6	0.002148534049640549	0.005656027662229057	0.02148104886508606	0.0834591577532191	0.04734846938835502
2021-03-18	0	0	9.200002115683503e-7	0.002787372361169993	0.006976829035848731	0.024905359229588697	0.10585599280308156	0.06702022773128857
2021-03-19	0	0	5.530007645360158e-6	0.0027627882497280876	0.0070161365429974865	0.025349347352803253	0.10000082105280894	0.055373043486232065
2021-03-20	0	0	9.200002115683503e-7	0.002727499813808487	0.007348269265298857	0.021146109486605003	0.0721004071788387	0.03729513171236065
2021-03-21	0	0	0	0.0010301553049880674	0.0034386360544789163	0.0111180527743735	0.03957522970148131	0.011930383512690046
2021-03-22	0	0	0	6.804157413953238e-4	0.00217456218016876	0.00972587817657633	0.031112466391236326	0.02508096368484014
2021-03-23	0	0	0	6.283387023811038e-4	0.002308892746428537	0.010885493492141851	0.034806574405460644	0.03260802075437952
2021-03-24	0	0	0	9.063653745480238e-4	0.002707813062895914	0.013452834690301119	0.03107508523052105	0.034712743642802746
2021-03-25	0	0	9.200002115683503e-7	0.0013977784461460807	0.0038272319260539422	0.017469838817073757	0.035988024476429015	0.03643497688515551
2021-03-26	0	0	0	0.00329220966111321	0.009731636185712711	0.03440221815346978	0.06911929938693517	0.07356048628564515
2021-03-27	0	0	9.200002115683503e-7	0.0029727392947287434	0.008480529846619733	0.03082698576280518	0.04805012359435823	0.044826555008482094
2021-03-28	0	0	0	7.953681526247092e-4	0.0022623395450542816	0.013155889356188055	0.016381458041894614	0.009385120119916213
2021-03-29	0	0	0	6.739235432355883e-4	0.002149855469635087	0.015300788532428555	0.019800292899728733	0.022435942883265225
2021-03-30	0	0	9.200002115683503e-7	8.475295765957291e-4	0.002496217775796117	0.016044758569387474	0.024102350828869357	0.030927020143742823
2021-03-31	0	0	0	9.184208742256672e-4	0.0024297359041409727	0.015938881989771003	0.020476754367355188	0.024386171338133256
2021-04-01	0	0	9.200002115683503e-7	8.841454282846328e-4	0.0018314485509487444	0.012435852607519005	0.017113255881718414	0.028127387481635457
2021-04-02	0	0	9.200002115683503e-7	0.00233615440435031	0.005864979496122524	0.03074463819442652	0.04020723544554339	0.03752034405449178
2021-04-03	0	0	0	0.0041801183473495485	0.010393375563902962	0.050713186829603574	0.04867709489177585	0.03471396483870559
2021-04-04	0	0	9.200002115683503e-7	0.0013056661910506584	0.003984719497368117	0.02453210605689682	0.026060902661888097	0.013988922488094468
2021-04-05	0	0	0	0.0016273620768323394	0.004929785696754063	0.04107287527075165	0.028706688491030308	0.024152232584706335
2021-04-06	0	0	0	0.001761245496424646	0.005164558165260624	0.04751459928633528	0.025588918183449882	0.03015350851900145
2021-04-07	0	0	0	0.0020661172100815417	0.0055536507591886775	0.05560739561167849	0.029004657539749568	0.03840218189354627
2021-04-08	0	0	0	0.002175152822450288	0.0061078464470551985	0.0690172139555465	0.02499834936777834	0.04697127517284061
2021-04-09	0	0	0	0.002416960424423298	0.006651049113577834	0.0916727743911423	0.02962273663138304	0.03594959331487635
2021-04-10	0	0	0	0.0033671444153784424	0.009192314662212375	0.12635845477316554	0.03144896941938535	0.045909111632726596
2021-04-11	0	0	0	0.0015154941806527766	0.004540494021489705	0.06363680059757382	0.013515728730780996	0.01187847453934543
2021-04-12	0	0	0	0.001414240018707602	0.003978787687866303	0.05486760347785058	0.013106625910690672	0.030619285155863984
2021-04-13	0	0	0	0.001537410908075021	0.003932425993548705	0.05065280670681971	0.014694854688579673	0.03512738326373932
2021-04-14	0	0	9.200002115683503e-7	0.002158634926186176	0.004999609022594553	0.04728271375500959	0.014435455594555613	0.04413783716745523
2021-04-15	0	0	9.200002115683503e-7	0.002201671839722419	0.0057321343410259296	0.05356257742510495	0.018859338663708147	0.05120242200478908
2021-04-16	0	0	0	0.002622859848446124	0.007063623694925969	0.059719278042478674	0.017789587354561487	0.05192556610380006
2021-04-17	0	0	2.760001904356102e-6	0.003443925155118599	0.009397206874259378	0.07616446648888409	0.019962949841594524	0.05800185375989608
2021-04-18	0	0	0	0.0018266041206533856	0.004933123927922001	0.04194704872416688	0.011027823221249733	0.027954665835493664
2021-04-19	0	0	0	0.0015720578414641917	0.0045334781059342966	0.03195196196840766	0.011064334876565107	0.04364665768169562
2021-04-20	0	0	0	0.0019492398840312841	0.005235181782072829	0.031771669749670606	0.013316613045752712	0.046127537427276044
2021-04-21	0	0	0	0.002347437615840109	0.006030762524155575	0.03152807487635223	0.014442748244211545	0.06405733555975379
2021-04-22	0	0	0	0.0017883995932763685	0.0041763604967497425	0.016517446509801026	0.008420586569543698	0.052751171524296536
2021-04-23	0	0	9.200002115683503e-7	0.001089036500124596	0.0024799174976988247	0.011281477936105677	0.0036995616891728478	0.01981091811918123
2021-04-24	0	0	0	7.754803424402379e-4	0.0016171838208776101	0.009188647812153894	0.004045711946288	0.018470792544303727
2021-04-25	0	0	0	1.1499330586506318e-4	4.399283842457802e-4	0.002479677199753727	6.663510059157218e-4	0.002049650266553682
2021-04-26	0	0	0	1.0273263849880365e-4	2.873606440350063e-4	0.0011160013647615319	6.061718610812505e-4	0.003815940350188951
2021-04-27	0	0	0	6.042212708361472e-4	0.0021050077644220178	0.00814750546131049	0.005039860047324041	0.027865623239633264
2021-04-28	0	0	4.610005313043786e-6	7.398368396374089e-4	0.0018432093551818962	0.00728274961047215	0.007847656427852456	0.03882677970557635
2021-04-29	0	0	9.200002115683503e-7	3.589722152628205e-4	0.0018778415722426889	0.005780974917749981	0.005998676028523775	0.043933436715406726
2021-04-30	0	0	9.200002115683503e-7	3.4791026038738515e-4	0.002247693030990483	0.008133528571756976	0.006406851937938773	0.04460541066515167
2021-05-01	0	0	0	4.319766509566225e-4	0.002929735838020031	0.0100045025176565	0.00632336624015184	0.04774622551267682
2021-05-02	0	0	9.200002115683503e-7	4.500806431462223e-4	0.0011333010928415987	0.0031680691655595616	0.002442731734581871	0.015965423688387492
2021-05-03	0	0	0	1.747276324364222e-4	0.0011083571138730264	0.0033760093597994256	0.002605777519119723	0.022900103687221396
2021-05-04	0	0	0	1.5010563292539025e-4	0.0015730286047477282	0.008153489849180184	0.00374682968316864	0.032966192461349575
2021-05-05	0	0	0	1.9270928421710742e-4	0.0014347946589283733	0.02307274792419345	0.004393696141445913	0.037650387927778084
2021-05-06	0	0	0	2.0843086085586826e-4	0.0010372289609792418	0.033702697962487704	0.004921695772318824	0.042006945875445734
2021-05-07	0	0	0	4.7751700562259636e-4	0.001769262572512531	0.035898831526237185	0.004530741905553581	0.04945351247400409
2021-05-08	0	0	9.200002115683503e-7	6.886085454322899e-4	0.0026172224633556063	0.04007154212200903	0.005771096388381025	0.05248137364491434
2021-05-09	0	0	0	2.8053967562735593e-4	0.0011123693413879199	0.027796166721096638	0.0018362929929889305	0.014525245690593103
2021-05-10	0	0	0	1.358146114021075e-4	0.001386640693102903	0.046421283899724664	0.0024532746391137117	0.03006974742758972
2021-05-11	0	0	0	1.8635868238958686e-4	0.001590992814533898	0.04476993681050412	0.00362530571037345	0.04094645300338984
2021-05-12	0	0	0	1.9312932473414257e-4	0.0021613378453204657	0.05388310731343782	0.00454915369984632	0.05051063095999431
2021-05-13	0	0	0	2.493155395595359e-4	0.0025792431237727786	0.05560841392480831	0.0042104920608485585	0.044413847461585165
2021-05-14	0	0	0	4.280157993812317e-4	0.0034515282618354792	0.05056525115612032	0.00491747539105547	0.04877402641313733
2021-05-15	0	0	0	5.878063790847321e-4	0.004068718617797673	0.059741646068750986	0.00507372567305131	0.050671295035134456
2021-05-16	0	0	0	1.6979720777299256e-4	0.001591673356017953	0.04241083983385319	0.002813108394710051	0.014925593334093712
2021-05-17	0	0	0	2.4742530482035896e-4	0.0028476973450421994	0.03853628124301012	0.004083498740490965	0.04452072370991367
2021-05-18	0	0	0	1.9123914310248402e-4	0.004532706356729088	0.025899891089613547	0.00343296631442902	0.05266715736626071
2021-05-19	0	0	2.760001904356102e-6	4.1970403786995014e-4	0.006405367182184651	0.025366656819550304	0.0037795512519165353	0.05845309096071549
2021-05-20	0	0	0	3.703442887230679e-4	0.007698055012744787	0.023679661593293266	0.0053403698876342	0.07887491297417082
2021-05-21	0	0	0	2.8940093822571455e-4	0.009897138336814493	0.03012265356444077	0.005166182360044402	0.07316591269512784
2021-05-22	0	0	0	3.7960602518349873e-4	0.008933180428140508	0.034444505998368014	0.0037661259261227986	0.026835232424823552
2021-05-23	0	0	0	5.961388453807892e-4	0.0050050827132415154	0.01834234036249338	7.486901342292906e-4	0.00885349609829067
2021-05-24	0	0	0	4.51005085140288e-5	0.0044926158994049725	0.014967012868551732	0.0012261958890895652	0.014311404071625455
2021-05-25	0	0	0	9.020203410181615e-5	0.010797737785320116	0.023061538641123924	0.0032755623271398804	0.030981361185222323
2021-05-26	0	0	0	2.3229349006625988e-4	0.009545901056746242	0.015514857702381368	0.004657222430191066	0.05485681760956229
2021-05-27	0	0	0	3.4401958736918203e-4	0.008348072578945764	0.015900970213432064	0.004024669491128341	0.04488230533300119
2021-05-28	0	0	0	4.976019019131694e-4	0.010260981937580738	0.01942637602133046	0.004179226483500109	0.048048771101080856
2021-05-29	0	0	0	3.838168288394783e-4	0.014780566284925856	0.02889095177359602	0.005342876582544065	0.0571546639014211
2021-05-30	0	0	0	1.479354712259351e-4	0.010322176833646335	0.019205815840525053	0.002160847315279879	0.01729639128789584
2021-05-31	0	0	0	8.696189059254067e-5	0.008268843442971185	0.01971247542181387	0.0029694644297499906	0.05448032649371548
2021-06-01	0	0	0	4.247250978521855e-4	0.009461811469068993	0.019800111099891993	0.0033289805278386986	0.06781646834468646
2021-06-02	0	0	4.610005313043786e-6	9.787795023286083e-4	0.013354988932345657	0.01841579537986826	0.004431238969701656	0.07962743198097111
2021-06-03	0	0	9.200002115683503e-7	0.0012490800502429344	0.017749672720420495	0.02207133596785149	0.0052645187895212775	0.10914759962603116
2021-06-04	0	0	0	0.0014115681311470674	0.019996414144661134	0.0234456647994723	0.004225674080358344	0.10043510245109033
2021-06-05	0	0	9.200002115683503e-7	0.0016087670328415182	0.02116958786256773	0.02556669396001121	0.004279298098053053	0.06879902651225867
2021-06-06	0	0	0	4.6009292137405566e-4	0.010200331691654796	0.01487434150883038	0.001789580649725453	0.036594285431561735
2021-06-07	0	0	0	1.704672647719896e-4	0.00863195767331848	0.012958349706780892	0.0021874161974051454	0.05623612545144785
2021-06-08	0	0	0	5.877163526277762e-4	0.0195927691507487	0.019697558452244968	0.0037030080671864862	0.12777106100776225
2021-06-09	0	0	2.760001904356102e-6	0.0013538282127074641	0.03053477309194408	0.021454827404741916	0.004909044679917374	0.17513189517707883
2021-06-10	0	0	0	0.001746592646468148	0.03133459419839446	0.020678661763078088	0.004896945017626386	0.22210247764388846
2021-06-11	0	0	0	0.0010464037401969328	0.025132703192439765	0.019369898239451677	0.004446633136562905	0.19899017215341108
2021-06-12	0	0	0	9.081061642013388e-4	0.026684120572684433	0.021094969433853805	0.004246598399491708	0.23334315726001842
2021-06-13	0	0	0	2.777792903334575e-4	0.013800201389598366	0.011753948828264305	0.0019841642269198267	0.08214682522357819
2021-06-14	0	0	0	3.32747680254597e-4	0.010399376759245182	0.010574736261751427	0.0025775609551192957	0.13586481176927512
2021-06-15	0	0	9.200002115683503e-7	5.467847433888728e-4	0.022036683858873918	0.0131587078983888	0.003988476987169198	0.34657543262475987
2021-06-16	0	0	0	0.002202993294864397	0.02912336256172532	0.012515056660805879	0.004301395500813543	0.5203130060718923
2021-06-17	0	0	0	0.0013698691353620784	0.03231872499634747	0.035006524183858856	0.008201034240653993	1.7226496800073958
2021-06-18	0	0	1.1200003136035974e-6	0.0024972190257155358	0.08581008256756295	0	0	0
2021-06-19	0	0	1.1700003421655225e-6	0.002609502375662265	0.09794462751475086	0	0	0
2021-06-20	0	0	1.1600003364531375e-6	0.002602182838881806	0.10798409097597705	0	0	0
2021-06-21	0	0	1.2000003599688114e-6	0.0026794849098454865	0.12444748407302653	0	0	0
2021-06-22	0	0	1.1800003480999521e-6	0.0026584268082736617	0.1406091535129037	0	0	0
2021-06-23	0	0	1.1800003480999521e-6	0.0026570449719958145	0.1631136017706485	0	0	0
2021-06-24	0	0	1.1800003480999521e-6	0.002657105051814046	0.1944475748403205	0	0	0
2021-06-25	0	0	1.1300003193159824e-6	0.0025553624693375188	0.23106911384305362	0	0	0
2021-06-26	0	0	1.07000028637394e-6	0.0026754895610978657	0.2844148986424486	0	0	0
2021-06-27	0	0	9.400002207726743e-7	0.08094372151309748	0	0	0	0
2021-06-28	0	0	9.700002352452941e-7	0.09028248162195474	0	0	0	0
2021-06-29	0	0	7.60000144373052e-7	0.07816031886111796	0	0	0	0
2021-06-30	0	0	4.400000483961719e-7	0.047820428341695864	0	0	0	0
2021-07-01	0	0	2.400000143065739e-7	0.027674296674101484	0	0	0	0
2021-07-02	0	0	1.400000049223138e-7	0.016081029880504527	0	0	0	0
2021-07-03	0	0	0	0	0	0	0	0
2021-07-04	0	0	0	0	0	0	0	0
2021-07-05	0	0	4.0000000423034976e-8	0.005064301788150427	0	0	0	0
2021-07-06	0	0	5.900000870084909e-7	0.07171704358514841	0	0	0	0
2021-07-07	0	0	6.000000900563407e-7	0.07844875165922272	0	0	0	0
2021-07-08	0	0	5.800000841826858e-7	0.08235127304294854	0	0	0	0
2021-07-09	0	0	1.0000000161269895e-8	0.0019104024093412608	0	0	0	0
2021-07-10	0	0	0	0	0	0	0	0
2021-07-11	0	0	0	0	0	0	0	0
2021-07-12	0	0	0	0	0	0	0	0
2021-07-13	0	0	9.000000211756287e-8	0.013228820422442222	0	0	0	0
2021-07-14	0	0	2.800000196145902e-7	0.04366271824104917	0	0	0	0
2021-07-15	0	0	2.6000001684955976e-7	0.04156236760013221	0	0	0	0
2021-07-16	0	0	2.900000211081277e-7	0.04852259044589502	0	0	0	0
2021-07-17	0	0	4.0000003997953115e-7	0.07262718707562965	0	0	0	0
2021-07-18	0	0	3.900000380419044e-7	0.0752221011243921	0	0	0	0
2021-07-19	0	0	5.00000062464423e-7	0.10567558216656026	0	0	0	0
2021-07-20	0	0	5.200000674498995e-7	0.12332399173432163	0	0	0	0
2021-07-21	0	0	4.5000005055584325e-7	0.11985625017659873	0	0	0	0
2021-07-22	0	0	4.400000483961719e-7	0.1323802314175404	0	0	0	0
2021-07-23	0	0	4.400000483961719e-7	0.15503840690381843	0	0	0	0
2021-07-24	0	0	4.2000004407682923e-07	0.17541213420674096	0	0	0	0
2021-07-25	0	0	3.900000380419044e-7	0.19438288665619918	0	0	0	0
2021-07-26	0	0	0.0087552335285348	0.21497201142391043	0	0	0	0
2021-07-27	0	0	0.03420996034673118	0	0	0	0	0
