2020-02-17	0	0	0	0	0	0	0	0
2020-02-18	0	0	0	0	0	0	0	0
2020-02-19	0	0	0	0	0	0	0	0
2020-02-20	0	0	0	0	0	0	0	0
2020-02-21	0	0	0	0	0	0	0	0
2020-02-22	0	0	0	0	0	0	0	0
2020-02-23	0	0	0	0	0	0	0	0
2020-02-24	0	0	0	0	0	0	0	0
2020-02-25	0	0	0	0	0	0	0	0
2020-02-26	0	0	0	0	0	0	0	0
2020-02-27	0	0	0	0	0	0	0	0
2020-02-28	0	0	0	0	0	0	0	0
2020-02-29	0	0	0	0	0	0	0	0
2020-03-01	0	0	0	0	0	0	0	0
2020-03-02	0	0	0	0	0	0	0	0
2020-03-03	0	0	0	0	0	0	0	0
2020-03-04	0	0	0	0	0	0	0	0
2020-03-05	0	0	0	0	0	0	0	0
2020-03-06	0	0	0	0	0	0	0	0
2020-03-07	0	0	0	0	0	0	0	0
2020-03-08	0	0	0	0	0	0	0	0
2020-03-09	0	0	0	0	0	0	0	0
2020-03-10	0	0	0	0	0	0	0	0
2020-03-11	0	0	0	0	0	0	0	0
2020-03-12	0	0	0	0	0	0	0	0
2020-03-13	0	0	0	0	0	0	0	0
2020-03-14	0	0	0	0	0	0	0	0
2020-03-15	0	0	0	0	0	0	0	0
2020-03-16	0	0	0	0	0	0	0	0
2020-03-17	0	0	0	0	0	0	0	0
2020-03-18	0	0	0	0	0	0	0	0
2020-03-19	0	0	0	0	0	0	0	0
2020-03-20	0	0	0	0	0	0	0	0
2020-03-21	0	0	0	0	0	0	0	0
2020-03-22	0	0	0	0	0	0	0	0
2020-03-23	0	0	0	0	0	0	0	0
2020-03-24	0	0	0	0	0	0	0	0
2020-03-25	0	0	0	0	0	0	0	0
2020-03-26	0	0	0	0	0	0	0	0
2020-03-27	0	0	0	0	0	0	0	0
2020-03-28	0	0	0	0	0	0	0	0
2020-03-29	0	0	0	0	0	0	0	0
2020-03-30	0	0	0	0	0	0	0	0
2020-03-31	0	0	0	0	0	0	0	0
2020-04-01	0	0	0	0	0	0	0	0
2020-04-02	0	0	0	0	0	0	0	0
2020-04-03	0	0	0	0	0	0	0	0
2020-04-04	0	0	0	0	0	0	0	0
2020-04-05	0	0	0	0	0	0	0	0
2020-04-06	0	0	0	0	0	0	0	0
2020-04-07	0	0	0	0	0	0	0	0
2020-04-08	0	0	0	0	0	0	0	0
2020-04-09	0	0	0	0	0	0	0	0
2020-04-10	0	0	0	0	0	0	0	0
2020-04-11	0	0	0	0	0	0	0	0
2020-04-12	0	0	0	0	0	0	0	0
2020-04-13	0	0	0	0	0	0	0	0
2020-04-14	0	0	0	0	0	0	0	0
2020-04-15	0	0	0	0	0	0	0	0
2020-04-16	0	0	0	0	0	0	0	0
2020-04-17	0	0	0	0	0	0	0	0
2020-04-18	0	0	0	0	0	0	0	0
2020-04-19	0	0	0	0	0	0	0	0
2020-04-20	0	0	0	0	0	0	0	0
2020-04-21	0	0	0	0	0	0	0	0
2020-04-22	0	0	0	0	0	0	0	0
2020-04-23	0	0	0	0	0	0	0	0
2020-04-24	0	0	0	0	0	0	0	0
2020-04-25	0	0	0	0	0	0	0	0
2020-04-26	0	0	0	0	0	0	0	0
2020-04-27	0	0	0	0	0	0	0	0
2020-04-28	0	0	0	0	0	0	0	0
2020-04-29	0	0	0	0	0	0	0	0
2020-04-30	0	0	0	0	0	0	0	0
2020-05-01	0	0	0	0	0	0	0	0
2020-05-02	0	0	0	0	0	0	0	0
2020-05-03	0	0	0	0	0	0	0	0
2020-05-04	0	0	0	0	0	0	0	0
2020-05-05	0	0	0	0	0	0	0	0
2020-05-06	0	0	0	0	0	0	0	0
2020-05-07	0	0	0	0	0	0	0	0
2020-05-08	0	0	0	0	0	0	0	0
2020-05-09	0	0	0	0	0	0	0	0
2020-05-10	0	0	0	0	0	0	0	0
2020-05-11	0	0	0	0	0	0	0	0
2020-05-12	0	0	0	0	0	0	0	0
2020-05-13	0	0	0	0	0	0	0	0
2020-05-14	0	0	0	0	0	0	0	0
2020-05-15	0	0	0	0	0	0	0	0
2020-05-16	0	0	0	0	0	0	0	0
2020-05-17	0	0	0	0	0	0	0	0
2020-05-18	0	0	0	0	0	0	0	0
2020-05-19	0	0	0	0	0	0	0	0
2020-05-20	0	0	0	0	0	0	0	0
2020-05-21	0	0	0	0	0	0	0	0
2020-05-22	0	0	0	0	0	0	0	0
2020-05-23	0	0	0	0	0	0	0	0
2020-05-24	0	0	0	0	0	0	0	0
2020-05-25	0	0	0	0	0	0	0	0
2020-05-26	0	0	0	0	0	0	0	0
2020-05-27	0	0	0	0	0	0	0	0
2020-05-28	0	0	0	0	0	0	0	0
2020-05-29	0	0	0	0	0	0	0	0
2020-05-30	0	0	0	0	0	0	0	0
2020-05-31	0	0	0	0	0	0	0	0
2020-06-01	0	0	0	0	0	0	0	0
2020-06-02	0	0	0	0	0	0	0	0
2020-06-03	0	0	0	0	0	0	0	0
2020-06-04	0	0	0	0	0	0	0	0
2020-06-05	0	0	0	0	0	0	0	0
2020-06-06	0	0	0	0	0	0	0	0
2020-06-07	0	0	0	0	0	0	0	0
2020-06-08	0	0	0	0	0	0	0	0
2020-06-09	0	0	0	0	0	0	0	0
2020-06-10	0	0	0	0	0	0	0	0
2020-06-11	0	0	0	0	0	0	0	0
2020-06-12	0	0	0	0	0	0	0	0
2020-06-13	0	0	0	0	0	0	0	0
2020-06-14	0	0	0	0	0	0	0	0
2020-06-15	0	0	0	0	0	0	0	0
2020-06-16	0	0	0	0	0	0	0	0
2020-06-17	0	0	0	0	0	0	0	0
2020-06-18	0	0	0	0	0	0	0	0
2020-06-19	0	0	0	0	0	0	0	0
2020-06-20	0	0	0	0	0	0	0	0
2020-06-21	0	0	0	0	0	0	0	0
2020-06-22	0	0	0	0	0	0	0	0
2020-06-23	0	0	0	0	0	0	0	0
2020-06-24	0	0	0	0	0	0	0	0
2020-06-25	0	0	0	0	0	0	0	0
2020-06-26	0	0	0	0	0	0	0	0
2020-06-27	0	0	0	0	0	0	0	0
2020-06-28	0	0	0	0	0	0	0	0
2020-06-29	0	0	0	0	0	0	0	0
2020-06-30	0	0	0	0	0	0	0	0
2020-07-01	0	0	0	0	0	0	0	0
2020-07-02	0	0	0	0	0	0	0	0
2020-07-03	0	0	0	0	0	0	0	0
2020-07-04	0	0	0	0	0	0	0	0
2020-07-05	0	0	0	0	0	0	0	0
2020-07-06	0	0	0	0	0	0	0	0
2020-07-07	0	0	0	0	0	0	0	0
2020-07-08	0	0	0	0	0	0	0	0
2020-07-09	0	0	0	0	0	0	0	0
2020-07-10	0	0	0	0	0	0	0	0
2020-07-11	0	0	0	0	0	0	0	0
2020-07-12	0	0	0	0	0	0	0	0
2020-07-13	0	0	0	0	0	0	0	0
2020-07-14	0	0	0	0	0	0	0	0
2020-07-15	0	0	0	0	0	0	0	0
2020-07-16	0	0	0	0	0	0	0	0
2020-07-17	0	0	0	0	0	0	0	0
2020-07-18	0	0	0	0	0	0	0	0
2020-07-19	0	0	0	0	0	0	0	0
2020-07-20	0	0	0	0	0	0	0	0
2020-07-21	0	0	0	0	0	0	0	0
2020-07-22	0	0	0	0	0	0	0	0
2020-07-23	0	0	0	0	0	0	0	0
2020-07-24	0	0	0	0	0	0	0	0
2020-07-25	0	0	0	0	0	0	0	0
2020-07-26	0	0	0	0	0	0	0	0
2020-07-27	0	0	0	0	0	0	0	0
2020-07-28	0	0	0	0	0	0	0	0
2020-07-29	0	0	0	0	0	0	0	0
2020-07-30	0	0	0	0	0	0	0	0
2020-07-31	0	0	0	0	0	0	0	0
2020-08-01	0	0	0	0	0	0	0	0
2020-08-02	0	0	0	0	0	0	0	0
2020-08-03	0	0	0	0	0	0	0	0
2020-08-04	0	0	0	0	0	0	0	0
2020-08-05	0	0	0	0	0	0	0	0
2020-08-06	0	0	0	0	0	0	0	0
2020-08-07	0	0	0	0	0	0	0	0
2020-08-08	0	0	0	0	0	0	0	0
2020-08-09	0	0	0	0	0	0	0	0
2020-08-10	0	0	0	0	0	0	0	0
2020-08-11	0	0	0	0	0	0	0	0
2020-08-12	0	0	0	0	0	0	0	0
2020-08-13	0	0	0	0	0	0	0	0
2020-08-14	0	0	0	0	0	0	0	0
2020-08-15	0	0	0	0	0	0	0	0
2020-08-16	0	0	0	0	0	0	0	0
2020-08-17	0	0	0	0	0	0	0	0
2020-08-18	0	0	0	0	0	0	0	0
2020-08-19	0	0	0	0	0	0	0	0
2020-08-20	0	0	0	0	0	0	0	0
2020-08-21	0	0	0	0	0	0	0	0
2020-08-22	0	0	0	0	0	0	0	0
2020-08-23	0	0	0	0	0	0	0	0
2020-08-24	0	0	0	0	0	0	0	0
2020-08-25	0	0	0	0	0	0	0	0
2020-08-26	0	0	0	0	0	0	0	0
2020-08-27	0	0	0	0	0	0	0	0
2020-08-28	0	0	0	0	0	0	0	0
2020-08-29	0	0	0	0	0	0	0	0
2020-08-30	0	0	0	0	0	0	0	0
2020-08-31	0	0	0	0	0	0	0	0
2020-09-01	0	0	0	0	0	0	0	0
2020-09-02	0	0	0	0	0	0	0	0
2020-09-03	0	0	0	0	0	0	0	0
2020-09-04	0	0	0	0	0	0	0	0
2020-09-05	0	0	0	0	0	0	0	0
2020-09-06	0	0	0	0	0	0	0	0
2020-09-07	0	0	0	0	0	0	0	0
2020-09-08	0	0	0	0	0	0	0	0
2020-09-09	0	0	0	0	0	0	0	0
2020-09-10	0	0	0	0	0	0	0	0
2020-09-11	0	0	0	0	0	0	0	0
2020-09-12	0	0	0	0	0	0	0	0
2020-09-13	0	0	0	0	0	0	0	0
2020-09-14	0	0	0	0	0	0	0	0
2020-09-15	0	0	0	0	0	0	0	0
2020-09-16	0	0	0	0	0	0	0	0
2020-09-17	0	0	0	0	0	0	0	0
2020-09-18	0	0	0	0	0	0	0	0
2020-09-19	0	0	0	0	0	0	0	0
2020-09-20	0	0	0	0	0	0	0	0
2020-09-21	0	0	0	0	0	0	0	0
2020-09-22	0	0	0	0	0	0	0	0
2020-09-23	0	0	0	0	0	0	0	0
2020-09-24	0	0	0	0	0	0	0	0
2020-09-25	0	0	0	0	0	0	0	0
2020-09-26	0	0	0	0	0	0	0	0
2020-09-27	0	0	0	0	0	0	0	0
2020-09-28	0	0	0	0	0	0	0	0
2020-09-29	0	0	0	0	0	0	0	0
2020-09-30	0	0	0	0	0	0	0	0
2020-10-01	0	0	0	0	0	0	0	0
2020-10-02	0	0	0	0	0	0	0	0
2020-10-03	0	0	0	0	0	0	0	0
2020-10-04	0	0	0	0	0	0	0	0
2020-10-05	0	0	0	0	0	0	0	0
2020-10-06	0	0	0	0	0	0	0	0
2020-10-07	0	0	0	0	0	0	0	0
2020-10-08	0	0	0	0	0	0	0	0
2020-10-09	0	0	0	0	0	0	0	0
2020-10-10	0	0	0	0	0	0	0	0
2020-10-11	0	0	0	0	0	0	0	0
2020-10-12	0	0	0	0	0	0	0	0
2020-10-13	0	0	0	0	0	0	0	0
2020-10-14	0	0	0	0	0	0	0	0
2020-10-15	0	0	0	0	0	0	0	0
2020-10-16	0	0	0	0	0	0	0	0
2020-10-17	0	0	0	0	0	0	0	0
2020-10-18	0	0	0	0	0	0	0	0
2020-10-19	0	0	0	0	0	0	0	0
2020-10-20	0	0	0	0	0	0	0	0
2020-10-21	0	0	0	0	0	0	0	0
2020-10-22	0	0	0	0	0	0	0	0
2020-10-23	0	0	0	0	0	0	0	0
2020-10-24	0	0	0	0	0	0	0	0
2020-10-25	0	0	0	0	0	0	0	0
2020-10-26	0	0	0	0	0	0	0	0
2020-10-27	0	0	0	0	0	0	0	0
2020-10-28	0	0	0	0	0	0	0	0
2020-10-29	0	0	0	0	0	0	0	0
2020-10-30	0	0	0	0	0	0	0	0
2020-10-31	0	0	0	0	0	0	0	0
2020-11-01	0	0	0	0	0	0	0	0
2020-11-02	0	0	0	0	0	0	0	0
2020-11-03	0	0	0	0	0	0	0	0
2020-11-04	0	0	0	0	0	0	0	0
2020-11-05	0	0	0	0	0	0	0	0
2020-11-06	0	0	0	0	0	0	0	0
2020-11-07	0	0	0	0	0	0	0	0
2020-11-08	0	0	0	0	0	0	0	0
2020-11-09	0	0	0	0	0	0	0	0
2020-11-10	0	0	0	0	0	0	0	0
2020-11-11	0	0	0	0	0	0	0	0
2020-11-12	0	0	0	0	0	0	0	0
2020-11-13	0	0	0	0	0	0	0	0
2020-11-14	0	0	0	0	0	0	0	0
2020-11-15	0	0	0	0	0	0	0	0
2020-11-16	0	0	0	0	0	0	0	0
2020-11-17	0	0	0	0	0	0	0	0
2020-11-18	0	0	0	0	0	0	0	0
2020-11-19	0	0	0	0	0	0	0	0
2020-11-20	0	0	0	0	0	0	0	0
2020-11-21	0	0	0	0	0	0	0	0
2020-11-22	0	0	0	0	0	0	0	0
2020-11-23	0	0	0	0	0	0	0	0
2020-11-24	0	0	0	0	0	0	0	0
2020-11-25	0	0	0	0	0	0	0	0
2020-11-26	0	0	0	0	0	0	0	0
2020-11-27	0	0	0	0	0	0	0	0
2020-11-28	0	0	0	0	0	0	0	0
2020-11-29	0	0	0	0	0	0	0	0
2020-11-30	0	0	0	0	0	0	0	0
2020-12-01	0	0	0	0	0	0	0	0
2020-12-02	0	0	0	0	0	0	0	0
2020-12-03	0	0	0	0	0	0	0	0
2020-12-04	0	0	0	0	0	0	0	0
2020-12-05	0	0	0	0	0	0	0	0
2020-12-06	0	0	0	0	0	0	0	0
2020-12-07	0	0	0	0	0	0	0	0
2020-12-08	0	0	0	0	0	0	0	0
2020-12-09	0	0	0	0	0	0	0	0
2020-12-10	0	0	0	0	0	0	0	0
2020-12-11	0	0	0	0	0	0	0	0
2020-12-12	0	0	0	0	0	0	0	0
2020-12-13	0	0	0	0	0	0	0	0
2020-12-14	0	0	0	0	0	0	0	0
2020-12-15	0	0	0	0	0	0	0	0
2020-12-16	0	0	0	0	0	0	0	0
2020-12-17	0	0	0	0	0	0	0	0
2020-12-18	0	0	0	0	0	0	0	0
2020-12-19	0	0	0	0	0	0	0	0
2020-12-20	0	0	0	0	0	0	0	0
2020-12-21	0	0	0	0	0	0	0	0
2020-12-22	0	0	0	0	0	0	0	0
2020-12-23	0	0	0	0	0	0	0	0
2020-12-24	0	0	0	0	0	0	0	0
2020-12-25	0	0	0	0	0	0	0	0
2020-12-26	0	0	0	0	0	0	0	0
2020-12-27	0	0	0	0	0	0	0	0
2020-12-28	0	0	0	0	0	0	0	0
2020-12-29	0	0	0	0	0	0	0	0
2020-12-30	0	0	0	0	0	0	0	0
2020-12-31	0	0	0	0	0	0	0	0
2021-01-01	0	0	0	0	0	0	0	0
2021-01-02	0	0	0	0	0	0	0	0
2021-01-03	0	0	0	0	0	0	0	0
2021-01-04	0	0	0	0	0	0	0	0
2021-01-05	0	0	0	0	0	0	0	0
2021-01-06	0	0	0	0	0	0	0	0
2021-01-07	0	0	0	0	0	0	0	0
2021-01-08	0	0	0	0	0	0	0	0
2021-01-09	0	0	0	0	0	0	0	0
2021-01-10	0	0	0	0	0	0	0	0
2021-01-11	0	0	0	0	0	0	0	0
2021-01-12	0	0	0	0	0	0	0	0
2021-01-13	0	0	0	0	0	0	0	0
2021-01-14	0	0	0	0	0	0	0	0
2021-01-15	0	0	0	0	0	0	0	0
2021-01-16	0	0	0	0	0	0	0	0
2021-01-17	0	0	0	0	0	0	0	0
2021-01-18	0	0	0	0	0	0	0	0
2021-01-19	0	0	0	0.0011277136504155294	0.0018360112361499592	0.0014116462560391785	0.0020076966746951364	0.0021709526022686276
2021-01-20	0	0	0	0.005236982018177239	0.005375321680300971	0.005817511736744052	0.004314999633044492	0.007457102265834514
2021-01-21	0	0	0	0.0034995652357132645	0.0037085616485468265	0.005423089972229622	0.0015013138610149301	0.009622171406611146
2021-01-22	0	0	0	0.001514578028664948	0.001404380760314794	0.0019184656693378432	0.0024585135291956828	0.003622186100513236
2021-01-23	0	0	0	0.003577180470325958	0.003938900427212122	0.004570837540206929	0.004672903581065313	0.008909267999194448
2021-01-24	0	0	0	0.01270703384394456	0.0046650069475024925	0.006282606463701157	0.006827252997330113	0.008227720013255446
2021-01-25	0	0	0	0.0032242484290190276	0.007799422083646368	0.007657507834053279	0.004902430301289229	0.01037732785736889
2021-01-26	0	0	0	0.021152180984075786	0.014086712793151213	0.019952300734300987	0.01783312830468864	0.09939988754724505
2021-01-27	0	0	0	0.02123587298129581	0.01628479190681409	0.023511634048541064	0.024161960760733292	0.15869984850982033
2021-01-28	0	0	0	0.03666754051240084	0.024006284623369067	0.03697914662618085	0.03678933871237655	0.15273298067431473
2021-01-29	0	0	0	0.02784707869989811	0.019675709340575498	0.02954845496229086	0.042497237760552364	0.07394568352182418
2021-01-30	0	0	0	0.017749954874241247	0.011319107282037999	0.017044114644896968	0.020741146117791764	0.07851434361985166
2021-01-31	0	0	0	0.01319420670414484	0.010748105894596183	0.019714555234122466	0.029642111938326554	0.03706357984088693
2021-02-01	0	0	0	0.003972198558601203	0.004171308423973175	0.0049922158933894956	0.005993843359657136	0.008419908281856348
2021-02-02	0	0	0	0.0013194064107813208	0.0025797937465388276	0.002445940100187949	0.002313476772017431	0.0036879279260861875
2021-02-03	0	0	0	9.785215126558722e-4	0.0018921079348110936	0.0018212175578629086	0.0012017426351673688	0.0025752746909675217
2021-02-04	0	0	0	5.198180724577117e-4	9.872606020107089e-4	0.0011702160857394173	0.0015368854728732284	4.742511998778731e-4
2021-02-05	0	0	0	0	6.965314071654127e-4	7.48696492209211e-4	3.1934428178126417e-4	2.0668630241726937e-4
2021-02-06	0	0	0	5.110514967805457e-4	7.412490300324759e-4	7.695841782002777e-4	4.3415026451976146e-4	1.9758715731699183e-4
2021-02-07	0	0	0	4.487826826384822e-4	5.468714498624294e-4	4.2155258282772223e-4	4.2840313225744886e-4	1.8783638280672754e-4
2021-02-08	0	0	0	1.026509611372628e-4	2.1916237890695633e-4	3.507985566286731e-4	3.174250500097564e-4	8.922198434135886e-5
2021-02-09	0	0	0	1.8633251076916046e-4	3.146732138170627e-4	4.003651855861712e-4	2.2471910183297084e-4	8.529648529043143e-5
2021-02-10	0	0	0	8.455408294305577e-5	4.2303190352521725e-4	5.262495017550606e-4	2.7799013269302897e-4	5.895163586400187e-5
2021-02-11	0	0	0	7.643068694873634e-5	3.6493267633863624e-4	7.129148887332626e-4	4.962163579662615e-4	9.506230547295935e-5
2021-02-12	0	0	0	1.3946515131491033e-4	3.0223274612484197e-4	3.343131917072917e-4	1.5940700619099246e-4	3.884108787177709e-5
2021-02-13	0	0	0	0	4.459544360422285e-4	4.593071588823161e-4	3.806949586815378e-5	4.364014956625972e-5
2021-02-14	0	0	0	1.7565174148659324e-4	2.1915166456687452e-4	2.8546436020926436e-4	8.392958311675969e-5	1.6821117230891858e-5
2021-02-15	0	0	0	5.5695568035973864e-5	1.4683132771042828e-4	2.0146683403376997e-4	1.2633161417197059e-5	2.427526532611246e-5
2021-02-16	0	0	0	1.0667520075857695e-4	7.061630381333117e-5	1.640254838715105e-4	2.367410230852407e-5	1.3111461187209628e-5
2021-02-17	0	0	0	5.109405138337131e-5	1.8450139750503247e-4	2.2219952510704744e-4	2.223939597878477e-5	2.7976634424886626e-5
2021-02-18	0	0	0	9.79120261033195e-5	3.1844598561847626e-4	3.386111783230117e-4	5.224837834982843e-5	1.0948732567994668e-4
2021-02-19	0	0	0	1.4048725680848584e-4	4.238616094369707e-4	4.896689844933189e-4	1.6587950725455158e-4	4.7969798222080584e-5
2021-02-20	0	0	0	5.400540152462607e-4	7.653771502098561e-4	6.62854744123198e-4	1.161482904918909e-4	3.1835800041513096e-5
2021-02-21	0	0	0	3.90815831772251e-4	5.555766108431559e-4	6.167147991897881e-4	1.7762193863313236e-4	4.141831572868071e-5
2021-02-22	0	0	0	1.2607028430866585e-4	4.5179640987580427e-4	7.053637250973299e-4	1.0222996637598847e-4	2.1297916318996357e-5
2021-02-23	0	0	0	2.8492057983453556e-4	7.534255077452645e-4	7.820137151350881e-4	8.791063887803041e-5	3.137719202572775e-5
2021-02-24	0	0	0	2.3646718115233334e-4	7.883004042847919e-4	7.522581839105591e-4	1.1975450337553539e-4	2.4768824307352943e-5
2021-02-25	0	0	0	3.4406629265104627e-4	7.35719389672429e-4	9.250768069359872e-4	9.400189575670126e-5	4.688765362081959e-5
2021-02-26	0	0	0	7.036972097718142e-4	9.79311190647758e-4	0.0011440266858704362	1.8096290398039727e-4	2.415911191189224e-5
2021-02-27	0	0	0	2.1625907900801877e-4	3.583933969704134e-4	3.082399152298798e-4	5.4621079923711235e-5	1.3944938410892505e-5
2021-02-28	0	0	0	1.0441955785434054e-4	1.4553342350276388e-4	1.2001394018867906e-4	6.34363804463689e-6	7.88447664823444e-6
2021-03-01	0	0	0	3.7678652808725843e-4	5.868364524461711e-4	4.530920788337056e-4	3.595774964715304e-5	9.818808615280616e-6
2021-03-02	0	0	0	4.3536868707949594e-4	7.367099454635984e-4	5.898538710735757e-4	4.5825051416148455e-5	1.3692085534700027e-5
2021-03-03	0	0	0	5.230980571375721e-4	0.0011609013375823984	9.687576252555008e-4	9.17095881507457e-5	3.698345428704286e-5
2021-03-04	0	0	0	6.708461635034357e-4	0.001042266550013382	9.606387145006945e-4	8.15515176566528e-5	3.874707459949889e-5
2021-03-05	0	0	0	4.978375259925283e-4	8.560189219817271e-4	0.0010396632193936384	1.23151542826605e-4	3.6611526178731424e-5
2021-03-06	0	0	0	6.94732888621763e-4	7.037071816982099e-4	6.409669608800073e-4	7.22608617342857e-5	4.025002935303945e-5
2021-03-07	0	0	0	2.9249601630598754e-4	3.81233771244327e-4	1.7886753161167057e-4	2.25482725211279e-5	1.1442924124915876e-5
2021-03-08	0	0	0	3.450655650250045e-4	7.576747879571855e-4	6.23961200496348e-4	2.992929204914674e-5	4.9479937320295875e-5
2021-03-09	0	0	0	4.531037665758131e-4	6.724442959848975e-4	5.499580584695796e-4	4.102485960411073e-5	8.926023684052709e-5
2021-03-10	0	0	0	4.969698719718973e-4	7.806688592759681e-4	9.103697798922283e-4	1.102637490701941e-4	1.2509536164317936e-4
2021-03-11	0	0	0	5.865024585929302e-4	7.716609193355595e-4	7.089845269059314e-4	9.225441188576156e-5	1.3242539971525247e-4
2021-03-12	0	0	0	4.6312377603641153e-4	8.424410499474622e-4	7.553058306413174e-4	8.819298429108002e-5	1.8701113276597958e-4
2021-03-13	0	0	0	6.773495756997594e-4	8.882370998195555e-4	4.589479518306572e-4	5.287997568448333e-5	2.4522448979369393e-4
2021-03-14	0	0	0	4.873175677222452e-4	5.879788605445135e-4	3.127148680954761e-4	2.4257945127725833e-5	1.413410915651614e-4
2021-03-15	0	0	0	5.791785439268615e-4	0.001033519899677593	7.559350719017477e-4	6.188501765214127e-5	5.370268313442672e-4
2021-03-16	0	0	0	0.001046871354142942	0.0011802401420586417	0.001025277800431823	1.2076632195490156e-4	0.0016639400470275234
2021-03-17	0	0	0	0.001088889355733924	0.0016150421326381892	0.001094458768608586	1.2454086088320437e-4	0.001960574089837408
2021-03-18	0	0	0	0.0015402561565005524	0.0021276822716094212	0.001396617433390368	1.5784211576219676e-4	0.0022431609771864647
2021-03-19	0	0	0	0.001629258314874038	0.002267293262744996	0.0015855556225772283	1.7704801970408468e-4	0.0017991871430735884
2021-03-20	0	0	0	9.082652602823149e-4	0.0010588502437278713	8.196867534184804e-4	1.423998914387159e-4	0.0020816122074589494
2021-03-21	0	0	0	3.7755908390857407e-4	3.5750645697762984e-4	2.951588145250206e-4	4.6543148112698773e-05	0.0015091415834327382
2021-03-22	0	0	0	4.1208185167795897e-4	6.517512952546323e-4	4.111427336848106e-4	4.630629458857172e-5	0.0017611188222026453
2021-03-23	0	0	0	9.752577698391995e-4	0.0018784472439772326	0.0011908574667092164	1.6255847948598579e-4	0.003057537323149173
2021-03-24	0	0	0	0.0019689413994214977	0.0025837009487870155	0.0019214495134838305	4.1342683581824247e-4	0.005062295079324208
2021-03-25	0	0	0	0.0020104510576892665	0.0026773617883935064	0.002133277100417219	2.886394234629108e-4	0.005759037909462306
2021-03-26	0	0	0	0.0016590629151422842	0.002304219684662989	0.001451903363447249	2.512688891227466e-4	0.0028233244357385168
2021-03-27	0	0	0	0.001660544069744363	0.00213410309205897	0.0012121858608089564	1.7938193518385326e-4	0.0020511455620180197
2021-03-28	0	0	0	9.00807307587792e-4	0.0015043198472990404	6.896438056649412e-4	1.1601500993152492e-4	8.583732683000722e-4
2021-03-29	0	0	0	0.0017903257160192254	0.002783802146635095	0.0014518135008492195	2.0207566218632955e-4	0.0013541569398314302
2021-03-30	0	0	0	0.0027233384646099257	0.0034520823470116646	0.0018569188152681715	3.2228818561508277e-4	0.006910804644127744
2021-03-31	0	0	0	0.002585430823482726	0.003957152621389737	0.0022780884925597267	4.470059643599811e-4	0.006679424194873107
2021-04-01	0	0	0	0.0027233082319901847	0.004065702345272815	0.0022927912410879436	4.090378676013806e-4	0.0027331050932977163
2021-04-02	0	0	0	0.003446576482530439	0.004456078122157425	0.002395597364003521	3.854850104376695e-4	0.001681800391310162
2021-04-03	0	0	0	0.0023872015309474026	0.0031280560082658226	0.0015479778373015396	2.8505505562570477e-4	6.858112711911613e-4
2021-04-04	0	0	0	0.0017446612730560584	0.002431201846113673	0.001007185797520238	1.9111984228858958e-4	2.8417233725752666e-4
2021-04-05	0	0	0	0.0032284121128054455	0.004452956395863961	0.0022115560532600664	3.7710536278745543e-4	7.409883431050979e-4
2021-04-06	0	0	0	0.0035553668321706144	0.005457665064576123	0.00262488794789717	6.07518363549886e-4	0.0015378189962280686
2021-04-07	0	0	0	0.005250611166069286	0.007372882570289008	0.00362265700602582	9.153577286060699e-4	0.005110372563759347
2021-04-08	0	0	0	0.005629446792251747	0.007129843579923856	0.0035366725063983306	9.3535813534662e-4	0.006529744232718793
2021-04-09	0	0	0	0.005643797008575646	0.006793781289573975	0.0031144963119649205	0.0010077130933081602	0.008177878499308955
2021-04-10	0	0	0	0.00493768921214266	0.0047661800944993615	0.0022372190224331234	9.456912955163599e-4	0.006787979967343594
2021-04-11	0	0	0	0.004266551763250526	0.005200839519483358	0.0021914124044468686	7.193335027879666e-4	0.0032074032630498017
2021-04-12	0	0	0	0.0054026072716713	0.0072485468403269415	0.0027309266851309744	7.441941320101009e-4	0.004000252630621093
2021-04-13	0	0	0	0.007326157347118167	0.009688181374212235	0.0037242921340556734	0.0018740121933531473	0.012047971723693651
2021-04-14	0	0	0	0.007655790281037467	0.009842387957446075	0.004346667816262695	0.0022000809223883255	0.016998726990000712
2021-04-15	0	0	0	0.008236615339654918	0.009848705115992562	0.004357633270258177	0.00313661411744226	0.01679523687026463
2021-04-16	0	0	0	0.010116174739142947	0.010670714626055178	0.004499873895399409	0.0034411598481474126	0.015433628494791352
2021-04-17	0	0	0	0.009743491762015388	0.009513910885002863	0.0043589007880224795	0.006866407522688078	0.02228960553269954
2021-04-18	0	0	0	0.005456725188343947	0.0056758289627341085	0.0024714831469059284	0.001783284302571575	0.009580449686300563
2021-04-19	0	0	0	0.007791459047388205	0.008690018127457844	0.0032301518631445703	0.002219386064663098	0.009754043310888028
2021-04-20	0	0	0.038838648618159555	0.008879218346589335	0.009684096418670185	0.004509081931580061	0.0037477991414074374	0.033919717677715955
2021-04-21	0	0	0	0.008997691879975678	0.009986526230476356	0.004483748949354105	0.007205442264696993	0.047722406699644226
2021-04-22	0	0	0	0.011547975152621293	0.012665320109082945	0.00615365301236892	0.009717775614885182	0.06751386053865716
2021-04-23	0	0	0	0.010380640294739507	0.009840158098094243	0.004860625743368541	0.006257373894941409	0.05539655395208176
2021-04-24	0	0.36700683814454793	0	0.00912720946688661	0.00897557330859211	0.004192446813036987	0.005349261459469901	0.042752381291061736
2021-04-25	0	0	0	0.004991455362884256	0.004917568015238016	0.0019305365825317278	7.832526934821171e-4	0.002789809202447646
2021-04-26	0	0	0	0.006052780336341268	0.005822970533867711	0.0021362935257467353	9.688527413422854e-4	0.003727949773527861
2021-04-27	0	0	0	0.00890152101718722	0.009371237876580452	0.003947372782873826	0.004658067635790131	0.024039349018059042
2021-04-28	0	0	0	0.012065470311302562	0.011844559531557941	0.005613918049203193	0.015847113590294226	0.10410092429616236
2021-04-29	0	0	0	0.01393641145737945	0.013610167533932627	0.006651955504251017	0.021639027976775305	0.12174975706647251
2021-04-30	0	0	0	0.015116005894140638	0.01407790307065837	0.0072372339686446185	0.02653327803748673	0.13394504618865088
2021-05-01	0	0	0	0.014996881117659067	0.013517243628693887	0.00729318474284768	0.03090025237677807	0.14218864711126633
2021-05-02	0	0	0	0.009726198405973108	0.00791484903510864	0.004021064903035665	0.01373886814822245	0.05556691816093173
2021-05-03	0	0	0	0.009710665823765119	0.00819702019879176	0.0038169456245180644	0.008090628896624263	0.046971680780327985
2021-05-04	0	0	0	0.011054211649674572	0.009505419780393654	0.004508907442082988	0.014957430677422945	0.06116145699909725
2021-05-05	0	0	0	0.00963129468637769	0.009697829484639708	0.005198107174328337	0.02151265623205978	0.06407541634690372
2021-05-06	0	0	0	0.011171098138764934	0.010987032588764434	0.006494899812495403	0.03272585227892688	0.10050590326137687
2021-05-07	0	0	0	0.011176245024849818	0.010958392071779288	0.005990422595363087	0.04228045457726215	0.15110291470779846
2021-05-08	0	0	0	0.010893714005813626	0.010691912089095368	0.007490015188842625	0.05661697220531581	0.15483751240519106
2021-05-09	0	0	0	0.005507482236249306	0.005127061857402415	0.0030287722458051114	0.021746070347175017	0.0760116087568754
2021-05-10	0	0	0	0.006102349852840527	0.00608335754357503	0.003183832969327449	0.018957182647185933	0.0744753188560856
2021-05-11	0	0	0	0.007016779738371337	0.006337256311832018	0.0038205251995049316	0.029793814376017025	0.0816331540596471
2021-05-12	0	0	0	0.007643826934816245	0.007937472115152833	0.005464575944212013	0.04055358316885194	0.09717361857534335
2021-05-13	0	0	0	0.009423323505960646	0.009305404804705208	0.006612506062231516	0.04460630771997098	0.09350470030092262
2021-05-14	0	0	0.03149803149704722	0.008830858397801622	0.010115610364909156	0.006977018888191466	0.05062162139307924	0.09894882121931636
2021-05-15	0	0	0	0.014593764068655979	0.012431952928259493	0.009528653379249796	0.1034550899759894	0.13113212030642907
2021-05-16	0	0	0	0.0069744692720210555	0.005989677526055948	0.005237889477732072	0.04239914870270889	0.07291907170093337
2021-05-17	0	0	0	0.00834512627008377	0.008169974459678597	0.005412528626968616	0.050572871256774565	0.08269094545622524
2021-05-18	0	0	0	0.009713923794157697	0.008713114927951793	0.006895909151839241	0.06366871309161848	0.07497582893249222
2021-05-19	0	0	0	0.012873276099109932	0.01184841930812719	0.0103709269463641	0.09398636950621597	0.09878375398300232
2021-05-20	0	0	0.03252249264814111	0.012452259501360974	0.011375482185754349	0.011106959552910078	0.09390667099311178	0.09642670114240715
2021-05-21	0	0	0	0.011614262812412957	0.009998631949700965	0.009495994721214096	0.08144096193429728	0.10210949896286192
2021-05-22	0	0	0	0.012615261088862795	0.011606021948032064	0.009434891241815624	0.0975782206568292	0.08273268120411292
2021-05-23	0	0	0	0.005652502118268954	0.004795137357135104	0.002987948388853079	0.03717693034804115	0.03293116330799606
2021-05-24	0	0	0	0.003705809943804983	0.0028863452973000303	0.0015604214537630057	0.024593594790842443	0.0189476646223512
2021-05-25	0	0	0	0.0077300631093788486	0.007499196106483641	0.005803425278664287	0.05577323301755488	0.05231192394174733
2021-05-26	0	0	0	0.01579819125197579	0.01462365958766254	0.015487316588679967	0.0840809045416282	0.06977803670369398
2021-05-27	0	0	0	0.020380208988784565	0.01714918879841343	0.01932062239392418	0.09420264383038379	0.08674056632100724
2021-05-28	0	0	0.15773525411264688	0.024045642858541605	0.01863234753409082	0.019516500545764037	0.10479742022769822	0.08298117152343965
2021-05-29	0	0	0	0.021748387033211358	0.017063060515858153	0.01632091862996754	0.11297102180435714	0.07058000331036185
2021-05-30	0	0	0	0.00654719420097627	0.005055782782796614	0.004130582314109343	0.04911530197541536	0.02125536166030839
2021-05-31	0	0	0	0.009892834440186737	0.007503978275947176	0.007736847990095441	0.0721484215960615	0.049753321546563534
2021-06-01	0	0	0	0.021174420356154577	0.013732766940708796	0.01632307327967375	0.0845040732270339	0.06762513043145257
2021-06-02	0	0	0.07275177668113697	0.029521480129279132	0.018008039746368665	0.024117578279761798	0.09888314071342164	0.06838918724547227
2021-06-03	0	0	0.038838648618159555	0.034980082352275677	0.01956721359407254	0.02451724821106227	0.12124375285684019	0.08325960307412594
2021-06-04	0	0	0	0.02599294371209937	0.015888732543395623	0.01776227566494426	0.10319675995812316	0.06056519401012306
2021-06-05	0	0	0	0.028690615463885294	0.017866819064448647	0.0231069966803934	0.10759414077359586	0.05669096266882678
2021-06-06	0	0	0.037386474149367244	0.009695862142888423	0.006527746205879259	0.009506974566107385	0.055278150502384715	0.013588792320258003
2021-06-07	0	0	0.038838648618159555	0.010223285520731373	0.007479549908597116	0.015386271179639754	0.0854647219340281	0.03055053431672583
2021-06-08	0	0	0.040408205773457606	0.016280208439591215	0.011688151599084984	0.021714199302709014	0.09333476442201438	0.045128354025519846
2021-06-09	0	0	0	0.022709976803700238	0.014618607912764148	0.027650988182842617	0.0963468891583319	0.05414437250240911
2021-06-10	0	0	0	0.02526048388042801	0.016359527667686447	0.03174817132821084	0.09051817613100788	0.04923612566280022
2021-06-11	0	0	0	0.02042360956591316	0.013156924628950906	0.03199158364580357	0.0810533778501441	0.041297295710750914
2021-06-12	0	0	0	0.03773028181005822	0.023189506623866984	0.05722134143306978	0.09145211896882866	0.044165815739524605
2021-06-13	0	0	0	0.014744708938601025	0.0099994936629475	0.027439821079668247	0.03891572307784097	0.01342633283060124
2021-06-14	0	0	0	0.012145695931582212	0.007596142346188994	0.03027514407236276	0.04745513643314303	0.02420387117837186
2021-06-15	0	0	0	0.018092987074441735	0.010521644671669383	0.03234293661678511	0.048072147131860365	0.031264951277325315
2021-06-16	0	0	0	0.021491679796465712	0.012341725315144103	0.042399412141136184	0.057939135625374893	0.04430180671347972
2021-06-17	0	0	0.038838648618159555	0.022677443711953682	0.011936274358748333	0.04040659560245685	0.05633523887284775	0.03583379314495283
2021-06-18	0	0.8452994616207483	0.2564404225837307	0	0	0	0	0.13258834817486953
2021-06-19	0	0	0	0	0	0	0.04125859126712084	0.0732948930011561
2021-06-20	0	0	0	0	0	0	0.09683070908656921	0.04303417190644088
2021-06-21	0	0	0	0	0	0	0.0264649723794792	0.009593089290474754
2021-06-22	0	0	0	0	0	0	0.042355178649845504	0.024830818467909355
2021-06-23	0	0	0	0	0	0	0.039821816022098444	0.034437624517395626
2021-06-24	0	0	0	0	0	0	0.048120586271892085	0.037112521655098485
2021-06-25	0	0	0.046055802831939774	0	0	0	0.02432775321203562	0.025390527520102513
2021-06-26	2	0	0	0.0024418953620470862	0	0	0.07657384654423094	0.053488360418769476
2021-06-27	0	0	0	0.02629135029415197	0	0	0.10046095888270612	0.03725254483756135
2021-06-28	0	0	0	0.015546866999731401	0.004531165411718385	0	0.060055018747878997	0.014607508421740745
2021-06-29	0	0	0	0.010346095183885629	0.00572520316330194	0	0.0765177734569944	0.030708742318481752
2021-06-30	0	0	0	0.007110791695348784	0.00492952037085459	0.03409564686196709	0.06060820625833463	0.03796150301966361
2021-07-01	0	0	0	0.006752476313330202	0.005446467992733517	0.05742490206814743	0.052418861983761555	0.030893785823406628
2021-07-02	0	0	0	0.010545979435288677	0.008411884790310076	0.07730031777234458	0.07205144598316648	0.037979460622064476
2021-07-03	0	0	0	0.00852019756783351	0.0074651741827667095	0.08657418074877032	0.05890757225649579	0.047270767617874965
2021-07-04	0	0	0	0.010668806833450173	0.008235814999449698	0.09389323530893567	0.0627881660896874	0.029681313748391114
2021-07-05	0	0	0	0.011582420222956857	0.00821430475387297	0.10138830688283651	0.06323155268704572	0.02517033437017613
2021-07-06	0	0	0	0.0073254377345242094	0.005804087651865686	0.06426249573541787	0.05584249564694055	0.028295395446100935
2021-07-07	0	0	0.043479086324756944	0.005916188322085292	0.0057315228786720684	0.06339961776077851	0.05386817756992923	0.03758989882503583
2021-07-08	0	0	0.04501340590273184	0.006349537153137463	0.005559761586283463	0.06677076414737226	0.05432782868613928	0.036983159903151375
2021-07-09	0	0	0	0.005982898204178966	0.006338911921291768	0.07079599984275364	0.06813577941400828	0.05001794744602317
2021-07-10	0	0	0.08501441413245958	0.006358411949290321	0.007322260988024576	0.06804733989512712	0.05527372897418559	0.05360394264384638
2021-07-11	0	0	0.006393463383753906	0.008617012983712868	0.010559474971115757	0.08163800641002372	0.064007538086293	0.044716498354620215
2021-07-12	0	0	0.002751166791088444	0.008683619296756095	0.010704658269641065	0.09058574598241598	0.062320380600898284	0.03877718162074606
2021-07-13	0	0	7.45733443387353e-4	0.007634769356262172	0.00930888719997558	0.08371492099307543	0.06568177243298967	0.04612505452298743
2021-07-14	0	0	0	0.005715567724366766	0.006773614540958484	0.05794268254729906	0.05736634865044499	0.05218585765726402
2021-07-15	0	0	0	0.005363339187747451	0.006338805336521203	0.056981545708171266	0.06471405898665572	0.05107530280994488
2021-07-16	0	0	0	0.0036518117029997743	0.004084447894844079	0.025468983652698896	0.039904260337782604	0.03824157934709005
2021-07-17	0	0	0	0.0024888759202372768	0.003275711286289784	0.01869268131211932	0.023071575486458107	0.028375745756101356
2021-07-18	0	0	0	0.0024145523927645574	0.002892452420464764	0.017796810377819217	0.022797406656959396	0.01995659581755982
2021-07-19	0	0	0	7.273077632510283e-4	0.0012429884709064254	0.007122961772050962	0.009340510809255242	0.0069000713035349825
2021-07-20	0	0	0	4.7660962934648055e-4	6.731934715324961e-4	0.0028589286039786277	0.007119695928901271	0.004493010882985926
2021-07-21	0	0	0	7.659768183423399e-4	0.0015518307967867795	0.007294961478068185	0.020951850270598316	0.022254968446117962
2021-07-22	0	0	0	8.069619207904388e-4	0.0011339766268605445	0.005746869291883394	0.02009666887445727	0.03552079637069272
2021-07-23	0	0	0	7.017209693025439e-4	0.0017769582343731827	0.008073579048805124	0.029618168119437183	0.03948622843919236
2021-07-24	0	0	0.19904405773966327	0.0011238510656816914	0.0021524376530044353	0.011387715345233529	0.03926426326882182	0.05593591366173456
2021-07-25	0	0	0.11914411635224131	0.0010892821607824121	0.0031426534107912296	0.0175018303813832	0.03894934758537105	0.04011522650976951
2021-07-26	0	0	0	7.715308197140391e-4	0.001648987207697905	0.009781775858068498	0.016703805157309626	0.020030549877590564
2021-07-27	0	0	0	1.8489194539306197e-4	9.406293962548329e-4	0.0049736154493629225	0.020754452998976047	0.02970715649390665
