2020-02-17	0	0	0	0	0	0	0	0
2020-02-18	0	0	0	0	0	0	0	0
2020-02-19	0	0	0	0	0	0	0	0
2020-02-20	0	0	0	0	0	0	0	0
2020-02-21	0	0	0	0	0	0	0	0
2020-02-22	0	0	0	0	0	0	0	0
2020-02-23	0	0	0	0	0	0	0	0
2020-02-24	0	0	0	0	0	0	0	0
2020-02-25	0	0	0	0	0	0	0	0
2020-02-26	0	0	0	0	0	0	0	0
2020-02-27	0	0	0	0	0	0	0	0
2020-02-28	0	0	0	0	0	0	0	0
2020-02-29	0	0	0	0	0	0	0	0
2020-03-01	0	0	0	0	0	0	0	0
2020-03-02	0	0	0	0	0	0	0	0
2020-03-03	0	0	0	0	0	0	0	0
2020-03-04	0	0	0	0	0	0	0	0
2020-03-05	0	0	0	0	0	0	0	0
2020-03-06	0	0	0	0	0	0	0	0
2020-03-07	0	0	0	0	0	0	0	0
2020-03-08	0	0	0	0	0	0	0	0
2020-03-09	0	0	0	0	0	0	0	0
2020-03-10	0	0	0	0	0	0	0	0
2020-03-11	0	0	0	0	0	0	0	0
2020-03-12	0	0	0	0	0	0	0	0
2020-03-13	0	0	0	0	0	0	0	0
2020-03-14	0	0	0	0	0	0	0	0
2020-03-15	0	0	0	0	0	0	0	0
2020-03-16	0	0	0	0	0	0	0	0
2020-03-17	0	0	0	0	0	0	0	0
2020-03-18	0	0	0	0	0	0	0	0
2020-03-19	0	0	0	0	0	0	0	0
2020-03-20	0	0	0	0	0	0	0	0
2020-03-21	0	0	0	0	0	0	0	0
2020-03-22	0	0	0	0	0	0	0	0
2020-03-23	0	0	0	0	0	0	0	0
2020-03-24	0	0	0	0	0	0	0	0
2020-03-25	0	0	0	0	0	0	0	0
2020-03-26	0	0	0	0	0	0	0	0
2020-03-27	0	0	0	0	0	0	0	0
2020-03-28	0	0	0	0	0	0	0	0
2020-03-29	0	0	0	0	0	0	0	0
2020-03-30	0	0	0	0	0	0	0	0
2020-03-31	0	0	0	0	0	0	0	0
2020-04-01	0	0	0	0	0	0	0	0
2020-04-02	0	0	0	0	0	0	0	0
2020-04-03	0	0	0	0	0	0	0	0
2020-04-04	0	0	0	0	0	0	0	0
2020-04-05	0	0	0	0	0	0	0	0
2020-04-06	0	0	0	0	0	0	0	0
2020-04-07	0	0	0	0	0	0	0	0
2020-04-08	0	0	0	0	0	0	0	0
2020-04-09	0	0	0	0	0	0	0	0
2020-04-10	0	0	0	0	0	0	0	0
2020-04-11	0	0	0	0	0	0	0	0
2020-04-12	0	0	0	0	0	0	0	0
2020-04-13	0	0	0	0	0	0	0	0
2020-04-14	0	0	0	0	0	0	0	0
2020-04-15	0	0	0	0	0	0	0	0
2020-04-16	0	0	0	0	0	0	0	0
2020-04-17	0	0	0	0	0	0	0	0
2020-04-18	0	0	0	0	0	0	0	0
2020-04-19	0	0	0	0	0	0	0	0
2020-04-20	0	0	0	0	0	0	0	0
2020-04-21	0	0	0	0	0	0	0	0
2020-04-22	0	0	0	0	0	0	0	0
2020-04-23	0	0	0	0	0	0	0	0
2020-04-24	0	0	0	0	0	0	0	0
2020-04-25	0	0	0	0	0	0	0	0
2020-04-26	0	0	0	0	0	0	0	0
2020-04-27	0	0	0	0	0	0	0	0
2020-04-28	0	0	0	0	0	0	0	0
2020-04-29	0	0	0	0	0	0	0	0
2020-04-30	0	0	0	0	0	0	0	0
2020-05-01	0	0	0	0	0	0	0	0
2020-05-02	0	0	0	0	0	0	0	0
2020-05-03	0	0	0	0	0	0	0	0
2020-05-04	0	0	0	0	0	0	0	0
2020-05-05	0	0	0	0	0	0	0	0
2020-05-06	0	0	0	0	0	0	0	0
2020-05-07	0	0	0	0	0	0	0	0
2020-05-08	0	0	0	0	0	0	0	0
2020-05-09	0	0	0	0	0	0	0	0
2020-05-10	0	0	0	0	0	0	0	0
2020-05-11	0	0	0	0	0	0	0	0
2020-05-12	0	0	0	0	0	0	0	0
2020-05-13	0	0	0	0	0	0	0	0
2020-05-14	0	0	0	0	0	0	0	0
2020-05-15	0	0	0	0	0	0	0	0
2020-05-16	0	0	0	0	0	0	0	0
2020-05-17	0	0	0	0	0	0	0	0
2020-05-18	0	0	0	0	0	0	0	0
2020-05-19	0	0	0	0	0	0	0	0
2020-05-20	0	0	0	0	0	0	0	0
2020-05-21	0	0	0	0	0	0	0	0
2020-05-22	0	0	0	0	0	0	0	0
2020-05-23	0	0	0	0	0	0	0	0
2020-05-24	0	0	0	0	0	0	0	0
2020-05-25	0	0	0	0	0	0	0	0
2020-05-26	0	0	0	0	0	0	0	0
2020-05-27	0	0	0	0	0	0	0	0
2020-05-28	0	0	0	0	0	0	0	0
2020-05-29	0	0	0	0	0	0	0	0
2020-05-30	0	0	0	0	0	0	0	0
2020-05-31	0	0	0	0	0	0	0	0
2020-06-01	0	0	0	0	0	0	0	0
2020-06-02	0	0	0	0	0	0	0	0
2020-06-03	0	0	0	0	0	0	0	0
2020-06-04	0	0	0	0	0	0	0	0
2020-06-05	0	0	0	0	0	0	0	0
2020-06-06	0	0	0	0	0	0	0	0
2020-06-07	0	0	0	0	0	0	0	0
2020-06-08	0	0	0	0	0	0	0	0
2020-06-09	0	0	0	0	0	0	0	0
2020-06-10	0	0	0	0	0	0	0	0
2020-06-11	0	0	0	0	0	0	0	0
2020-06-12	0	0	0	0	0	0	0	0
2020-06-13	0	0	0	0	0	0	0	0
2020-06-14	0	0	0	0	0	0	0	0
2020-06-15	0	0	0	0	0	0	0	0
2020-06-16	0	0	0	0	0	0	0	0
2020-06-17	0	0	0	0	0	0	0	0
2020-06-18	0	0	0	0	0	0	0	0
2020-06-19	0	0	0	0	0	0	0	0
2020-06-20	0	0	0	0	0	0	0	0
2020-06-21	0	0	0	0	0	0	0	0
2020-06-22	0	0	0	0	0	0	0	0
2020-06-23	0	0	0	0	0	0	0	0
2020-06-24	0	0	0	0	0	0	0	0
2020-06-25	0	0	0	0	0	0	0	0
2020-06-26	0	0	0	0	0	0	0	0
2020-06-27	0	0	0	0	0	0	0	0
2020-06-28	0	0	0	0	0	0	0	0
2020-06-29	0	0	0	0	0	0	0	0
2020-06-30	0	0	0	0	0	0	0	0
2020-07-01	0	0	0	0	0	0	0	0
2020-07-02	0	0	0	0	0	0	0	0
2020-07-03	0	0	0	0	0	0	0	0
2020-07-04	0	0	0	0	0	0	0	0
2020-07-05	0	0	0	0	0	0	0	0
2020-07-06	0	0	0	0	0	0	0	0
2020-07-07	0	0	0	0	0	0	0	0
2020-07-08	0	0	0	0	0	0	0	0
2020-07-09	0	0	0	0	0	0	0	0
2020-07-10	0	0	0	0	0	0	0	0
2020-07-11	0	0	0	0	0	0	0	0
2020-07-12	0	0	0	0	0	0	0	0
2020-07-13	0	0	0	0	0	0	0	0
2020-07-14	0	0	0	0	0	0	0	0
2020-07-15	0	0	0	0	0	0	0	0
2020-07-16	0	0	0	0	0	0	0	0
2020-07-17	0	0	0	0	0	0	0	0
2020-07-18	0	0	0	0	0	0	0	0
2020-07-19	0	0	0	0	0	0	0	0
2020-07-20	0	0	0	0	0	0	0	0
2020-07-21	0	0	0	0	0	0	0	0
2020-07-22	0	0	0	0	0	0	0	0
2020-07-23	0	0	0	0	0	0	0	0
2020-07-24	0	0	0	0	0	0	0	0
2020-07-25	0	0	0	0	0	0	0	0
2020-07-26	0	0	0	0	0	0	0	0
2020-07-27	0	0	0	0	0	0	0	0
2020-07-28	0	0	0	0	0	0	0	0
2020-07-29	0	0	0	0	0	0	0	0
2020-07-30	0	0	0	0	0	0	0	0
2020-07-31	0	0	0	0	0	0	0	0
2020-08-01	0	0	0	0	0	0	0	0
2020-08-02	0	0	0	0	0	0	0	0
2020-08-03	0	0	0	0	0	0	0	0
2020-08-04	0	0	0	0	0	0	0	0
2020-08-05	0	0	0	0	0	0	0	0
2020-08-06	0	0	0	0	0	0	0	0
2020-08-07	0	0	0	0	0	0	0	0
2020-08-08	0	0	0	0	0	0	0	0
2020-08-09	0	0	0	0	0	0	0	0
2020-08-10	0	0	0	0	0	0	0	0
2020-08-11	0	0	0	0	0	0	0	0
2020-08-12	0	0	0	0	0	0	0	0
2020-08-13	0	0	0	0	0	0	0	0
2020-08-14	0	0	0	0	0	0	0	0
2020-08-15	0	0	0	0	0	0	0	0
2020-08-16	0	0	0	0	0	0	0	0
2020-08-17	0	0	0	0	0	0	0	0
2020-08-18	0	0	0	0	0	0	0	0
2020-08-19	0	0	0	0	0	0	0	0
2020-08-20	0	0	0	0	0	0	0	0
2020-08-21	0	0	0	0	0	0	0	0
2020-08-22	0	0	0	0	0	0	0	0
2020-08-23	0	0	0	0	0	0	0	0
2020-08-24	0	0	0	0	0	0	0	0
2020-08-25	0	0	0	0	0	0	0	0
2020-08-26	0	0	0	0	0	0	0	0
2020-08-27	0	0	0	0	0	0	0	0
2020-08-28	0	0	0	0	0	0	0	0
2020-08-29	0	0	0	0	0	0	0	0
2020-08-30	0	0	0	0	0	0	0	0
2020-08-31	0	0	0	0	0	0	0	0
2020-09-01	0	0	0	0	0	0	0	0
2020-09-02	0	0	0	0	0	0	0	0
2020-09-03	0	0	0	0	0	0	0	0
2020-09-04	0	0	0	0	0	0	0	0
2020-09-05	0	0	0	0	0	0	0	0
2020-09-06	0	0	0	0	0	0	0	0
2020-09-07	0	0	0	0	0	0	0	0
2020-09-08	0	0	0	0	0	0	0	0
2020-09-09	0	0	0	0	0	0	0	0
2020-09-10	0	0	0	0	0	0	0	0
2020-09-11	0	0	0	0	0	0	0	0
2020-09-12	0	0	0	0	0	0	0	0
2020-09-13	0	0	0	0	0	0	0	0
2020-09-14	0	0	0	0	0	0	0	0
2020-09-15	0	0	0	0	0	0	0	0
2020-09-16	0	0	0	0	0	0	0	0
2020-09-17	0	0	0	0	0	0	0	0
2020-09-18	0	0	0	0	0	0	0	0
2020-09-19	0	0	0	0	0	0	0	0
2020-09-20	0	0	0	0	0	0	0	0
2020-09-21	0	0	0	0	0	0	0	0
2020-09-22	0	0	0	0	0	0	0	0
2020-09-23	0	0	0	0	0	0	0	0
2020-09-24	0	0	0	0	0	0	0	0
2020-09-25	0	0	0	0	0	0	0	0
2020-09-26	0	0	0	0	0	0	0	0
2020-09-27	0	0	0	0	0	0	0	0
2020-09-28	0	0	0	0	0	0	0	0
2020-09-29	0	0	0	0	0	0	0	0
2020-09-30	0	0	0	0	0	0	0	0
2020-10-01	0	0	0	0	0	0	0	0
2020-10-02	0	0	0	0	0	0	0	0
2020-10-03	0	0	0	0	0	0	0	0
2020-10-04	0	0	0	0	0	0	0	0
2020-10-05	0	0	0	0	0	0	0	0
2020-10-06	0	0	0	0	0	0	0	0
2020-10-07	0	0	0	0	0	0	0	0
2020-10-08	0	0	0	0	0	0	0	0
2020-10-09	0	0	0	0	0	0	0	0
2020-10-10	0	0	0	0	0	0	0	0
2020-10-11	0	0	0	0	0	0	0	0
2020-10-12	0	0	0	0	0	0	0	0
2020-10-13	0	0	0	0	0	0	0	0
2020-10-14	0	0	0	0	0	0	0	0
2020-10-15	0	0	0	0	0	0	0	0
2020-10-16	0	0	0	0	0	0	0	0
2020-10-17	0	0	0	0	0	0	0	0
2020-10-18	0	0	0	0	0	0	0	0
2020-10-19	0	0	0	0	0	0	0	0
2020-10-20	0	0	0	0	0	0	0	0
2020-10-21	0	0	0	0	0	0	0	0
2020-10-22	0	0	0	0	0	0	0	0
2020-10-23	0	0	0	0	0	0	0	0
2020-10-24	0	0	0	0	0	0	0	0
2020-10-25	0	0	0	0	0	0	0	0
2020-10-26	0	0	0	0	0	0	0	0
2020-10-27	0	0	0	0	0	0	0	0
2020-10-28	0	0	0	0	0	0	0	0
2020-10-29	0	0	0	0	0	0	0	0
2020-10-30	0	0	0	0	0	0	0	0
2020-10-31	0	0	0	0	0	0	0	0
2020-11-01	0	0	0	0	0	0	0	0
2020-11-02	0	0	0	0	0	0	0	0
2020-11-03	0	0	0	0	0	0	0	0
2020-11-04	0	0	0	0	0	0	0	0
2020-11-05	0	0	0	0	0	0	0	0
2020-11-06	0	0	0	0	0	0	0	0
2020-11-07	0	0	0	0	0	0	0	0
2020-11-08	0	0	0	0	0	0	0	0
2020-11-09	0	0	0	0	0	0	0	0
2020-11-10	0	0	0	0	0	0	0	0
2020-11-11	0	0	0	0	0	0	0	0
2020-11-12	0	0	0	0	0	0	0	0
2020-11-13	0	0	0	0	0	0	0	0
2020-11-14	0	0	0	0	0	0	0	0
2020-11-15	0	0	0	0	0	0	0	0
2020-11-16	0	0	0	0	0	0	0	0
2020-11-17	0	0	0	0	0	0	0	0
2020-11-18	0	0	0	0	0	0	0	0
2020-11-19	0	0	0	0	0	0	0	0
2020-11-20	0	0	0	0	0	0	0	0
2020-11-21	0	0	0	0	0	0	0	0
2020-11-22	0	0	0	0	0	0	0	0
2020-11-23	0	0	0	0	0	0	0	0
2020-11-24	0	0	0	0	0	0	0	0
2020-11-25	0	0	0	0	0	0	0	0
2020-11-26	0	0	0	0	0	0	0	0
2020-11-27	0	0	0	0	0	0	0	0
2020-11-28	0	0	0	0	0	0	0	0
2020-11-29	0	0	0	0	0	0	0	0
2020-11-30	0	0	0	0	0	0	0	0
2020-12-01	0	0	0	0	0	0	0	0
2020-12-02	0	0	0	0	0	0	0	0
2020-12-03	0	0	0	0	0	0	0	0
2020-12-04	0	0	0	0	0	0	0	0
2020-12-05	0	0	0	0	0	0	0	0
2020-12-06	0	0	0	0	0	0	0	0
2020-12-07	0	0	0	0	0	0	0	0
2020-12-08	0	0	0	0	0	0	0	0
2020-12-09	0	0	0	0	0	0	0	0
2020-12-10	0	0	0	0	0	0	0	0
2020-12-11	0	0	0	0	0	0	0	0
2020-12-12	0	0	0	0	0	0	0	0
2020-12-13	0	0	0	0	0	0	0	0
2020-12-14	0	0	0	0	0	0	0	0
2020-12-15	0	0	0	0	0	0	0	0
2020-12-16	0	0	0	0	0	0	0	0
2020-12-17	0	0	0	0	0	0	0	0
2020-12-18	0	0	0	0	0	0	0	0
2020-12-19	0	0	0	0	0	0	0	0
2020-12-20	0	0	0	0	0	0	0	0
2020-12-21	0	0	0	0	0	0	0	0
2020-12-22	0	0	0	0	0	0	0	0
2020-12-23	0	0	0	0	0	0	0	0
2020-12-24	0	0	0	0	0	0	0	0
2020-12-25	0	0	0	0	0	0	0	0
2020-12-26	0	0	0	0	0	0	0	0
2020-12-27	0	0	0	0	0	0	0	0
2020-12-28	0	0	0	0	0	0	0	0
2020-12-29	0	0	0	2.4610151414972137e-5	1.2148368957176636e-4	2.4226467304289123e-4	7.625145357104124e-5	2.506157020574218e-4
2020-12-30	0	0	0	3.6910340593276914e-5	1.399448961434402e-4	3.412991212725647e-4	8.178167206041032e-5	3.167250786937359e-4
2020-12-31	0	0	0	2.745018837835289e-5	1.6360669178738796e-4	3.2942713055872375e-4	9.39422062844475e-5	3.681338806384993e-4
2021-01-01	0	0	0	2.745018837835289e-5	1.2957419736814302e-4	2.9134121992657747e-4	9.064205399544889e-5	3.763354070847047e-4
2021-01-02	0	0	0	1.893008958697706e-5	6.527106507792091e-5	8.840195372639137e-5	2.3210134677542626e-5	1.7140734511955635e-4
2021-01-03	0	0	0	1.420005041041783e-5	7.000122504297046e-5	6.664111025944663e-5	1.2160036966690768e-5	2.7000018225642464e-6
2021-01-04	0	0	0	3.029022937450776e-5	1.4380516998180326e-4	1.8126821454145237e-4	3.427029361335876e-5	5.020630168182105e-4
2021-01-05	0	0	0	5.774083350096326e-5	2.9996249437447275e-4	4.044008850190295e-4	1.0723287472247378e-4	0.01418641358258399
2021-01-06	0	0	0	1.1833350070444837e-4	3.8382683075899315e-4	5.797640315829966e-4	1.3157432795085633e-4	0.017563115758789216
2021-01-07	0	0	0	1.2782408474909523e-4	4.128626138844016e-4	7.100160306909853e-4	1.7250743970431692e-4	0.016583553562187436
2021-01-08	0	0	0	7.575143456994837e-5	2.9887233116765444e-4	4.803276786695676e-4	1.2497390461918556e-4	0.010373100302471183
2021-01-09	0	0	0	9.091206625089221e-5	2.676879142049504e-4	4.342371404735257e-4	1.5706616744526336e-4	0.012462428028088723
2021-01-10	0	0	0	1.5721617923181164e-4	5.673104602896828e-4	9.10397205768021e-4	2.5334604605475874e-4	0.012481044115553619
2021-01-11	0	0	0	2.633373366380809e-4	8.138055698763136e-4	0.0014225559163336676	3.762553920301226e-4	0.009062934194051353
2021-01-12	0	0	9.853898428335839e-7	1.9233924859651808e-4	7.935774412888286e-4	0.0013128709075049816	3.985397084746989e-4	0.02995654870254194
2021-01-13	0	0	0	3.5255107306464417e-4	0.0012256455517545284	0.001962592942764685	5.703913365691093e-4	0.025407586361175127
2021-01-14	0	0	0	1.450452595319618e-4	6.967213551616336e-4	9.070056648190494e-4	2.4599512840084437e-4	0.0049288734483674546
2021-01-15	0	0	0	0	0	0	0	0
2021-01-16	0	0	0	5.690008094028087e-6	5.0440636064408295e-5	5.650079808505737e-5	1.2190037149251154e-5	0
2021-01-17	0	0	0	1.7070072846792073e-5	9.707235576050799e-5	1.0449272968271472e-4	1.8840088737093197e-5	6.30000992263291e-6
2021-01-18	0	0	0	1.8010081090702457e-5	8.7561916772394e-5	9.68823465472557e-5	1.8840088737093197e-5	1.1000030250229997e-5
2021-01-19	0	0	0	1.9722972489111257e-4	6.116735361285652e-4	7.456189869183838e-4	2.338736742240055e-4	0.007706447332622712
2021-01-20	0	0	0	4.543015974853848e-4	0.0016937071609868237	0.002490150212019593	9.76918592483944e-4	0.021001263264678105
2021-01-21	0	0	0	4.526112142277938e-4	0.0014955891967614043	0.0021994694164284567	8.168968301078827e-4	0.011559103216794098
2021-01-22	0	0	0	8.258170493458117e-5	3.588221883408238e-4	5.214179691745979e-4	1.588263064489226e-4	0.002465719943710143
2021-01-23	0	0	0	9.113207626398889e-5	4.2635544474145526e-4	5.280096985604832e-4	1.4551529367512472e-4	0.002050551190045713
2021-01-24	0	0	0	5.127065717003276e-5	2.204321475829385e-4	2.3026325529174052e-4	4.333046938231888e-5	4.447494505184224e-4
2021-01-25	0	0	0	2.0034003403224254e-4	7.332644191770932e-4	8.74881354345991e-4	1.8109819913947334e-4	6.707124638023476e-4
2021-01-26	0	0	0	4.0172034480878693e-4	0.0014362657148008218	0.0019679181754863606	4.33406960398397e-4	0.001505866908786846
2021-01-27	0	2.520906188685501e-6	0	5.824248046633063e-4	0.001990920941548957	0.0026196756751608596	7.838836183817754e-4	0.006962218120288632
2021-01-28	0	0	0	9.688346601497422e-4	0.002919500871334524	0.004000501002066947	0.0014924768718032055	0.04533112778660131
2021-01-29	0	0	0	0.0010916179074138554	0.0030423639946690617	0.0040403210485437935	0.002201761938908975	0.056789151944648175
2021-01-30	0	0	0	0.0010118059378139144	0.0025968959671660574	0.003468357375721487	0.0027153332586764556	0.049668540991044674
2021-01-31	0	0	0	5.082645832215071e-4	0.0013261196483305149	0.0016362593361538558	0.0010449529816836112	0.0177523868093572
2021-02-01	0	0	0	8.577839483254746e-4	0.002370144396114604	0.002963125027482194	0.001182869795238073	0.010083217820403334
2021-02-02	0	0	0	0.0010877758140555027	0.0030495148852587306	0.0040836189860056216	0.0017547597954850058	0.035399786216035345
2021-02-03	0	0	0	0.001299362085457334	0.003379254840819801	0.004461135432336505	0.0026987007464296386	0.06288410258962562
2021-02-04	0	0	0	0.0012493402127418118	0.003223587879704448	0.004493718376211042	0.0037063141912210273	0.045193718037513486
2021-02-05	0	0	0	0.001458021456641978	0.0036440998659583723	0.004933394595558971	0.004526191602605811	0.0566210868695729
2021-02-06	0	0	0	0.0013141817684301227	0.003397335472077545	0.004002014029072187	0.0030641772956248037	0.07087771253349517
2021-02-07	0	0	0	7.832933871325665e-4	0.0017645884430934622	0.002023143277180006	0.0010810421630396139	0.019865863129469696
2021-02-08	0	0	0	0.0012457379657697665	0.002793971569282405	0.002987921919349157	0.0022015617185000558	0.018886474731950154
2021-02-09	0	0	0	0.0013773642830920974	0.003184755667164918	0.003593277911537296	0.0041493542852462095	0.05180278205721689
2021-02-10	0	0	0	0.0015973278640764033	0.003709950933983075	0.004295552943773151	0.00506226663587328	0.06797184285528601
2021-02-11	0	0	0	0.0018724565233578794	0.004362106994357573	0.005053564628864526	0.00890852043408108	0.09216017443811597
2021-02-12	0	0	9.853908427004399e-7	0.00199605605994857	0.004398336340641462	0.00574906293114652	0.012244994975487478	0.1262417445145172
2021-02-13	0	0	9.853918427893404e-7	0.0017700732898628946	0.0036595681096873722	0.004685408262646851	0.017429073147696927	0.17226872872405008
2021-02-14	0	0	0	9.568488899494021e-4	0.0019055978257684902	0.0021383331171300757	0.004081574813239008	0.03725467775363178
2021-02-15	0	0	0	0.0012048228995547028	0.0025099850061829354	0.0028840394208451414	0.004561972899183253	0.04829981810729955
2021-02-16	0	0	0	0.00147119110081384	0.003033700835189279	0.0037390150584017956	0.008050653254455975	0.06717222702073111
2021-02-17	0	0	0	0.0014079956129116056	0.0026827993530922356	0.0034808490775752876	0.011095326567912123	0.07616227295543454
2021-02-18	0	0	0	0.0016590781350644956	0.0034235401568014634	0.004510496143866005	0.01582848523621827	0.10194762980575267
2021-02-19	0	0	0	0.0016696669469284942	0.0038250277092441998	0.005166613473696513	0.026285035776442145	0.21801863084935702
2021-02-20	0	0	0	0.0012774879938937111	0.0029051499740928577	0.004997994988476195	0.04012955530218787	0.2529463660207796
2021-02-21	0	0	0	9.936068136251475e-4	0.0023083020646053054	0.0035117931728221308	0.019554989402634337	0.11277049620349566
2021-02-22	0	0	0	7.235608850886255e-4	0.0017428894158790786	0.002536097948200755	0.018604693656513183	0.11171336921536179
2021-02-23	0	0	0	8.11534647120915e-4	0.0017594339019137983	0.0030558645770784043	0.02399935222682692	0.0951375902706253
2021-02-24	0	0	0	0.0010266134838112784	0.002411263547974496	0.004523465434885132	0.04951970017638985	0.1369505642629878
2021-02-25	0	0	0	0.001102493873185173	0.0025980875146836002	0.005133207454693256	0.05506606796014801	0.13494257461063675
2021-02-26	0	0	0	0.001166800355767439	0.0027497302541175106	0.005126079171919207	0.05760100906121757	0.1279941239408462
2021-02-27	0	0	0	0.0010684854152707146	0.00262410147714065	0.006484452029530852	0.10038583917680799	0.12908428837641117
2021-02-28	0	0	0	5.954886516836844e-4	0.0014924268344640446	0.0033145165049153213	0.04793669160039782	0.052251453600850484
2021-03-01	0	2.520912588677149e-6	0	7.490302615831279e-4	0.0017162363668166147	0.0035419563637206775	0.04249076630530291	0.06847552435906201
2021-03-02	0	0	0	8.50480829410305e-4	0.0018710452025374469	0.004220793775022935	0.06249951741941495	0.0880788719196599
2021-03-03	0	0	1.9707860710038716e-6	0.0010571293806318494	0.002390228297828978	0.006261311003871839	0.09442108533915605	0.13407610015842275
2021-03-04	0	0	0	0.00108600485163457	0.002617382673014257	0.006512182129020383	0.10798032779783173	0.12744730381225322
2021-03-05	0	0	0	0.0012092355626616147	0.002805908280319347	0.007726504718792437	0.12663976769015406	0.13013872172291885
2021-03-06	0	0	0	0.0013150123143466086	0.002731775649549961	0.007714779455511689	0.17422469071355873	0.09960119974780035
2021-03-07	0	0	0	4.474400506497833e-4	0.0010483947829051932	0.002025936104274706	0.052250991528939306	0.0183725879974308
2021-03-08	0	0	0	8.257204535668805e-4	0.0017462623580557501	0.003947836352967471	0.056324625869844436	0.04567095912689245
2021-03-09	0	2.5209188887487244e-6	0	0.001286553805173396	0.0027908472070332646	0.010823818763154414	0.10553955966349093	0.05397235374211595
2021-03-10	0	0	0	0.0019066788560651027	0.0046526417688572685	0.02002710119557438	0.11764053379807393	0.06145858955760253
2021-03-11	0	0	0	0.0015974679759835908	0.0041780540338776095	0.014641815691687432	0.10327537054004599	0.05174395933183362
2021-03-12	0	0	0	0.0017702134138826153	0.004176600998976321	0.014749930109559273	0.08829306639328216	0.04964351976363046
2021-03-13	0	2.520925288740372e-6	0	0.0017342418987409403	0.00433298368690771	0.015066882738866694	0.09000209424198569	0.02978183949086488
2021-03-14	0	0	0	5.6720042908176e-4	0.001506367285599719	0.0038612974044112125	0.033215609173186555	0.01027609955551867
2021-03-15	0	0	0	5.815845601502279e-4	0.0014161913995200948	0.0034329462800404276	0.045110049133199936	0.024286862927717534
2021-03-16	0	0	0	0.0014445817040749098	0.003882458370750186	0.013187890111397538	0.07214409252143539	0.038407789575009676
2021-03-17	0	0	0	0.002383480244519065	0.0062361624304647645	0.020865411347676943	0.1050611936001733	0.05578097941615634
2021-03-18	0	0	9.853947426918808e-7	0.0025901672415848953	0.00687612025744877	0.020566505284908443	0.09978344392014105	0.048685263726018
2021-03-19	0	0	0	0.002917948606016907	0.007603784384240475	0.023256425329780006	0.1160022186849583	0.05614691913200409
2021-03-20	0	0	0	0.0024724682748424875	0.00658439857615245	0.01909937654611249	0.11110806026390163	0.03625846914620667
2021-03-21	0	0	0	6.692019578151687e-4	0.0018509465007372494	0.006631263413615196	0.0386542171253943	0.007981827392129492
2021-03-22	0	0	0	8.060524301300998e-4	0.0020843160933943228	0.0070359561698059014	0.03323243874625592	0.02143213409294442
2021-03-23	0	0	0	7.027934796688395e-4	0.0020086386573139325	0.007718895336303211	0.037898809948885503	0.03408616668990305
2021-03-24	0	0	0	0.0012375328719023138	0.0039255023922579735	0.012973860262527781	0.049553435748623365	0.036730278336672306
2021-03-25	0	0	0	0.0020039239277771514	0.0063717798947569015	0.023855501234790744	0.08423544244079917	0.06440241785643885
2021-03-26	0	0	0	0.002386644017416506	0.0071619533941047475	0.024950117085646983	0.10263004134670672	0.059232832099636035
2021-03-27	0	0	9.853957427807813e-7	0.0026652959506261453	0.0078896918092110635	0.02743349921986149	0.09349103332819331	0.03916058791139143
2021-03-28	0	0	0	8.427775685075911e-4	0.002538771339979151	0.010462877953768768	0.02823856412597414	0.010546306143317086
2021-03-29	0	0	0	0.0010575095816287572	0.0027201397901195357	0.013404711573089312	0.05677433116994868	0.02504420302630561
2021-03-30	0	0	0	0.001024632467923503	0.002979218936367767	0.015342346902116333	0.043218928955004454	0.03597830969207472
2021-03-31	0	0	9.853966427275651e-7	0.0011617974433246747	0.003006950437733691	0.013387637207499914	0.037816114631454845	0.03664369000428258
2021-04-01	0	0	0	8.555229798923314e-4	0.0018465824667015518	0.009876596791043246	0.02295028894061435	0.02737474415437946
2021-04-02	0	0	9.853976428164657e-7	0.0018772209896611436	0.005345563762986005	0.02687160073146777	0.06902372878380514	0.04810297402757424
2021-04-03	0	0	0	0.0035041497663963472	0.00904272270849571	0.048117370331914655	0.09521793372575038	0.04367006872562529
2021-04-04	0	0	0	0.0015080785752472625	0.004685879366358892	0.0262693496831945	0.05861022975807351	0.0143729453897945
2021-04-05	0	0	0	0.001732019973296861	0.004724229586296147	0.034553109341287636	0.06781028881737394	0.02783104172081652
2021-04-06	0	0	0	0.0019737739458973724	0.005557150480365314	0.04047146486712272	0.06097198576193841	0.04633830973732822
2021-04-07	0	0	0	0.0022785679679961923	0.005782108193791213	0.04529018010345065	0.0555183004203923	0.03468374046312839
2021-04-08	0	0	9.853986426833217e-7	0.00278860407817616	0.006641457238562909	0.057687481376902605	0.06853741428936799	0.04763220678069979
2021-04-09	0	0	9.8539954285215e-7	0.0025075519542008262	0.006940362156716562	0.07034141879968825	0.06301814154081464	0.04906658237652817
2021-04-10	0	0	9.85400542719006e-7	0.00359023244224721	0.008514222998316168	0.11244819938630557	0.07812166878337479	0.03391902506534583
2021-04-11	0	0	0	0.001359802265550325	0.00365911728482593	0.043337126636272094	0.022177884641796153	0.0068514355422473194
2021-04-12	0	0	0	0.0011268874688419306	0.0031382421409338335	0.034575272364774534	0.021810807834599544	0.02097286526940212
2021-04-13	0	0	0	0.0016554251080720395	0.004478925192720418	0.044703378001179184	0.030412215716191904	0.04392464357837178
2021-04-14	0	0	9.854015428079066e-7	0.0025217197676465908	0.005213455028333147	0.04680836577667069	0.031463172810831	0.03821102052233982
2021-04-15	0	0	0	0.0027249062785565936	0.006872969427186737	0.058568620836677576	0.0393585539421033	0.04547079837624324
2021-04-16	0	0	9.854025426747626e-7	0.002545670109076026	0.0075526205191767115	0.06598669084207187	0.03778123543780176	0.04932555253317572
2021-04-17	0	0	9.85403442843591e-7	0.0029660794067618568	0.008460906735697549	0.08635921866197682	0.04470500435356306	0.05697174493009505
2021-04-18	0	0	0	0.0017136441440630534	0.004594427190301786	0.05043864420736943	0.019261370094479036	0.02028638434747343
2021-04-19	0	0	0	0.001550130726317267	0.004663446934327409	0.03828409804069732	0.023430051832215026	0.025578261870073504
2021-04-20	0	0	0	0.0017375447654530696	0.004757668853229369	0.037796667009251994	0.02953402465305177	0.04919124463724023
2021-04-21	0	0	0	0.002212593892933823	0.00562489987464998	0.03755563645743076	0.027271260411102505	0.058560740069367956
2021-04-22	0	0	9.85404442710447e-7	0.0020338741610257394	0.00431481440583914	0.03000691371771569	0.024229051737018725	0.05211817606919489
2021-04-23	0	0	0	0.0010317261146939316	0.0026764909008856197	0.019286764824347324	0.010313753377181323	0.01750722573826269
2021-04-24	0	0	0	0.001070696597801124	0.002800731023566483	0.025312500672574734	0.011639529662692105	0.02512491534274508
2021-04-25	0	0	0	6.707824872862478e-4	0.0017316096179673668	0.013109957748038914	0.006785701435994662	0.009456355665618643
2021-04-26	0	0	0	3.036030437020276e-4	0.0011618374665747222	0.00780812169108569	0.0055940533582437	0.0047675824606296935
2021-04-27	0	0	0	6.616694516157207e-4	0.0026835503606346123	0.015073764594764505	0.013699015758185773	0.02683766506655605
2021-04-28	0	0	0	9.60670722059076e-4	0.003852590613609097	0.019297377191618947	0.021707200639905277	0.06350832689629149
2021-04-29	0	0	0	7.692379317489895e-4	0.003338426272494255	0.016177407125324672	0.020888835865958688	0.05892030045131835
2021-04-30	0	0	9.854054427993475e-7	6.154046807302915e-4	0.0038321814035773283	0.021400849085393858	0.023921307234957334	0.06795362374501979
2021-05-01	0	0	0	5.755228066253171e-4	0.005018215622007105	0.025906790447826955	0.026731067492319793	0.06584747240554978
2021-05-02	0	0	0	1.8830886505716293e-4	0.0019887487804279846	0.012375256744875385	0.01006313667995995	0.018766848652082446
2021-05-03	0	0	0	1.7309749068528113e-4	0.0011409054162920818	0.005165911660821809	0.009500886712078938	0.027110342669920184
2021-05-04	0	0	0	1.469954019119868e-4	0.0016575468654027592	0.010110756851025249	0.010262962097755013	0.03951240758835706
2021-05-05	0	0	0	3.3434794713738114e-4	0.0014661874263923735	0.020510298081851674	0.01338512036177475	0.050794007807281494
2021-05-06	0	0	0	3.0830376280266414e-4	0.0023666903057508737	0.031527668469785164	0.013260822352365143	0.05620001028912447
2021-05-07	0	0	0	4.816980082427147e-4	0.0019285798550643385	0.03242311458992786	0.010109450246069462	0.05385170143691265
2021-05-08	0	0	9.854063427461313e-7	3.7615537321622483e-4	0.0028908492523500584	0.04606475030516943	0.010447195975939794	0.041338926715497326
2021-05-09	0	0	0	4.450195105911714e-4	0.0014525574808088582	0.025756499314230963	0.0050354088355351045	0.010386469688145716
2021-05-10	0	0	0	1.0147257417081335e-4	7.247713233677899e-4	0.03264361134033478	0.007199819349666958	0.026031509876613956
2021-05-11	0	0	0	2.3571389025955902e-4	0.0015830565169840938	0.03271516043049827	0.008370074536938388	0.05902519336288137
2021-05-12	0	0	0	3.9077817689592287e-4	0.00342978084916834	0.033446486871003156	0.013603131295259141	0.0634216772874896
2021-05-13	0	0	0	3.8765756959779907e-4	0.003206410266699544	0.036070245655410504	0.011499268292817666	0.055163040252474094
2021-05-14	0	0	9.854073428350318e-7	3.856271770799058e-4	0.004990426088135269	0.04387218209034205	0.016272186009381073	0.057604777600603674
2021-05-15	0	0	9.854083427018878e-7	4.0435087490742205e-4	0.00493139967569034	0.05316541021071841	0.012750735312754058	0.04628190365139928
2021-05-16	0	2.5209315888119477e-6	0	2.634773550791447e-4	0.002856029225734469	0.020999211723249367	0.004493908804084956	0.0245407622529894
2021-05-17	0	0	0	1.5855628502392527e-4	0.0020893113054327728	0.019404160359817402	0.006049649564964676	0.035662758078440326
2021-05-18	0	0	0	3.8718747853594415e-4	0.00480356856774633	0.020706792817193564	0.0090936837711324	0.04702288799894028
2021-05-19	0	0	9.854092426486716e-7	4.6175330402853376e-4	0.00670606281963515	0.01718366962544904	0.013172861067173747	0.04646279789710683
2021-05-20	0	0	0	5.933480154669546e-4	0.007469347789098579	0.02076211636903036	0.012731995930091111	0.056798620832107405
2021-05-21	0	0	9.854102427375722e-7	4.030806184962543e-4	0.0062106430216857245	0.022603691719841335	0.012717735197136149	0.05914719775043209
2021-05-22	0	0	0	3.1447472358792083e-4	0.009102604351495014	0.02338278870186916	0.007917260754463529	0.02669748897945201
2021-05-23	0	0	0	4.241949853462934e-4	0.005894656744533933	0.01513320346175373	0.004530431201718255	0.01824441466663207
2021-05-24	0	0	0	3.070023562612434e-5	0.00426980781469366	0.006849619321211309	0.0019101721894483337	0.006948470309911858
2021-05-25	0	0	0	8.004160166441565e-5	0.007186571703211353	0.011144691034564058	0.006295207409080961	0.04831344729744069
2021-05-26	0	0	0	2.0727074029003312e-4	0.008613005967951004	0.009964985232671753	0.006335083320168522	0.04075759539560808
2021-05-27	0	0	0	6.033410050920729e-4	0.0075449716492972385	0.009979326740548577	0.009988040236943663	0.08193305643416071
2021-05-28	0	0	0	6.838469116496881e-4	0.007985351459482759	0.01373475084519482	0.008590941067104563	0.04907867918770248
2021-05-29	0	0	0	6.041212406182606e-4	0.013609101913724553	0.02122575314918751	0.009420687337477585	0.039695227777068354
2021-05-30	0	0	0	2.934315255151976e-4	0.006667072463809376	0.010281286211540897	0.005129919017281104	0.01979496011145354
2021-05-31	0	0	0	3.133045399337231e-4	0.0055527281976091025	0.00963599309071106	0.0042004810101792245	0.03587037087670808
2021-06-01	0	0	0	0.001410137121675481	0.010027648433275305	0.013749361233582835	0.008926259527287206	0.05689907621863344
2021-06-02	0	0	0	0.0022232857498813985	0.01637180903275115	0.016391580981770515	0.014547054196448528	0.06033281205254193
2021-06-03	0	0	0	0.0027398266625351386	0.01912157869292752	0.015958589141849666	0.012491207566618145	0.09238651713718471
2021-06-04	0	0	9.854112428264727e-7	0.0017270356630454398	0.019352792645797923	0.01886439636253079	0.014048550442383068	0.09345317392936825
2021-06-05	1.0796134139123836e-5	0	0	0.0018010309281009107	0.024456803813189154	0.02441516507136554	0.011613619036782818	0.10079311290212511
2021-06-06	0	0	0	9.097168962077795e-4	0.00978604165280772	0.010110988019683465	0.004487514446476881	0.021911832096455752
2021-06-07	0	0	0	5.68070676073118e-4	0.007963092711382513	0.008530763481394033	0.006662758086329212	0.07311878933858518
2021-06-08	0	0	9.854122426933287e-7	0.0014196138258535385	0.01363837129288048	0.01160367129689166	0.010639198134234862	0.126678564687843
2021-06-09	0	0	9.854131426401125e-7	0.0029926089270475575	0.027064664009486483	0.015505333844406666	0.014630774893496179	0.18148665113505436
2021-06-10	0	0	0	0.003194030457641217	0.028286582690070672	0.015936876004193357	0.016978235116921425	0.23015458302144354
2021-06-11	0	0	0	0.0023401690978515077	0.021303085361479512	0.01463671838124303	0.011966147169520713	0.1975498897334218
2021-06-12	0	0	0	0.0011134799594050282	0.018655496891063272	0.01600090725827208	0.012877306254090337	0.137687459098232
2021-06-13	0	0	9.85414142729013e-7	0.0011034644084251255	0.01033770704674608	0.005912218582140749	0.0039708819759165515	0.060928057033468486
2021-06-14	0	0	0	3.6140265296946694e-4	0.007880274682267041	0.005640373453172698	0.005650201193381443	0.1472658042773647
2021-06-15	0	0	0	0.0013293317807459015	0.01693471615279396	0.007618249431098567	0.010374035151330174	0.38396460434803603
2021-06-16	0	0	0	0.0025433972173514174	0.0265340742743998	0.01039397869829517	0.013083826629819884	0.4248768937000511
2021-06-17	0	0	0	0.002369904111374277	0.026435053006869103	0.02271636834772739	0.0292606362078216	1.7142854571429729
2021-06-18	0	0	1.2018665611623902e-6	0.005253559973097621	0.0609244470624668	0.042426961771285576	0	0
2021-06-19	0	0	1.252739092238997e-6	0.005505156687538593	0.06770111007639401	0.046036571478370814	0	0
2021-06-20	0	0	1.245970688179554e-6	0.0055056680952938475	0.0807872238857934	0	0	0
2021-06-21	0	0	1.2796268094028562e-6	0.005685902371444396	0.09032107410695867	0	0	0
2021-06-22	0	0	1.2661786008560938e-6	0.005658223874353219	0.09822414569960425	0	0	0
2021-06-23	0	0	1.26215779827632e-6	0.005672323814363667	0.10857539404817951	0	0	0
2021-06-24	0	0	1.2588382962697153e-6	0.0056896430093935635	0.12148197772818792	0	0	0
2021-06-25	0	0	1.2074538644490929e-6	0.005488300360211085	0.13245602996877204	0	0	0
2021-06-26	0	0	1.149280230317018e-6	0.00525235681302294	0.14506516556510807	0	0	0
2021-06-27	0	0	1.0080602541595596e-6	0.004630530453069159	0.14803366121303396	0	0	0
2021-06-28	0	0	1.0327294666101494e-6	0.004766048805303624	0.17826919661548235	0	0	0
2021-06-29	0	0	8.17697267230244e-7	0.0037907925269957676	0.1697486292861301	0	0	0
2021-06-30	0	0	4.65523054105077e-7	0.010330781260362354	0.08144236469164157	0	0	0
2021-07-01	0	0	2.5798371661167607e-7	0.017687239611266614	0	0	0	0
2021-07-02	0	0	1.4621520527668963e-7	0.010184943267339763	0	0	0	0
2021-07-03	0	0	0	0	0	0	0	0
2021-07-04	0	0	0	0	0	0	0	0
2021-07-05	0	0	4.5434500606233996e-8	0.0031917267799594917	0	0	0	0
2021-07-06	0	0	6.294758991831628e-7	0.04482850880031486	0	0	0	0
2021-07-07	0	0	6.389689020114275e-7	0.04764910940681566	0	0	0	0
2021-07-08	0	0	6.185513956591393e-7	0.04841489040318825	0	0	0	0
2021-07-09	0	0	1.3462799985930474e-8	0.0010935889842165203	0	0	0	0
2021-07-10	0	0	0	0	0	0	0	0
2021-07-11	0	0	0	0	0	0	0	0
2021-07-12	0	0	0	0	0	0	0	0
2021-07-13	0	0	9.278350221464393e-8	0.007557298188979322	0	0	0	0
2021-07-14	0	0	2.9989422256626597e-7	0.02471854157439135	0	0	0	0
2021-07-15	0	0	2.732849186948272e-7	0.023083077112242556	0	0	0	0
2021-07-16	0	0	3.0538992334960824e-7	0.02642290244338308	0	0	0	0
2021-07-17	0	0	4.3253354675698574e-7	0.03855003632516807	0	0	0	0
2021-07-18	0	0	4.157676432026136e-7	0.03852640089141146	0	0	0	0
2021-07-19	0	0	5.367825719471142e-7	0.05188816542786756	0	0	0	0
2021-07-20	0	0	5.594323781998867e-7	0.0570716019369113	0	0	0	0
2021-07-21	0	0	4.791460572750594e-7	0.051724701177988	0	0	0	0
2021-07-22	0	0	4.6617465443432593e-7	0.053049779783776785	0	0	0	0
2021-07-23	0	0	4.732930560802373e-7	0.056890275872203855	0	0	0	0
2021-07-24	0	0	4.5327105135939405e-7	0.05773296377660775	0	0	0	0
2021-07-25	0	0	4.159744433351875e-7	0.05615659066888834	0	0	0	0
2021-07-26	0	0	5.146506663056272e-7	0.0738822777410515	0	0	0	0
2021-07-27	0	0	5.454432743245974e-7	0.0846573987925816	0	0	0	0
