2020-02-17	0	0	0	0	0	0	0	0
2020-02-18	0	0	0	0	0	0	0	0
2020-02-19	0	0	0	0	0	0	0	0
2020-02-20	0	0	0	0	0	0	0	0
2020-02-21	0	0	0	0	0	0	0	0
2020-02-22	0	0	0	0	0	0	0	0
2020-02-23	0	0	0	0	0	0	0	0
2020-02-24	0	0	0	0	0	0	0	0
2020-02-25	0	0	0	0	0	0	0	0
2020-02-26	0	0	0	0	0	0	0	0
2020-02-27	0	0	0	0	0	0	0	0
2020-02-28	0	0	0	0	0	0	0	0
2020-02-29	0	0	0	0	0	0	0	0
2020-03-01	0	0	0	0	0	0	0	0
2020-03-02	0	0	0	0	0	0	0	0
2020-03-03	0	0	0	0	0	0	0	0
2020-03-04	0	0	0	0	0	0	0	0
2020-03-05	0	0	0	0	0	0	0	0
2020-03-06	0	0	0	0	0	0	0	0
2020-03-07	0	0	0	0	0	0	0	0
2020-03-08	0	0	0	0	0	0	0	0
2020-03-09	0	0	0	0	0	0	0	0
2020-03-10	0	0	0	0	0	0	0	0
2020-03-11	0	0	0	0	0	0	0	0
2020-03-12	0	0	0	0	0	0	0	0
2020-03-13	0	0	0	0	0	0	0	0
2020-03-14	0	0	0	0	0	0	0	0
2020-03-15	0	0	0	0	0	0	0	0
2020-03-16	0	0	0	0	0	0	0	0
2020-03-17	0	0	0	0	0	0	0	0
2020-03-18	0	0	0	0	0	0	0	0
2020-03-19	0	0	0	0	0	0	0	0
2020-03-20	0	0	0	0	0	0	0	0
2020-03-21	0	0	0	0	0	0	0	0
2020-03-22	0	0	0	0	0	0	0	0
2020-03-23	0	0	0	0	0	0	0	0
2020-03-24	0	0	0	0	0	0	0	0
2020-03-25	0	0	0	0	0	0	0	0
2020-03-26	0	0	0	0	0	0	0	0
2020-03-27	0	0	0	0	0	0	0	0
2020-03-28	0	0	0	0	0	0	0	0
2020-03-29	0	0	0	0	0	0	0	0
2020-03-30	0	0	0	0	0	0	0	0
2020-03-31	0	0	0	0	0	0	0	0
2020-04-01	0	0	0	0	0	0	0	0
2020-04-02	0	0	0	0	0	0	0	0
2020-04-03	0	0	0	0	0	0	0	0
2020-04-04	0	0	0	0	0	0	0	0
2020-04-05	0	0	0	0	0	0	0	0
2020-04-06	0	0	0	0	0	0	0	0
2020-04-07	0	0	0	0	0	0	0	0
2020-04-08	0	0	0	0	0	0	0	0
2020-04-09	0	0	0	0	0	0	0	0
2020-04-10	0	0	0	0	0	0	0	0
2020-04-11	0	0	0	0	0	0	0	0
2020-04-12	0	0	0	0	0	0	0	0
2020-04-13	0	0	0	0	0	0	0	0
2020-04-14	0	0	0	0	0	0	0	0
2020-04-15	0	0	0	0	0	0	0	0
2020-04-16	0	0	0	0	0	0	0	0
2020-04-17	0	0	0	0	0	0	0	0
2020-04-18	0	0	0	0	0	0	0	0
2020-04-19	0	0	0	0	0	0	0	0
2020-04-20	0	0	0	0	0	0	0	0
2020-04-21	0	0	0	0	0	0	0	0
2020-04-22	0	0	0	0	0	0	0	0
2020-04-23	0	0	0	0	0	0	0	0
2020-04-24	0	0	0	0	0	0	0	0
2020-04-25	0	0	0	0	0	0	0	0
2020-04-26	0	0	0	0	0	0	0	0
2020-04-27	0	0	0	0	0	0	0	0
2020-04-28	0	0	0	0	0	0	0	0
2020-04-29	0	0	0	0	0	0	0	0
2020-04-30	0	0	0	0	0	0	0	0
2020-05-01	0	0	0	0	0	0	0	0
2020-05-02	0	0	0	0	0	0	0	0
2020-05-03	0	0	0	0	0	0	0	0
2020-05-04	0	0	0	0	0	0	0	0
2020-05-05	0	0	0	0	0	0	0	0
2020-05-06	0	0	0	0	0	0	0	0
2020-05-07	0	0	0	0	0	0	0	0
2020-05-08	0	0	0	0	0	0	0	0
2020-05-09	0	0	0	0	0	0	0	0
2020-05-10	0	0	0	0	0	0	0	0
2020-05-11	0	0	0.5794996130536907	0.3804156820958532	0.38623956495343237	0.49996890781702613	0.4135656324987183	0.5441844173025551
2020-05-12	0	0	0	0	0	0	0	0
2020-05-13	0	0	0	0	0	0	0	0
2020-05-14	0	0	0	0	0	0	0	0
2020-05-15	0	0	0	0	0	0	0	0
2020-05-16	0	0	0	0	0	0	0	0
2020-05-17	0	0	0	0	0	0	0	0
2020-05-18	0	0	0	0	0	0	0	0
2020-05-19	0	0	0	0	0	0	0	0
2020-05-20	0	0	0	0	0	0	0	0
2020-05-21	0	0	0	0	0	0	0	0
2020-05-22	0	0	0	0	0	0	0	0
2020-05-23	0	0	0	0	0	0	0	0
2020-05-24	0	0	0	0	0	0	0	0
2020-05-25	0	0	0.4361468359315111	0.3196704010129645	0.32075403015119247	0.38740443392720325	0.36791068975732094	0.4288079786251885
2020-05-26	0	0	0	0	0	0	0	0
2020-05-27	0	0	0	0	0	0	0	0
2020-05-28	0	0	0	0	0	0	0	0
2020-05-29	0	0	0	0	0	0	0	0
2020-05-30	0	0	0	0	0	0	0	0
2020-05-31	0	0	0	0	0	0	0	0
2020-06-01	0	0	0	0	0	0	0	0
2020-06-02	0	0	0	0	0	0	0	0
2020-06-03	0	0	0	0	0	0	0	0
2020-06-04	0	0	0	0	0	0	0	0
2020-06-05	0	0	0	0	0	0	0	0
2020-06-06	0	0	0	0	0	0	0	0
2020-06-07	0	0	0	0	0	0	0	0
2020-06-08	0	0	0.4128815994828637	0.3287210715152462	0.31656228822449056	0.37919843892547417	0.37413000712443073	0.4118993297228936
2020-06-09	0	0	0	0	0	0	0	0
2020-06-10	0	0	0	0	0	0	0	0
2020-06-11	0	0	0	0	0	0	0	0
2020-06-12	0	0	0	0	0	0	0	0
2020-06-13	0	0	0	0	0	0	0	0
2020-06-14	0	0	0	0	0	0	0	0
2020-06-15	0	0	0	0	0	0	0	0
2020-06-16	0	0	0	0	0	0	0	0
2020-06-17	0	0	0	0	0	0	0	0
2020-06-18	0	0	0	0	0	0	0	0
2020-06-19	0	0	0	0	0	0	0	0
2020-06-20	0	0	0	0	0	0	0	0
2020-06-21	0	0	0	0	0	0	0	0
2020-06-22	0	0	0.40509375006130516	0.3311166860638218	0.30462418635934085	0.37370248538904693	0.3670113918094259	0.39556323428619067
2020-06-23	0	0	0	0	0	0	0	0
2020-06-24	0	0	0	0	0	0	0	0
2020-06-25	0	0	0	0	0	0	0	0
2020-06-26	0	0	0	0	0	0	0	0
2020-06-27	0	0	0	0	0	0	0	0
2020-06-28	0	0	0	0	0	0	0	0
2020-06-29	0	0	0	0	0	0	0	0
2020-06-30	0	0	0	0	0	0	0	0
2020-07-01	0	0	0	0	0	0	0	0
2020-07-02	0	0	0	0	0	0	0	0
2020-07-03	0	0	0	0	0	0	0	0
2020-07-04	0	0	0	0	0	0	0	0
2020-07-05	0	0	0	0	0	0	0	0
2020-07-06	0	0	0.39713980716557035	0.3271983115753831	0.29479204877872134	0.3665866299137197	0.34923137972159896	0.3857735579059515
2020-07-07	0	0	0	0	0	0	0	0
2020-07-08	0	0	0	0	0	0	0	0
2020-07-09	0	0	0	0	0	0	0	0
2020-07-10	0	0	0	0	0	0	0	0
2020-07-11	0	0	0	0	0	0	0	0
2020-07-12	0	0	0	0	0	0	0	0
2020-07-13	0	0	0	0	0	0	0	0
2020-07-14	0	0	0	0	0	0	0	0
2020-07-15	0	0	0	0	0	0	0	0
2020-07-16	0	0	0	0	0	0	0	0
2020-07-17	0	0	0	0	0	0	0	0
2020-07-18	0	0	0	0	0	0	0	0
2020-07-19	0	0	0	0	0	0	0	0
2020-07-20	0	0	0.40052011019583994	0.330648998524299	0.31035366907420486	0.36774051938469016	0.3406700609939918	0.3827207135015127
2020-07-21	0	0	0	0	0	0	0	0
2020-07-22	0	0	0	0	0	0	0	0
2020-07-23	0	0	0	0	0	0	0	0
2020-07-24	0	0	0	0	0	0	0	0
2020-07-25	0	0	0	0	0	0	0	0
2020-07-26	0	0	0	0	0	0	0	0
2020-07-27	0	0	0	0	0	0	0	0
2020-07-28	0	0	0	0	0	0	0	0
2020-07-29	0	0	0	0	0	0	0	0
2020-07-30	0	0	0	0	0	0	0	0
2020-07-31	0	0	0	0	0	0	0	0
2020-08-01	0	0	0	0	0	0	0	0
2020-08-02	0	0	0	0	0	0	0	0
2020-08-03	0	0	0.4014034900754045	0.3195777736469626	0.3178363951111798	0.35855782035413	0.3441553674261263	0.38214861621618784
2020-08-04	0	0	0	0	0	0	0	0
2020-08-05	0	0	0	0	0	0	0	0
2020-08-06	0	0	0	0	0	0	0	0
2020-08-07	0	0	0	0	0	0	0	0
2020-08-08	0	0	0	0	0	0	0	0
2020-08-09	0	0	0	0	0	0	0	0
2020-08-10	0	0	0	0	0	0	0	0
2020-08-11	0	0	0	0	0	0	0	0
2020-08-12	0	0	0	0	0	0	0	0
2020-08-13	0	0	0	0	0	0	0	0
2020-08-14	0	0	0	0	0	0	0	0
2020-08-15	0	0	0	0	0	0	0	0
2020-08-16	0	0	0	0	0	0	0	0
2020-08-17	0	0	0.38873076184808003	0.2875900004860946	0.30030250457345053	0.33088967905712413	0.3296328107394249	0.36283657461988134
2020-08-18	0	0	0	0	0	0	0	0
2020-08-19	0	0	0	0	0	0	0	0
2020-08-20	0	0	0	0	0	0	0	0
2020-08-21	0	0	0	0	0	0	0	0
2020-08-22	0	0	0	0	0	0	0	0
2020-08-23	0	0	0	0	0	0	0	0
2020-08-24	0	0	0	0	0	0	0	0
2020-08-25	0	0	0	0	0	0	0	0
2020-08-26	0	0	0	0	0	0	0	0
2020-08-27	0	0	0	0	0	0	0	0
2020-08-28	0	0	0	0	0	0	0	0
2020-08-29	0	0	0	0	0	0	0	0
2020-08-30	0	0	0	0	0	0	0	0
2020-08-31	0	0	0.37268018629363264	0.24654934755516342	0.25302256081181607	0.2865579332047957	0.29345751780229085	0.33110762405669986
2020-09-01	0	0	0	0	0	0	0	0
2020-09-02	0	0	0	0	0	0	0	0
2020-09-03	0	0	0	0	0	0	0	0
2020-09-04	0	0	0	0	0	0	0	0
2020-09-05	0	0	0	0	0	0	0	0
2020-09-06	0	0	0	0	0	0	0	0
2020-09-07	0	0	0	0	0	0	0	0
2020-09-08	0	0	0	0	0	0	0	0
2020-09-09	0	0	0	0	0	0	0	0
2020-09-10	0	0	0	0	0	0	0	0
2020-09-11	0	0	0	0	0	0	0	0
2020-09-12	0	0	0	0	0	0	0	0
2020-09-13	0	0	0	0	0	0	0	0
2020-09-14	0	0	0.35121988868747034	0.19814148637260698	0.20061409447845618	0.23389027939458096	0.26268372849424704	0.2923949297405515
2020-09-15	0	0	0	0	0	0	0	0
2020-09-16	0	0	0	0	0	0	0	0
2020-09-17	0	0	0	0	0	0	0	0
2020-09-18	0	0	0	0	0	0	0	0
2020-09-19	0	0	0	0	0	0	0	0
2020-09-20	0	0	0	0	0	0	0	0
2020-09-21	0	0	0	0	0	0	0	0
2020-09-22	0	0	0	0	0	0	0	0
2020-09-23	0	0	0	0	0	0	0	0
2020-09-24	0	0	0	0	0	0	0	0
2020-09-25	0	0	0	0	0	0	0	0
2020-09-26	0	0	0	0	0	0	0	0
2020-09-27	0	0	0	0	0	0	0	0
2020-09-28	0	0	0.3082437657472803	0.1514872886107469	0.14889980410482548	0.18449267259427315	0.21165378324780323	0.24789226652758856
2020-09-29	0	0	0	0	0	0	0	0
2020-09-30	0	0	0	0	0	0	0	0
2020-10-01	0	0	0	0	0	0	0	0
2020-10-02	0	0	0	0	0	0	0	0
2020-10-03	0	0	0	0	0	0	0	0
2020-10-04	0	0	0	0	0	0	0	0
2020-10-05	0	0	0	0	0	0	0	0
2020-10-06	0	0	0	0	0	0	0	0
2020-10-07	0	0	0	0	0	0	0	0
2020-10-08	0	0	0	0	0	0	0	0
2020-10-09	0	0	0	0	0	0	0	0
2020-10-10	0	0	0	0	0	0	0	0
2020-10-11	0	0	0	0	0	0	0	0
2020-10-12	0	0	0.2704252818380849	0.11700663214202062	0.11692423839820654	0.147165278012868	0.16772419033877542	0.20269081549481882
2020-10-13	0	0	0	0	0	0	0	0
2020-10-14	0	0	0	0	0	0	0	0
2020-10-15	0	0	0	0	0	0	0	0
2020-10-16	0	0	0	0	0	0	0	0
2020-10-17	0	0	0	0	0	0	0	0
2020-10-18	0	0	0	0	0	0	0	0
2020-10-19	0	0	0	0	0	0	0	0
2020-10-20	0	0	0	0	0	0	0	0
2020-10-21	0	0	0	0	0	0	0	0
2020-10-22	0	0	0	0	0	0	0	0
2020-10-23	0	0	0	0	0	0	0	0
2020-10-24	0	0	0	0	0	0	0	0
2020-10-25	0	0	0	0	0	0	0	0
2020-10-26	0	0	0.24805515747975015	0.10624544659954253	0.11122056592549101	0.140529141721733	0.15621687650857496	0.19263791051810536
2020-10-27	0	0	0	0	0	0	0	0
2020-10-28	0	0	0	0	0	0	0	0
2020-10-29	0	0	0	0	0	0	0	0
2020-10-30	0	0	0	0	0	0	0	0
2020-10-31	0	0	0	0	0	0	0	0
2020-11-01	0	0	0	0	0	0	0	0
2020-11-02	0	0	0	0	0	0	0	0
2020-11-03	0	0	0	0	0	0	0	0
2020-11-04	0	0	0	0	0	0	0	0
2020-11-05	0	0	0	0	0	0	0	0
2020-11-06	0	0	0	0	0	0	0	0
2020-11-07	0	0	0	0	0	0	0	0
2020-11-08	0	0	0	0	0	0	0	0
2020-11-09	0	0	0.22289500433328452	0.09779883537422664	0.10834222648566084	0.12922772550032982	0.15719000928505422	0.19862932287970245
2020-11-10	0	0	0	0	0	0	0	0
2020-11-11	0	0	0	0	0	0	0	0
2020-11-12	0	0	0	0	0	0	0	0
2020-11-13	0	0	0	0	0	0	0	0
2020-11-14	0	0	0	0	0	0	0	0
2020-11-15	0	0	0	0	0	0	0	0
2020-11-16	0	0	0	0	0	0	0	0
2020-11-17	0	0	0	0	0	0	0	0
2020-11-18	0	0	0	0	0	0	0	0
2020-11-19	0	0	0	0	0	0	0	0
2020-11-20	0	0	0	0	0	0	0	0
2020-11-21	0	0	0	0	0	0	0	0
2020-11-22	0	0	0	0	0	0	0	0
2020-11-23	0	0	0.20999572111808779	0.09993725868273183	0.10438127337671205	0.1111672450935248	0.1567151763433646	0.20189409126703597
2020-11-24	0	0	0	0	0	0	0	0
2020-11-25	0	0	0	0	0	0	0	0
2020-11-26	0	0	0	0	0	0	0	0
2020-11-27	0	0	0	0	0	0	0	0
2020-11-28	0	0	0	0	0	0	0	0
2020-11-29	0	0	0	0	0	0	0	0
2020-11-30	0	0	0	0	0	0	0	0
2020-12-01	0	0	0	0	0	0	0	0
2020-12-02	0	0	0	0	0	0	0	0
2020-12-03	0	0	0	0	0	0	0	0
2020-12-04	0	0	0	0	0	0	0	0
2020-12-05	0	0	0	0	0	0	0	0
2020-12-06	0	0	0	0	0	0	0	0
2020-12-07	0	0	0.1949273917173462	0.08760276669003905	0.08887309060224059	0.09155435864527318	0.13832877025247686	0.18381542860710706
2020-12-08	0	0	0	0	0	0	0	0
2020-12-09	0	0	0	0	0	0	0	0
2020-12-10	0	0	0	0	0	0	0	0
2020-12-11	0	0	0	0	0	0	0	0
2020-12-12	0	0	0	0	0	0	0	0
2020-12-13	0	0	0	0	0	0	0	0
2020-12-14	0	0	0	0	0	0	0	0
2020-12-15	0	0	0	0	0	0	0	0
2020-12-16	0	0	0	0	0	0	0	0
2020-12-17	0	0	0	0	0	0	0	0
2020-12-18	0	0	0	0	0	0	0	0
2020-12-19	0	0	0	0	0	0	0	0
2020-12-20	0	0	0	0	0	0	0	0
2020-12-21	0	0	0.17466691826863295	0.070115076807476015	0.07109921209540601	0.08409260561776082	0.11004109435917535	0.15885747717799933
2020-12-22	0	0	0	0	0	0	0	0
2020-12-23	0	0	0	0	0	0	0	0
2020-12-24	0	0	0	0	0	0	0	0
2020-12-25	0	0	0	0	0	0	0	0
2020-12-26	0	0	0	0	0	0	0	0
2020-12-27	0	0	0	0	0	0	0	0
2020-12-28	0	0	0	0	0	0	0	0
2020-12-29	0	0	0	0	0	0	0	0
2020-12-30	0	0	0	0	0	0	0	0
2020-12-31	0	0	0	0	0	0	0	0
2021-01-01	0	0	0	0	0	0	0	0
2021-01-02	0	0	0	0	0	0	0	0
2021-01-03	0	0	0	0	0	0	0	0
2021-01-04	0	0	0.15959845457665253	0.060387011366302236	0.062337688173040445	0.08463582219356997	0.09660373209085095	0.13547085296621167
2021-01-05	0	0	0	0	0	0	0	0
2021-01-06	0	0	0	0	0	0	0	0
2021-01-07	0	0	0	0	0	0	0	0
2021-01-08	0	0	0	0	0	0	0	0
2021-01-09	0	0	0	0	0	0	0	0
2021-01-10	0	0	0	0	0	0	0	0
2021-01-11	0	0	0	0	0	0	0	0
2021-01-12	0	0	0	0	0	0	0	0
2021-01-13	0	0	0	0	0	0	0	0
2021-01-14	0	0	0	0	0	0	0	0
2021-01-15	0	0	0	0	0	0	0	0
2021-01-16	0	0	0	0	0	0	0	0
2021-01-17	0	0	0	0	0	0	0	0
2021-01-18	0	0	0.15908585660118224	0.062397046577560525	0.06440356771606133	0.08708843387364107	0.09469778351147641	0.13303149456535968
2021-01-19	0	0	0	0	0	0	0	0
2021-01-20	0	0	0	0	0	0	0	0
2021-01-21	0	0	0	0	0	0	0	0
2021-01-22	0	0	0	0	0	0	0	0
2021-01-23	0	0	0	0	0	0	0	0
2021-01-24	0	0	0	0	0	0	0	0
2021-01-25	0	0	0	0	0	0	0	0
2021-01-26	0	0	0	0	0	0	0	0
2021-01-27	0	0	0	0	0	0	0	0
2021-01-28	0	0	0	0	0	0	0	0
2021-01-29	0	0	0	0	0	0	0	0
2021-01-30	0	0	0	0	0	0	0	0
2021-01-31	0	0	0	0	0	0	0	0
2021-02-01	0	0	0.18350303052045067	0.07502128267238933	0.07735350631170357	0.10948246908571342	0.1057042145967283	0.15435727900595944
2021-02-02	0	0	0	0	0	0	0	0
2021-02-03	0	0	0	0	0	0	0	0
2021-02-04	0	0	0	0	0	0	0	0
2021-02-05	0	0	0	0	0	0	0	0
2021-02-06	0	0	0	0	0	0	0	0
2021-02-07	0	0	0	0	0	0	0	0
2021-02-08	0	0	0	0	0	0	0	0
2021-02-09	0	0	0	0	0	0	0	0
2021-02-10	0	0	0	0	0	0	0	0
2021-02-11	0	0	0	0	0	0	0	0
2021-02-12	0	0	0	0	0	0	0	0
2021-02-13	0	0	0	0	0	0	0	0
2021-02-14	0	0	0	0	0	0	0	0
2021-02-15	0	0	0.2333177263183308	0.09909864151113215	0.10111094342194812	0.1542228506331566	0.140716164529899	0.19119942205507434
2021-02-16	0	0	0	0	0	0	0	0
2021-02-17	0	0	0	0	0	0	0	0
2021-02-18	0	0	0	0	0	0	0	0
2021-02-19	0	0	0	0	0	0	0	0
2021-02-20	0	0	0	0	0	0	0	0
2021-02-21	0	0	0	0	0	0	0	0
2021-02-22	0	0	0	0	0	0	0	0
2021-02-23	0	0	0	0	0	0	0	0
2021-02-24	0	0	0	0	0	0	0	0
2021-02-25	0	0	0	0	0	0	0	0
2021-02-26	0	0	0	0	0	0	0	0
2021-02-27	0	0	0	0	0	0	0	0
2021-02-28	0	0	0	0	0	0	0	0
2021-03-01	0	0	0.2856580288873329	0.12958427326565997	0.13376467597943864	0.18800520182125882	0.18889627769109707	0.22739105043466104
2021-03-02	0	0	0	0	0	0	0	0
2021-03-03	0	0	0	0	0	0	0	0
2021-03-04	0	0	0	0	0	0	0	0
2021-03-05	0	0	0	0	0	0	0	0
2021-03-06	0	0	0	0	0	0	0	0
2021-03-07	0	0	0	0	0	0	0	0
2021-03-08	0	0	0	0	0	0	0	0
2021-03-09	0	0	0	0	0	0	0	0
2021-03-10	0	0	0	0	0	0	0	0
2021-03-11	0	0	0	0	0	0	0	0
2021-03-12	0	0	0	0	0	0	0	0
2021-03-13	0	0	0	0	0	0	0	0
2021-03-14	0	0	0	0	0	0	0	0
2021-03-15	0	0	0.3216477996797063	0.1538427502065153	0.15615671577880982	0.19922080009749765	0.22678025312344693	0.2513149151177871
2021-03-16	0	0	0	0	0	0	0	0
2021-03-17	0	0	0	0	0	0	0	0
2021-03-18	0	0	0	0	0	0	0	0
2021-03-19	0	0	0	0	0	0	0	0
2021-03-20	0	0	0	0	0	0	0	0
2021-03-21	0	0	0	0	0	0	0	0
2021-03-22	0	0	0	0	0	0	0	0
2021-03-23	0	0	0	0	0	0	0	0
2021-03-24	0	0	0	0	0	0	0	0
2021-03-25	0	0	0	0	0	0	0	0
2021-03-26	0	0	0	0	0	0	0	0
2021-03-27	0	0	0	0	0	0	0	0
2021-03-28	0	0	0	0	0	0	0	0
2021-03-29	0	0	0.33996630619067153	0.16931149730510892	0.17381075048557001	0.20732075474769623	0.25168703425669164	0.26951191526105744
2021-03-30	0	0	0	0	0	0	0	0
2021-03-31	0	0	0	0	0	0	0	0
2021-04-01	0	0	0	0	0	0	0	0
2021-04-02	0	0	0	0	0	0	0	0
2021-04-03	0	0	0	0	0	0	0	0
2021-04-04	0	0	0	0	0	0	0	0
2021-04-05	0	0	0	0	0	0	0	0
2021-04-06	0	0	0	0	0	0	0	0
2021-04-07	0	0	0	0	0	0	0	0
2021-04-08	0	0	0	0	0	0	0	0
2021-04-09	0	0	0	0	0	0	0	0
2021-04-10	0	0	0	0	0	0	0	0
2021-04-11	0	0	0	0	0	0	0	0
2021-04-12	0	0	0.35519774795963466	0.1872745473489629	0.186589860508236	0.23030808678671189	0.2673302958643444	0.29000884899131757
2021-04-13	0	0	0	0	0	0	0	0
2021-04-14	0	0	0	0	0	0	0	0
2021-04-15	0	0	0	0	0	0	0	0
2021-04-16	0	0	0	0	0	0	0	0
2021-04-17	0	0	0	0	0	0	0	0
2021-04-18	0	0	0	0	0	0	0	0
2021-04-19	0	0	0	0	0	0	0	0
2021-04-20	0	0	0	0	0	0	0	0
2021-04-21	0	0	0	0	0	0	0	0
2021-04-22	0	0	0	0	0	0	0	0
2021-04-23	0	0	0	0	0	0	0	0
2021-04-24	0	0	0	0	0	0	0	0
2021-04-25	0	0	0	0	0	0	0	0
2021-04-26	0	0	0.3690803580635908	0.2037232192326506	0.19994723435523556	0.24354380042341275	0.2787882980306853	0.30616447832505655
2021-04-27	0	0	0	0	0	0	0	0
2021-04-28	0	0	0	0	0	0	0	0
2021-04-29	0	0	0	0	0	0	0	0
2021-04-30	0	0	0	0	0	0	0	0
2021-05-01	0	0	0	0	0	0	0	0
2021-05-02	0	0	0	0	0	0	0	0
2021-05-03	0	0	0	0	0	0	0	0
2021-05-04	0	0	0	0	0	0	0	0
2021-05-05	0	0	0	0	0	0	0	0
2021-05-06	0	0	0	0	0	0	0	0
2021-05-07	0	0	0	0	0	0	0	0
2021-05-08	0	0	0	0	0	0	0	0
2021-05-09	0	0	0	0	0	0	0	0
2021-05-10	0	0	0.37655971676570615	0.2040654736874355	0.20932877957038892	0.23883407967350137	0.2853412896684892	0.3132941461541146
2021-05-11	0	0	0	0	0	0	0	0
2021-05-12	0	0	0	0	0	0	0	0
2021-05-13	0	0	0	0	0	0	0	0
2021-05-14	0	0	0	0	0	0	0	0
2021-05-15	0	0	0	0	0	0	0	0
2021-05-16	0	0	0	0	0	0	0	0
2021-05-17	0	0	0	0	0	0	0	0
2021-05-18	0	0	0	0	0	0	0	0
2021-05-19	0	0	0	0	0	0	0	0
2021-05-20	0	0	0	0	0	0	0	0
2021-05-21	0	0	0	0	0	0	0	0
2021-05-22	0	0	0	0	0	0	0	0
2021-05-23	0	0	0	0	0	0	0	0
2021-05-24	0	0	0.37150669896200167	0.20104914940706964	0.2139015693855249	0.22111886363417296	0.2900571225499644	0.314293788151687
2021-05-25	0	0	0	0	0	0	0	0
2021-05-26	0	0	0	0	0	0	0	0
2021-05-27	0	0	0	0	0	0	0	0
2021-05-28	0	0	0	0	0	0	0	0
2021-05-29	0	0	0	0	0	0	0	0
2021-05-30	0	0	0	0	0	0	0	0
2021-05-31	0	0	0	0	0	0	0	0
2021-06-01	0	0	0	0	0	0	0	0
2021-06-02	0	0	0	0	0	0	0	0
2021-06-03	0	0	0	0	0	0	0	0
2021-06-04	0	0	0	0	0	0	0	0
2021-06-05	0	0	0	0	0	0	0	0
2021-06-06	0	0	0	0	0	0	0	0
2021-06-07	0	0	0.4932321780278885	0.23642329794447572	0.2605713822218773	0.2549355634299826	0.36169837584838405	0.3993981173328076
