2020-02-17	0	0	0	0	0	0	0	0
2020-02-18	0	0	0	0	0	0	0	0
2020-02-19	0	0	0	0	0	0	0	0
2020-02-20	0	0	0	0	0	0	0	0
2020-02-21	0	0	0	0	0	0	0	0
2020-02-22	0	0	0	0	0	0	0	0
2020-02-23	0	0	0	0	0	0	0	0
2020-02-24	0	0	0	0	0	0	0	0
2020-02-25	0	0	0	0	0	0	0	0
2020-02-26	0	0	0	0	0	0	0	0
2020-02-27	0	0	0	0	0	0	0	0
2020-02-28	0	0	0	0	0	0	0	0
2020-02-29	0	0	0	0	0	0	0	0
2020-03-01	0	0	0	0	0	0	0	0
2020-03-02	0	0	0	0	0	0	0	0
2020-03-03	0	0	0	0	0	0	0	0
2020-03-04	0	0	0	0	0	0	0	0
2020-03-05	0	0	0	0	0	0	0	0
2020-03-06	0	0	0	0	0	0	0	0
2020-03-07	0	0	0	0	0	0	0	0
2020-03-08	0	0	0	0	0	0	0	0
2020-03-09	0	0	0	0	0	0	0	0
2020-03-10	0	0	0	0	0	0	0	0
2020-03-11	0	0	0	0	0	0	0	0
2020-03-12	0	0	0	0	0	0	0	0
2020-03-13	0	0	0	0	0	0	0	0
2020-03-14	0	0	0	0	0	0	0	0
2020-03-15	0	0	0	0	0	0	0	0
2020-03-16	0	0	0	0	0	0	0	0
2020-03-17	0	0	0	0	0	0	0	0
2020-03-18	0	0	0	0	0	0	0	0
2020-03-19	0	0	0	0	0	0	0	0
2020-03-20	0	0	0	0	0	0	0	0
2020-03-21	0	0	0	0	0	0	0	0
2020-03-22	0	0	0	0	0	0	0	0
2020-03-23	0	0	0	0	0	0	0	0
2020-03-24	0	0	0	0	0	0	0	0
2020-03-25	0	0	0	0	0	0	0	0
2020-03-26	0	0	0	0	0	0	0	0
2020-03-27	0	0	0	0	0	0	0	0
2020-03-28	0	0	0	0	0	0	0	0
2020-03-29	0	0	0	0	0	0	0	0
2020-03-30	0	0	0	0	0	0	0	0
2020-03-31	0	0	0	0	0	0	0	0
2020-04-01	0	0	0	0	0	0	0	0
2020-04-02	0	0	0	0	0	0	0	0
2020-04-03	0	0	0	0	0	0	0	0
2020-04-04	0	0	0	0	0	0	0	0
2020-04-05	0	0	0	0	0	0	0	0
2020-04-06	0	0	0	0	0	0	0	0
2020-04-07	0	0	0	0	0	0	0	0
2020-04-08	0	0	0	0	0	0	0	0
2020-04-09	0	0	0	0	0	0	0	0
2020-04-10	0	0	0	0	0	0	0	0
2020-04-11	0	0	0	0	0	0	0	0
2020-04-12	0	0	0	0	0	0	0	0
2020-04-13	0	0	0	0	0	0	0	0
2020-04-14	0	0	0	0	0	0	0	0
2020-04-15	0	0	0	0	0	0	0	0
2020-04-16	0	0	0	0	0	0	0	0
2020-04-17	0	0	0	0	0	0	0	0
2020-04-18	0	0	0	0	0	0	0	0
2020-04-19	0	0	0	0	0	0	0	0
2020-04-20	0	0	0	0	0	0	0	0
2020-04-21	0	0	0	0	0	0	0	0
2020-04-22	0	0	0	0	0	0	0	0
2020-04-23	0	0	0	0	0	0	0	0
2020-04-24	0	0	0	0	0	0	0	0
2020-04-25	0	0	0	0	0	0	0	0
2020-04-26	0	0	0	0	0	0	0	0
2020-04-27	0	0	0	0	0	0	0	0
2020-04-28	0	0	0	0	0	0	0	0
2020-04-29	0	0	0	0	0	0	0	0
2020-04-30	0	0	0	0	0	0	0	0
2020-05-01	0	0	0	0	0	0	0	0
2020-05-02	0	0	0	0	0	0	0	0
2020-05-03	0	0	0	0	0	0	0	0
2020-05-04	0	0	0	0	0	0	0	0
2020-05-05	0	0	0	0	0	0	0	0
2020-05-06	0	0	0	0	0	0	0	0
2020-05-07	0	0	0	0	0	0	0	0
2020-05-08	0	0	0	0	0	0	0	0
2020-05-09	0	0	0	0	0	0	0	0
2020-05-10	0	0	0	0	0	0	0	0
2020-05-11	0	0	0	0	0	0	0	0
2020-05-12	0	0	0	0	0	0	0	0
2020-05-13	0	0	0	0	0	0	0	0
2020-05-14	0	0	0	0	0	0	0	0
2020-05-15	0	0	0	0	0	0	0	0
2020-05-16	0	0	8.688453039554693	9.444989760748912	9.032612731015083	8.839755759094743	8.156368591524508	8.65224426041952
2020-05-17	0	0	0	0	0	0	0	0
2020-05-18	0	0	0	0	0	0	0	0
2020-05-19	0	0	0	0	0	0	0	0
2020-05-20	0	0	0	0	0	0	0	0
2020-05-21	0	0	0	0	0	0	0	0
2020-05-22	0	0	0	0	0	0	0	0
2020-05-23	0	0	0	0	0	0	0	0
2020-05-24	0	0	0	0	0	0	0	0
2020-05-25	0	0	0	0	0	0	0	0
2020-05-26	0	0	0	0	0	0	0	0
2020-05-27	0	0	0	0	0	0	0	0
2020-05-28	0	0	0	0	0	0	0	0
2020-05-29	0	0	0	0	0	0	0	0
2020-05-30	0	0	8.520738969449303	9.130896786845973	8.780829592468818	8.618517279099256	7.800448259571478	8.347777498556246
2020-05-31	0	0	0	0	0	0	0	0
2020-06-01	0	0	0	0	0	0	0	0
2020-06-02	0	0	0	0	0	0	0	0
2020-06-03	0	0	0	0	0	0	0	0
2020-06-04	0	0	0	0	0	0	0	0
2020-06-05	0	0	0	0	0	0	0	0
2020-06-06	0	0	0	0	0	0	0	0
2020-06-07	0	0	0	0	0	0	0	0
2020-06-08	0	0	0	0	0	0	0	0
2020-06-09	0	0	0	0	0	0	0	0
2020-06-10	0	0	0	0	0	0	0	0
2020-06-11	0	0	0	0	0	0	0	0
2020-06-12	0	0	0	0	0	0	0	0
2020-06-13	0	0	8.58232064087801	9.076404946549616	8.845842215575564	8.616147626131173	7.7240915081194395	8.237170235210163
2020-06-14	0	0	0	0	0	0	0	0
2020-06-15	0	0	0	0	0	0	0	0
2020-06-16	0	0	0	0	0	0	0	0
2020-06-17	0	0	0	0	0	0	0	0
2020-06-18	0	0	0	0	0	0	0	0
2020-06-19	0	0	0	0	0	0	0	0
2020-06-20	0	0	0	0	0	0	0	0
2020-06-21	0	0	0	0	0	0	0	0
2020-06-22	0	0	0	0	0	0	0	0
2020-06-23	0	0	0	0	0	0	0	0
2020-06-24	0	0	0	0	0	0	0	0
2020-06-25	0	0	0	0	0	0	0	0
2020-06-26	0	0	0	0	0	0	0	0
2020-06-27	0	0	8.672022448801666	9.028252919710788	8.92997086037009	8.625107695945013	7.7239756344924455	8.128135528704764
2020-06-28	0	0	0	0	0	0	0	0
2020-06-29	0	0	0	0	0	0	0	0
2020-06-30	0	0	0	0	0	0	0	0
2020-07-01	0	0	0	0	0	0	0	0
2020-07-02	0	0	0	0	0	0	0	0
2020-07-03	0	0	0	0	0	0	0	0
2020-07-04	0	0	0	0	0	0	0	0
2020-07-05	0	0	0	0	0	0	0	0
2020-07-06	0	0	0	0	0	0	0	0
2020-07-07	0	0	0	0	0	0	0	0
2020-07-08	0	0	0	0	0	0	0	0
2020-07-09	0	0	0	0	0	0	0	0
2020-07-10	0	0	0	0	0	0	0	0
2020-07-11	0	0	8.706826060937225	8.96199612125327	8.857799685515193	8.616179230691568	7.739009070496791	8.005187026211996
2020-07-12	0	0	0	0	0	0	0	0
2020-07-13	0	0	0	0	0	0	0	0
2020-07-14	0	0	0	0	0	0	0	0
2020-07-15	0	0	0	0	0	0	0	0
2020-07-16	0	0	0	0	0	0	0	0
2020-07-17	0	0	0	0	0	0	0	0
2020-07-18	0	0	0	0	0	0	0	0
2020-07-19	0	0	0	0	0	0	0	0
2020-07-20	0	0	0	0	0	0	0	0
2020-07-21	0	0	0	0	0	0	0	0
2020-07-22	0	0	0	0	0	0	0	0
2020-07-23	0	0	0	0	0	0	0	0
2020-07-24	0	0	0	0	0	0	0	0
2020-07-25	0	0	8.6030205430894	8.86449637602618	8.641859260789738	8.583016605470496	7.689433851406557	7.8605387833444835
2020-07-26	0	0	0	0	0	0	0	0
2020-07-27	0	0	0	0	0	0	0	0
2020-07-28	0	0	0	0	0	0	0	0
2020-07-29	0	0	0	0	0	0	0	0
2020-07-30	0	0	0	0	0	0	0	0
2020-07-31	0	0	0	0	0	0	0	0
2020-08-01	0	0	0	0	0	0	0	0
2020-08-02	0	0	0	0	0	0	0	0
2020-08-03	0	0	0	0	0	0	0	0
2020-08-04	0	0	0	0	0	0	0	0
2020-08-05	0	0	0	0	0	0	0	0
2020-08-06	0	0	0	0	0	0	0	0
2020-08-07	0	0	0	0	0	0	0	0
2020-08-08	0	0	8.24326826395223	8.66347580962422	8.266379408740887	8.415000716662286	7.4108148647264	7.566119710207263
2020-08-09	0	0	0	0	0	0	0	0
2020-08-10	0	0	0	0	0	0	0	0
2020-08-11	0	0	0	0	0	0	0	0
2020-08-12	0	0	0	0	0	0	0	0
2020-08-13	0	0	0	0	0	0	0	0
2020-08-14	0	0	0	0	0	0	0	0
2020-08-15	0	0	0	0	0	0	0	0
2020-08-16	0	0	0	0	0	0	0	0
2020-08-17	0	0	0	0	0	0	0	0
2020-08-18	0	0	0	0	0	0	0	0
2020-08-19	0	0	0	0	0	0	0	0
2020-08-20	0	0	0	0	0	0	0	0
2020-08-21	0	0	0	0	0	0	0	0
2020-08-22	0	0	7.837789338395125	8.57940624745776	8.056618321804335	8.279191538867934	7.149636361404223	7.278557947701178
2020-08-23	0	0	0	0	0	0	0	0
2020-08-24	0	0	0	0	0	0	0	0
2020-08-25	0	0	0	0	0	0	0	0
2020-08-26	0	0	0	0	0	0	0	0
2020-08-27	0	0	0	0	0	0	0	0
2020-08-28	0	0	0	0	0	0	0	0
2020-08-29	0	0	0	0	0	0	0	0
2020-08-30	0	0	0	0	0	0	0	0
2020-08-31	0	0	0	0	0	0	0	0
2020-09-01	0	0	0	0	0	0	0	0
2020-09-02	0	0	0	0	0	0	0	0
2020-09-03	0	0	0	0	0	0	0	0
2020-09-04	0	0	0	0	0	0	0	0
2020-09-05	0	0	7.532748321156883	8.685200130617151	8.259177344181612	8.277949489401893	7.0592618354095285	7.110498990981271
2020-09-06	0	0	0	0	0	0	0	0
2020-09-07	0	0	0	0	0	0	0	0
2020-09-08	0	0	0	0	0	0	0	0
2020-09-09	0	0	0	0	0	0	0	0
2020-09-10	0	0	0	0	0	0	0	0
2020-09-11	0	0	0	0	0	0	0	0
2020-09-12	0	0	0	0	0	0	0	0
2020-09-13	0	0	0	0	0	0	0	0
2020-09-14	0	0	0	0	0	0	0	0
2020-09-15	0	0	0	0	0	0	0	0
2020-09-16	0	0	0	0	0	0	0	0
2020-09-17	0	0	0	0	0	0	0	0
2020-09-18	0	0	0	0	0	0	0	0
2020-09-19	0	0	7.314028436969082	8.853896426405507	8.638660060826728	8.426833289787227	7.1040129626844335	7.062167130945281
2020-09-20	0	0	0	0	0	0	0	0
2020-09-21	0	0	0	0	0	0	0	0
2020-09-22	0	0	0	0	0	0	0	0
2020-09-23	0	0	0	0	0	0	0	0
2020-09-24	0	0	0	0	0	0	0	0
2020-09-25	0	0	0	0	0	0	0	0
2020-09-26	0	0	0	0	0	0	0	0
2020-09-27	0	0	0	0	0	0	0	0
2020-09-28	0	0	0	0	0	0	0	0
2020-09-29	0	0	0	0	0	0	0	0
2020-09-30	0	0	0	0	0	0	0	0
2020-10-01	0	0	0	0	0	0	0	0
2020-10-02	0	0	0	0	0	0	0	0
2020-10-03	0	0	7.3215100446784405	9.22904235290564	8.992296110221044	8.752821187618963	7.3376751687898825	7.211801038026374
2020-10-04	0	0	0	0	0	0	0	0
2020-10-05	0	0	0	0	0	0	0	0
2020-10-06	0	0	0	0	0	0	0	0
2020-10-07	0	0	0	0	0	0	0	0
2020-10-08	0	0	0	0	0	0	0	0
2020-10-09	0	0	0	0	0	0	0	0
2020-10-10	0	0	0	0	0	0	0	0
2020-10-11	0	0	0	0	0	0	0	0
2020-10-12	0	0	0	0	0	0	0	0
2020-10-13	0	0	0	0	0	0	0	0
2020-10-14	0	0	0	0	0	0	0	0
2020-10-15	0	0	0	0	0	0	0	0
2020-10-16	0	0	0	0	0	0	0	0
2020-10-17	0	0	7.78221659337595	9.793204242885984	9.479563116807284	9.262606139355112	7.8897060429999	7.644883391858188
2020-10-18	0	0	0	0	0	0	0	0
2020-10-19	0	0	0	0	0	0	0	0
2020-10-20	0	0	0	0	0	0	0	0
2020-10-21	0	0	0	0	0	0	0	0
2020-10-22	0	0	0	0	0	0	0	0
2020-10-23	0	0	0	0	0	0	0	0
2020-10-24	0	0	0	0	0	0	0	0
2020-10-25	0	0	0	0	0	0	0	0
2020-10-26	0	0	0	0	0	0	0	0
2020-10-27	0	0	0	0	0	0	0	0
2020-10-28	0	0	0	0	0	0	0	0
2020-10-29	0	0	0	0	0	0	0	0
2020-10-30	0	0	0	0	0	0	0	0
2020-10-31	0	0	8.18646072558108	10.141315901044553	9.598370874455243	9.459353075378315	8.092646992029827	7.821434342442526
2020-11-01	0	0	0	0	0	0	0	0
2020-11-02	0	0	0	0	0	0	0	0
2020-11-03	0	0	0	0	0	0	0	0
2020-11-04	0	0	0	0	0	0	0	0
2020-11-05	0	0	0	0	0	0	0	0
2020-11-06	0	0	0	0	0	0	0	0
2020-11-07	0	0	0	0	0	0	0	0
2020-11-08	0	0	0	0	0	0	0	0
2020-11-09	0	0	0	0	0	0	0	0
2020-11-10	0	0	0	0	0	0	0	0
2020-11-11	0	0	0	0	0	0	0	0
2020-11-12	0	0	0	0	0	0	0	0
2020-11-13	0	0	0	0	0	0	0	0
2020-11-14	0	0	8.373145570227528	10.156388136486278	9.657141301254972	9.600822840621262	8.033887502662209	7.745690398533303
2020-11-15	0	0	0	0	0	0	0	0
2020-11-16	0	0	0	0	0	0	0	0
2020-11-17	0	0	0	0	0	0	0	0
2020-11-18	0	0	0	0	0	0	0	0
2020-11-19	0	0	0	0	0	0	0	0
2020-11-20	0	0	0	0	0	0	0	0
2020-11-21	0	0	0	0	0	0	0	0
2020-11-22	0	0	0	0	0	0	0	0
2020-11-23	0	0	0	0	0	0	0	0
2020-11-24	0	0	0	0	0	0	0	0
2020-11-25	0	0	0	0	0	0	0	0
2020-11-26	0	0	0	0	0	0	0	0
2020-11-27	0	0	0	0	0	0	0	0
2020-11-28	0	0	8.312410553507423	9.985738713890301	9.586608544759141	9.854182847943054	7.856625898453014	7.509489521209097
2020-11-29	0	0	0	0	0	0	0	0
2020-11-30	0	0	0	0	0	0	0	0
2020-12-01	0	0	0	0	0	0	0	0
2020-12-02	0	0	0	0	0	0	0	0
2020-12-03	0	0	0	0	0	0	0	0
2020-12-04	0	0	0	0	0	0	0	0
2020-12-05	0	0	0	0	0	0	0	0
2020-12-06	0	0	0	0	0	0	0	0
2020-12-07	0	0	0	0	0	0	0	0
2020-12-08	0	0	0	0	0	0	0	0
2020-12-09	0	0	0	0	0	0	0	0
2020-12-10	0	0	0	0	0	0	0	0
2020-12-11	0	0	0	0	0	0	0	0
2020-12-12	0	0	8.966484381924246	10.727667110418473	10.374430354957267	10.721023883571068	8.585110698453473	8.065380345414551
2020-12-13	0	0	0	0	0	0	0	0
2020-12-14	0	0	0	0	0	0	0	0
2020-12-15	0	0	0	0	0	0	0	0
2020-12-16	0	0	0	0	0	0	0	0
2020-12-17	0	0	0	0	0	0	0	0
2020-12-18	0	0	0	0	0	0	0	0
2020-12-19	0	0	0	0	0	0	0	0
2020-12-20	0	0	0	0	0	0	0	0
2020-12-21	0	0	0	0	0	0	0	0
2020-12-22	0	0	0	0	0	0	0	0
2020-12-23	0	0	0	0	0	0	0	0
2020-12-24	0	0	0	0	0	0	0	0
2020-12-25	0	0	0	0	0	0	0	0
2020-12-26	0	0	9.593910447174059	11.537512923654559	11.205469074339785	11.021126254332508	9.412633839341666	8.810545767454208
2020-12-27	0	0	0	0	0	0	0	0
2020-12-28	0	0	0	0	0	0	0	0
2020-12-29	0	0	0	0	0	0	0	0
2020-12-30	0	0	0	0	0	0	0	0
2020-12-31	0	0	0	0	0	0	0	0
2021-01-01	0	0	0	0	0	0	0	0
2021-01-02	0	0	0	0	0	0	0	0
2021-01-03	0	0	0	0	0	0	0	0
2021-01-04	0	0	0	0	0	0	0	0
2021-01-05	0	0	0	0	0	0	0	0
2021-01-06	0	0	0	0	0	0	0	0
2021-01-07	0	0	0	0	0	0	0	0
2021-01-08	0	0	0	0	0	0	0	0
2021-01-09	0	0	9.382502534808628	11.452375348149987	11.09132103747833	10.519574559297837	9.386416247319646	8.864245850534488
2021-01-10	0	0	0	0	0	0	0	0
2021-01-11	0	0	0	0	0	0	0	0
2021-01-12	0	0	0	0	0	0	0	0
2021-01-13	0	0	0	0	0	0	0	0
2021-01-14	0	0	0	0	0	0	0	0
2021-01-15	0	0	0	0	0	0	0	0
2021-01-16	0	0	0	0	0	0	0	0
2021-01-17	0	0	0	0	0	0	0	0
2021-01-18	0	0	0	0	0	0	0	0
2021-01-19	0	0	0	0	0	0	0	0
2021-01-20	0	0	0	0	0	0	0	0
2021-01-21	0	0	0	0	0	0	0	0
2021-01-22	0	0	0	0	0	0	0	0
2021-01-23	0	0	9.262579851739778	11.200863418159415	10.783539005745219	10.291721855799938	9.32604886930533	8.737612204767176
2021-01-24	0	0	0	0	0	0	0	0
2021-01-25	0	0	0	0	0	0	0	0
2021-01-26	0	0	0	0	0	0	0	0
2021-01-27	0	0	0	0	0	0	0	0
2021-01-28	0	0	0	0	0	0	0	0
2021-01-29	0	0	0	0	0	0	0	0
2021-01-30	0	0	0	0	0	0	0	0
2021-01-31	0	0	0	0	0	0	0	0
2021-02-01	0	0	0	0	0	0	0	0
2021-02-02	0	0	0	0	0	0	0	0
2021-02-03	0	0	0	0	0	0	0	0
2021-02-04	0	0	0	0	0	0	0	0
2021-02-05	0	0	0	0	0	0	0	0
2021-02-06	0	0	8.781418551714916	10.61342830541299	10.21596983740922	9.509557169623712	8.858446820184382	8.27380029176569
2021-02-07	0	0	0	0	0	0	0	0
2021-02-08	0	0	0	0	0	0	0	0
2021-02-09	0	0	0	0	0	0	0	0
2021-02-10	0	0	0	0	0	0	0	0
2021-02-11	0	0	0	0	0	0	0	0
2021-02-12	0	0	0	0	0	0	0	0
2021-02-13	0	0	0	0	0	0	0	0
2021-02-14	0	0	0	0	0	0	0	0
2021-02-15	0	0	0	0	0	0	0	0
2021-02-16	0	0	0	0	0	0	0	0
2021-02-17	0	0	0	0	0	0	0	0
2021-02-18	0	0	0	0	0	0	0	0
2021-02-19	0	0	0	0	0	0	0	0
2021-02-20	0	0	8.118315526198062	9.932449826789753	9.496395448528522	8.717498669376132	8.068084944755304	7.692228272936555
2021-02-21	0	0	0	0	0	0	0	0
2021-02-22	0	0	0	0	0	0	0	0
2021-02-23	0	0	0	0	0	0	0	0
2021-02-24	0	0	0	0	0	0	0	0
2021-02-25	0	0	0	0	0	0	0	0
2021-02-26	0	0	0	0	0	0	0	0
2021-02-27	0	0	0	0	0	0	0	0
2021-02-28	0	0	0	0	0	0	0	0
2021-03-01	0	0	0	0	0	0	0	0
2021-03-02	0	0	0	0	0	0	0	0
2021-03-03	0	0	0	0	0	0	0	0
2021-03-04	0	0	0	0	0	0	0	0
2021-03-05	0	0	0	0	0	0	0	0
2021-03-06	0	0	7.618208344800771	9.232127625857489	8.926786467494052	8.380306439450905	7.336413717972942	7.221557532561723
2021-03-07	0	0	0	0	0	0	0	0
2021-03-08	0	0	0	0	0	0	0	0
2021-03-09	0	0	0	0	0	0	0	0
2021-03-10	0	0	0	0	0	0	0	0
2021-03-11	0	0	0	0	0	0	0	0
2021-03-12	0	0	0	0	0	0	0	0
2021-03-13	0	0	0	0	0	0	0	0
2021-03-14	0	0	0	0	0	0	0	0
2021-03-15	0	0	0	0	0	0	0	0
2021-03-16	0	0	0	0	0	0	0	0
2021-03-17	0	0	0	0	0	0	0	0
2021-03-18	0	0	0	0	0	0	0	0
2021-03-19	0	0	0	0	0	0	0	0
2021-03-20	0	0	7.5568516663575585	9.044496457480859	8.660392218184693	8.541604555802131	7.040946973983402	7.16440895901763
2021-03-21	0	0	0	0	0	0	0	0
2021-03-22	0	0	0	0	0	0	0	0
2021-03-23	0	0	0	0	0	0	0	0
2021-03-24	0	0	0	0	0	0	0	0
2021-03-25	0	0	0	0	0	0	0	0
2021-03-26	0	0	0	0	0	0	0	0
2021-03-27	0	0	0	0	0	0	0	0
2021-03-28	0	0	0	0	0	0	0	0
2021-03-29	0	0	0	0	0	0	0	0
2021-03-30	0	0	0	0	0	0	0	0
2021-03-31	0	0	0	0	0	0	0	0
2021-04-01	0	0	0	0	0	0	0	0
2021-04-02	0	0	0	0	0	0	0	0
2021-04-03	0	0	7.518379272206819	8.900935076587238	8.458858442327868	8.43644994350087	6.850894010124639	7.026484007719199
2021-04-04	0	0	0	0	0	0	0	0
2021-04-05	0	0	0	0	0	0	0	0
2021-04-06	0	0	0	0	0	0	0	0
2021-04-07	0	0	0	0	0	0	0	0
2021-04-08	0	0	0	0	0	0	0	0
2021-04-09	0	0	0	0	0	0	0	0
2021-04-10	0	0	0	0	0	0	0	0
2021-04-11	0	0	0	0	0	0	0	0
2021-04-12	0	0	0	0	0	0	0	0
2021-04-13	0	0	0	0	0	0	0	0
2021-04-14	0	0	0	0	0	0	0	0
2021-04-15	0	0	0	0	0	0	0	0
2021-04-16	0	0	0	0	0	0	0	0
2021-04-17	0	0	7.338112824713567	8.545552470436402	8.135337230258052	8.05797343427876	6.615632759553685	6.713524882786274
2021-04-18	0	0	0	0	0	0	0	0
2021-04-19	0	0	0	0	0	0	0	0
2021-04-20	0	0	0	0	0	0	0	0
2021-04-21	0	0	0	0	0	0	0	0
2021-04-22	0	0	0	0	0	0	0	0
2021-04-23	0	0	0	0	0	0	0	0
2021-04-24	0	0	0	0	0	0	0	0
2021-04-25	0	0	0	0	0	0	0	0
2021-04-26	0	0	0	0	0	0	0	0
2021-04-27	0	0	0	0	0	0	0	0
2021-04-28	0	0	0	0	0	0	0	0
2021-04-29	0	0	0	0	0	0	0	0
2021-04-30	0	0	0	0	0	0	0	0
2021-05-01	0	0	7.28007548451428	8.330695729870538	7.940299425659829	7.989656445729634	6.562182809673901	6.564749077173952
2021-05-02	0	0	0	0	0	0	0	0
2021-05-03	0	0	0	0	0	0	0	0
2021-05-04	0	0	0	0	0	0	0	0
2021-05-05	0	0	0	0	0	0	0	0
2021-05-06	0	0	0	0	0	0	0	0
2021-05-07	0	0	0	0	0	0	0	0
2021-05-08	0	0	0	0	0	0	0	0
2021-05-09	0	0	0	0	0	0	0	0
2021-05-10	0	0	0	0	0	0	0	0
2021-05-11	0	0	0	0	0	0	0	0
2021-05-12	0	0	0	0	0	0	0	0
2021-05-13	0	0	0	0	0	0	0	0
2021-05-14	0	0	0	0	0	0	0	0
2021-05-15	0	0	7.410180191430922	8.380621095202804	7.87407607750581	8.275951821420868	6.588587591262177	6.624720129407021
2021-05-16	0	0	0	0	0	0	0	0
2021-05-17	0	0	0	0	0	0	0	0
2021-05-18	0	0	0	0	0	0	0	0
2021-05-19	0	0	0	0	0	0	0	0
2021-05-20	0	0	0	0	0	0	0	0
2021-05-21	0	0	0	0	0	0	0	0
2021-05-22	0	0	0	0	0	0	0	0
2021-05-23	0	0	0	0	0	0	0	0
2021-05-24	0	0	0	0	0	0	0	0
2021-05-25	0	0	0	0	0	0	0	0
2021-05-26	0	0	0	0	0	0	0	0
2021-05-27	0	0	0	0	0	0	0	0
2021-05-28	0	0	0	0	0	0	0	0
2021-05-29	0	0	7.647627359540334	8.585841925419528	7.968850495726577	8.534244218794184	6.6237013000562	6.700803476127571
2021-05-30	0	0	0	0	0	0	0	0
2021-05-31	0	0	0	0	0	0	0	0
2021-06-01	0	0	0	0	0	0	0	0
2021-06-02	0	0	0	0	0	0	0	0
2021-06-03	0	0	0	0	0	0	0	0
2021-06-04	0	0	0	0	0	0	0	0
2021-06-05	0	0	0	0	0	0	0	0
2021-06-06	0	0	0	0	0	0	0	0
2021-06-07	0	0	0	0	0	0	0	0
2021-06-08	0	0	0	0	0	0	0	0
2021-06-09	0	0	0	0	0	0	0	0
2021-06-10	0	0	0	0	0	0	0	0
2021-06-11	0	0	0	0	0	0	0	0
2021-06-12	0	0	7.853797070518556	8.758642886894053	8.060280148762432	8.451144526424628	6.506663482188261	6.548052672308683
2021-06-13	0	0	0	0	0	0	0	0
2021-06-14	0	0	0	0	0	0	0	0
2021-06-15	0	0	0	0	0	0	0	0
2021-06-16	0	0	0	0	0	0	0	0
2021-06-17	0	0	0	0	0	0	0	0
2021-06-18	0	0	0	0	0	0	0	0
2021-06-19	0	0	0	0	0	0	0	0
2021-06-20	0	0	0	0	0	0	0	0
2021-06-21	0	0	0	0	0	0	0	0
2021-06-22	0	0	0	0	0	0	0	0
2021-06-23	0	0	0	0	0	0	0	0
2021-06-24	0	0	0	0	0	0	0	0
2021-06-25	0	0	0	0	0	0	0	0
2021-06-26	0	0	8.37373134007069	9.372428711758577	8.472364716351219	8.5446358267480491	6.588102958875238	6.577430977402037
