2020-02-17	0	0	0	0	0	0	0	0
2020-02-18	0	0	0	0	0	0	0	0
2020-02-19	0	0	0	0	0	0	0	0
2020-02-20	0	0	0	0	0	0	0	0
2020-02-21	0	0	0	0	0	0	0	0
2020-02-22	0	0	0	0	0	0	0	0
2020-02-23	0	0	0	0	0	0	0	0
2020-02-24	0	0	0	0	0	0	0	0
2020-02-25	0	0	0	0	0	0	0	0
2020-02-26	0	0	0	0	0	0	0	0
2020-02-27	0	0	0	0	0	0	0	0
2020-02-28	0	0	0	0	0	0	0	0
2020-02-29	0	0	0	0	0	0	0	0
2020-03-01	0	0	0	0	0	0	0	0
2020-03-02	0	0	0	0	0	0	0	0
2020-03-03	0	0	0	0	0	0	0	0
2020-03-04	0	0	0	0	0	0	0	0
2020-03-05	0	0	0	0	0	0	0	0
2020-03-06	0	0	0	0	0	0	0	0
2020-03-07	0	0	0	0	0	0	0	0
2020-03-08	0	0	0	0	0	0	0	0
2020-03-09	0	0	0	0	0	0	0	0
2020-03-10	0	0	0	0	0	0	0	0
2020-03-11	0	0	0	0	0	0	0	0
2020-03-12	0	0	0	0	0	0	0	0
2020-03-13	0	0	0	0	0	0	0	0
2020-03-14	0	0	0	0	0	0	0	0
2020-03-15	0	0	0	0	0	0	0	0
2020-03-16	0	0	0	0	0	0	0	0
2020-03-17	0	0	0	0	0	0	0	0
2020-03-18	0	0	0	0	0	0	0	0
2020-03-19	0	0	0	0	0	0	0	0
2020-03-20	0	0	0	0	0	0	0	0
2020-03-21	0	0	0	0	0	0	0	0
2020-03-22	0	0	0	0	0	0	0	0
2020-03-23	0	0	0	0	0	0	0	0
2020-03-24	0	0	0	0	0	0	0	0
2020-03-25	0	0	0	0	0	0	0	0
2020-03-26	0	0	0	0	0	0	0	0
2020-03-27	0	0	0	0	0	0	0	0
2020-03-28	0	0	0	0	0	0	0	0
2020-03-29	0	0	0	0	0	0	0	0
2020-03-30	0	0	0	0	0	0	0	0
2020-03-31	0	0	0	0	0	0	0	0
2020-04-01	0	0	0	0	0	0	0	0
2020-04-02	0	0	0	0	0	0	0	0
2020-04-03	0	0	0	0	0	0	0	0
2020-04-04	0	0	0	0	0	0	0	0
2020-04-05	0	0	0	0	0	0	0	0
2020-04-06	0	0	0	0	0	0	0	0
2020-04-07	0	0	0	0	0	0	0	0
2020-04-08	0	0	0	0	0	0	0	0
2020-04-09	0	0	0	0	0	0	0	0
2020-04-10	0	0	0	0	0	0	0	0
2020-04-11	0	0	0	0	0	0	0	0
2020-04-12	0	0	0	0	0	0	0	0
2020-04-13	0	0	0	0	0	0	0	0
2020-04-14	0	0	0	0	0	0	0	0
2020-04-15	0	0	0	0	0	0	0	0
2020-04-16	0	0	0	0	0	0	0	0
2020-04-17	0	0	0	0	0	0	0	0
2020-04-18	0	0	0	0	0	0	0	0
2020-04-19	0	0	0	0	0	0	0	0
2020-04-20	0	0	0	0	0	0	0	0
2020-04-21	0	0	0	0	0	0	0	0
2020-04-22	0	0	0	0	0	0	0	0
2020-04-23	0	0	0	0	0	0	0	0
2020-04-24	0	0	0	0	0	0	0	0
2020-04-25	0	0	0	0	0	0	0	0
2020-04-26	0	0	0	0	0	0	0	0
2020-04-27	0	0	0	0	0	0	0	0
2020-04-28	0	0	0	0	0	0	0	0
2020-04-29	0	0	0	0	0	0	0	0
2020-04-30	0	0	0	0	0	0	0	0
2020-05-01	0	0	0	0	0	0	0	0
2020-05-02	0	0	0	0	0	0	0	0
2020-05-03	0	0	0	0	0	0	0	0
2020-05-04	0	0	0	0	0	0	0	0
2020-05-05	0	0	0	0	0	0	0	0
2020-05-06	0	0	0	0	0	0	0	0
2020-05-07	0	0	0	0	0	0	0	0
2020-05-08	0	0	0	0	0	0	0	0
2020-05-09	0	0	0	0	0	0	0	0
2020-05-10	0	0	0	0	0	0	0	0
2020-05-11	0	0	0	0	0	0	0	0
2020-05-12	0	0	0	0	0	0	0	0
2020-05-13	0	0	0	0	0	0	0	0
2020-05-14	0	0	0	0	0	0	0	0
2020-05-15	0	0	0	0	0	0	0	0
2020-05-16	0	0	0	0	0	0	0	0
2020-05-17	0	0	0	0	0	0	0	0
2020-05-18	0	0	0	0	0	0	0	0
2020-05-19	0	0	0	0	0	0	0	0
2020-05-20	0	0	0	0	0	0	0	0
2020-05-21	0	0	0	0	0	0	0	0
2020-05-22	0	0	0	0	0	0	0	0
2020-05-23	0	0	0	0	0	0	0	0
2020-05-24	0	0	0	0	0	0	0	0
2020-05-25	0	0	0	0	0	0	0	0
2020-05-26	0	0	0	0	0	0	0	0
2020-05-27	0	0	0	0	0	0	0	0
2020-05-28	0	0	0	0	0	0	0	0
2020-05-29	0	0	0	0	0	0	0	0
2020-05-30	0	0	0	0	0	0	0	0
2020-05-31	0	0	0	0	0	0	0	0
2020-06-01	0	0	0	0	0	0	0	0
2020-06-02	0	0	0	0	0	0	0	0
2020-06-03	0	0	0	0	0	0	0	0
2020-06-04	0	0	0	0	0	0	0	0
2020-06-05	0	0	0	0	0	0	0	0
2020-06-06	0	0	0	0	0	0	0	0
2020-06-07	0	0	0	0	0	0	0	0
2020-06-08	0	0	0	0	0	0	0	0
2020-06-09	0	0	0	0	0	0	0	0
2020-06-10	0	0	0	0	0	0	0	0
2020-06-11	0	0	0	0	0	0	0	0
2020-06-12	0	0	0	0	0	0	0	0
2020-06-13	0	0	0	0	0	0	0	0
2020-06-14	0	0	0	0	0	0	0	0
2020-06-15	0	0	0	0	0	0	0	0
2020-06-16	0	0	0	0	0	0	0	0
2020-06-17	0	0	0	0	0	0	0	0
2020-06-18	0	0	0	0	0	0	0	0
2020-06-19	0	0	0	0	0	0	0	0
2020-06-20	0	0	0	0	0	0	0	0
2020-06-21	0	0	0	0	0	0	0	0
2020-06-22	0	0	0	0	0	0	0	0
2020-06-23	0	0	0	0	0	0	0	0
2020-06-24	0	0	0	0	0	0	0	0
2020-06-25	0	0	0	0	0	0	0	0
2020-06-26	0	0	0	0	0	0	0	0
2020-06-27	0	0	0	0	0	0	0	0
2020-06-28	0	0	0	0	0	0	0	0
2020-06-29	0	0	0	0	0	0	0	0
2020-06-30	0	0	0	0	0	0	0	0
2020-07-01	0	0	0	0	0	0	0	0
2020-07-02	0	0	0	0	0	0	0	0
2020-07-03	0	0	0	0	0	0	0	0
2020-07-04	0	0	0	0	0	0	0	0
2020-07-05	0	0	0	0	0	0	0	0
2020-07-06	0	0	0	0	0	0	0	0
2020-07-07	0	0	0	0	0	0	0	0
2020-07-08	0	0	0	0	0	0	0	0
2020-07-09	0	0	0	0	0	0	0	0
2020-07-10	0	0	0	0	0	0	0	0
2020-07-11	0	0	0	0	0	0	0	0
2020-07-12	0	0	0	0	0	0	0	0
2020-07-13	0	0	0	0	0	0	0	0
2020-07-14	0	0	0	0	0	0	0	0
2020-07-15	0	0	0	0	0	0	0	0
2020-07-16	0	0	0	0	0	0	0	0
2020-07-17	0	0	0	0	0	0	0	0
2020-07-18	0	0	0	0	0	0	0	0
2020-07-19	0	0	0	0	0	0	0	0
2020-07-20	0	0	0	0	0	0	0	0
2020-07-21	0	0	0	0	0	0	0	0
2020-07-22	0	0	0	0	0	0	0	0
2020-07-23	0	0	0	0	0	0	0	0
2020-07-24	0	0	0	0	0	0	0	0
2020-07-25	0	0	0	0	0	0	0	0
2020-07-26	0	0	0	0	0	0	0	0
2020-07-27	0	0	0	0	0	0	0	0
2020-07-28	0	0	0	0	0	0	0	0
2020-07-29	0	0	0	0	0	0	0	0
2020-07-30	0	0	0	0	0	0	0	0
2020-07-31	0	0	0	0	0	0	0	0
2020-08-01	0	0	0	0	0	0	0	0
2020-08-02	0	0	0	0	0	0	0	0
2020-08-03	0	0	0	0	0	0	0	0
2020-08-04	0	0	0	0	0	0	0	0
2020-08-05	0	0	0	0	0	0	0	0
2020-08-06	0	0	0	0	0	0	0	0
2020-08-07	0	0	0	0	0	0	0	0
2020-08-08	0	0	0	0	0	0	0	0
2020-08-09	0	0	0	0	0	0	0	0
2020-08-10	0	0	0	0	0	0	0	0
2020-08-11	0	0	0	0	0	0	0	0
2020-08-12	0	0	0	0	0	0	0	0
2020-08-13	0	0	0	0	0	0	0	0
2020-08-14	0	0	0	0	0	0	0	0
2020-08-15	0	0	0	0	0	0	0	0
2020-08-16	0	0	0	0	0	0	0	0
2020-08-17	0	0	0	0	0	0	0	0
2020-08-18	0	0	0	0	0	0	0	0
2020-08-19	0	0	0	0	0	0	0	0
2020-08-20	0	0	0	0	0	0	0	0
2020-08-21	0	0	0	0	0	0	0	0
2020-08-22	0	0	0	0	0	0	0	0
2020-08-23	0	0	0	0	0	0	0	0
2020-08-24	0	0	0	0	0	0	0	0
2020-08-25	0	0	0	0	0	0	0	0
2020-08-26	0	0	0	0	0	0	0	0
2020-08-27	0	0	0	0	0	0	0	0
2020-08-28	0	0	0	0	0	0	0	0
2020-08-29	0	0	0	0	0	0	0	0
2020-08-30	0	0	0	0	0	0	0	0
2020-08-31	0	0	0	0	0	0	0	0
2020-09-01	0	0	0	0	0	0	0	0
2020-09-02	0	0	0	0	0	0	0	0
2020-09-03	0	0	0	0	0	0	0	0
2020-09-04	0	0	0	0	0	0	0	0
2020-09-05	0	0	0	0	0	0	0	0
2020-09-06	0	0	0	0	0	0	0	0
2020-09-07	0	0	0	0	0	0	0	0
2020-09-08	0	0	0	0	0	0	0	0
2020-09-09	0	0	0	0	0	0	0	0
2020-09-10	0	0	0	0	0	0	0	0
2020-09-11	0	0	0	0	0	0	0	0
2020-09-12	0	0	0	0	0	0	0	0
2020-09-13	0	0	0	0	0	0	0	0
2020-09-14	0	0	0	0	0	0	0	0
2020-09-15	0	0	0	0	0	0	0	0
2020-09-16	0	0	0	0	0	0	0	0
2020-09-17	0	0	0	0	0	0	0	0
2020-09-18	0	0	0	0	0	0	0	0
2020-09-19	0	0	0	0	0	0	0	0
2020-09-20	0	0	0	0	0	0	0	0
2020-09-21	0	0	0	0	0	0	0	0
2020-09-22	0	0	0	0	0	0	0	0
2020-09-23	0	0	0	0	0	0	0	0
2020-09-24	0	0	0	0	0	0	0	0
2020-09-25	0	0	0	0	0	0	0	0
2020-09-26	0	0	0	0	0	0	0	0
2020-09-27	0	0	0	0	0	0	0	0
2020-09-28	0	0	0	0	0	0	0	0
2020-09-29	0	0	0	0	0	0	0	0
2020-09-30	0	0	0	0	0	0	0	0
2020-10-01	0	0	0	0	0	0	0	0
2020-10-02	0	0	0	0	0	0	0	0
2020-10-03	0	0	0	0	0	0	0	0
2020-10-04	0	0	0	0	0	0	0	0
2020-10-05	0	0	0	0	0	0	0	0
2020-10-06	0	0	0	0	0	0	0	0
2020-10-07	0	0	0	0	0	0	0	0
2020-10-08	0	0	0	0	0	0	0	0
2020-10-09	0	0	0	0	0	0	0	0
2020-10-10	0	0	0	0	0	0	0	0
2020-10-11	0	0	0	0	0	0	0	0
2020-10-12	0	0	0	0	0	0	0	0
2020-10-13	0	0	0	0	0	0	0	0
2020-10-14	0	0	0	0	0	0	0	0
2020-10-15	0	0	0	0	0	0	0	0
2020-10-16	0	0	0	0	0	0	0	0
2020-10-17	0	0	0	0	0	0	0	0
2020-10-18	0	0	0	0	0	0	0	0
2020-10-19	0	0	0	0	0	0	0	0
2020-10-20	0	0	0	0	0	0	0	0
2020-10-21	0	0	0	0	0	0	0	0
2020-10-22	0	0	0	0	0	0	0	0
2020-10-23	0	0	0	0	0	0	0	0
2020-10-24	0	0	0	0	0	0	0	0
2020-10-25	0	0	0	0	0	0	0	0
2020-10-26	0	0	0	0	0	0	0	0
2020-10-27	0	0	0	0	0	0	0	0
2020-10-28	0	0	0	0	0	0	0	0
2020-10-29	0	0	0	0	0	0	0	0
2020-10-30	0	0	0	0	0	0	0	0
2020-10-31	0	0	0	0	0	0	0	0
2020-11-01	0	0	0	0	0	0	0	0
2020-11-02	0	0	0	0	0	0	0	0
2020-11-03	0	0	0	0	0	0	0	0
2020-11-04	0	0	0	0	0	0	0	0
2020-11-05	0	0	0	0	0	0	0	0
2020-11-06	0	0	0	0	0	0	0	0
2020-11-07	0	0	0	0	0	0	0	0
2020-11-08	0	0	0	0	0	0	0	0
2020-11-09	0	0	0	0	0	0	0	0
2020-11-10	0	0	0	0	0	0	0	0
2020-11-11	0	0	0	0	0	0	0	0
2020-11-12	0	0	0	0	0	0	0	0
2020-11-13	0	0	0	0	0	0	0	0
2020-11-14	0	0	0	0	0	0	0	0
2020-11-15	0	0	0	0	0	0	0	0
2020-11-16	0	0	0	0	0	0	0	0
2020-11-17	0	0	0	0	0	0	0	0
2020-11-18	0	0	0	0	0	0	0	0
2020-11-19	0	0	0	0	0	0	0	0
2020-11-20	0	0	0	0	0	0	0	0
2020-11-21	0	0	0	0	0	0	0	0
2020-11-22	0	0	0	0	0	0	0	0
2020-11-23	0	0	0	0	0	0	0	0
2020-11-24	0	0	0	0	0	0	0	0
2020-11-25	0	0	0	0	0	0	0	0
2020-11-26	0	0	0	0	0	0	0	0
2020-11-27	0	0	0	0	0	0	0	0
2020-11-28	0	0	0	0	0	0	0	0
2020-11-29	0	0	0	0	0	0	0	0
2020-11-30	0	0	0	0	0	0	0	0
2020-12-01	0	0	0	0	0	0	0	0
2020-12-02	0	0	0	0	0	0	0	0
2020-12-03	0	0	0	0	0	0	0	0
2020-12-04	0	0	0	0	0	0	0	0
2020-12-05	0	0	0	0	0	0	0	0
2020-12-06	0	0	0	0	0	0	0	0
2020-12-07	0	0	0	0	0	0	0	0
2020-12-08	0	0	0	0	0	0	0	0
2020-12-09	0	0	0	0	0	0	0	0
2020-12-10	0	0	0	0	0	0	0	0
2020-12-11	0	0	0	0	0	0	0	0
2020-12-12	0	0	0	0	0	0	0	0
2020-12-13	0	0	0	0	0	0	0	0
2020-12-14	0	0	0	0	0	0	0	0
2020-12-15	0	0	0	0	0	0	0	0
2020-12-16	0	0	0	0	0	0	0	0
2020-12-17	0	0	0	0	0	0	0	0
2020-12-18	0	0	0	0	0	0	0	0
2020-12-19	0	0	0	0	0	0	0	0
2020-12-20	0	0	0	0	0	0	0	0
2020-12-21	0	0	0	0	0	0	0	0
2020-12-22	0	0	0	0	0	0	0	0
2020-12-23	0	0	0	0	0	0	0	0
2020-12-24	0	0	0	0	0	0	0	0
2020-12-25	0	0	0	0	0	0	0	0
2020-12-26	0	0	0	0	0	0	0	0
2020-12-27	0	0	0	0	0	0	0	0
2020-12-28	0	0	0	0	0	0	0	0
2020-12-29	0	0	0	1.7720078500316205e-5	5.7460825436672636e-5	7.668147001194114e-5	2.043010434715775e-5	8.210168517175376e-5
2020-12-30	0	0	0	3.8160364053352325e-5	2.011201123248707e-4	2.4217466214171424e-4	3.745035063218438e-5	1.5060567051694562e-4
2020-12-31	0	0	0	6.134094067777873e-5	2.385942318019474e-4	2.9606191316422503e-4	7.150127810828799e-5	3.443296407252827e-4
2021-01-01	0	0	0	4.6350537093120536e-5	1.7981808363587426e-4	3.4731015608602256e-4	7.491140292970044e-5	7.026234199176695e-4
2021-01-02	0	0	0	5.180067082743989e-5	2.366840048295682e-4	3.2789687909073884e-4	4.7670568120716794e-5	6.070921402165919e-4
2021-01-03	0	0	0	6.135094098436156e-5	2.5346606126097626e-4	3.3878869444481374e-4	5.619078935126254e-5	1.0190259603470864e-4
2021-01-04	0	0	0	7.22613054240373e-5	2.1606167066146043e-4	2.1829191283972982e-4	4.427048996902272e-5	4.585525676144009e-4
2021-01-05	0	0	0	1.2817410715038058e-4	5.192374018698764e-4	6.79355380933444e-4	1.1919355177569813e-4	0.008806287675656721
2021-01-06	0	0	0	1.3500455655757193e-4	5.228583452123736e-4	7.088156048904448e-4	1.6689696364924345e-4	0.017230220121357664
2021-01-07	0	0	0	1.391148382345886e-4	5.73372188916732e-4	8.780827573322547e-4	2.4187462583369346e-4	0.018797536847886986
2021-01-08	0	0	0	1.609564767468541e-4	6.554874159381274e-4	0.0010673748222529422	4.225546381055878e-4	0.016995108427616534
2021-01-09	0	0	0	1.855486070714285e-4	7.531818207138219e-4	0.0011266973617363174	3.698842035810834e-4	0.02427471545257598
2021-01-10	0	0	0	2.5244593223705536e-4	9.44412978968634e-4	0.0015180961539831284	6.36071146626005e-4	0.018818534308378876
2021-01-11	0	0	0	2.2930314498315063e-4	8.075430314369303e-4	0.001188012843629238	3.5319118600352084e-4	0.009378388542915506
2021-01-12	0	0	0	1.720173974961714e-4	6.757141474023065e-4	9.252740330090159e-4	2.628472721721842e-4	0.007318490074241568
2021-01-13	0	0	0	1.8979900591564736e-4	6.391621320578356e-4	9.866133514764286e-4	2.731586539126418e-4	0.005696713135135978
2021-01-14	0	0	0	9.833241731604936e-5	2.861004633687436e-4	4.2231458740271677e-4	1.366146658916545e-4	0.003199559294920329
2021-01-15	0	0	0	0	0	0	0	0
2021-01-16	0	0	0	1.5020056400416593e-5	4.309046419703755e-5	4.218044479742389e-5	1.5370059059716112e-5	6.710112564034532e-5
2021-01-17	0	0	0	2.7320186598123186e-5	8.484179953271997e-5	1.299442213751334e-4	4.4400492851037754e-5	6.700011222493529e-6
2021-01-18	0	0	0	6.419103012200722e-5	2.828500010307877e-4	3.368283633367053e-4	5.6360794134846515e-5	1.296041993119612e-4
2021-01-19	0	0	0	2.049004960533729e-4	8.286916824762347e-4	0.0012731752438004396	6.406225993287329e-4	0.0065673826286478665
2021-01-20	0	0	0	3.5798203778480975e-4	0.0012212628707499729	0.0019063585507310687	0.001157424908104554	0.013891644446355933
2021-01-21	0	0	0	2.870305966409248e-4	0.0010660741285117847	0.001619555740198786	9.053949349970836e-4	0.01056761864093514
2021-01-22	0	0	0	1.2167370112226017e-4	3.574719465482268e-4	5.075143927146808e-4	1.7812793239002644e-4	0.0010149575346993789
2021-01-23	0	0	0	1.8184826719802594e-4	6.354809590123356e-4	8.979315702761781e-4	5.430937377020051e-4	0.006650156144185626
2021-01-24	0	0	0	2.010301032755457e-4	7.495604602207884e-4	0.0011365129154017328	2.468152294392567e-4	1.836084280135708e-4
2021-01-25	0	0	0	1.8328839865922042e-4	6.228269783612461e-4	7.742398618408863e-4	1.8343841241286185e-4	4.718556619414116e-4
2021-01-26	0	0	0	3.023528543122378e-4	0.001140895410584486	0.0014421699635509544	0.0011594360730018405	0.0030183776509109528
2021-01-27	0	0	0	4.406885515999548e-4	0.0014278496886832581	0.001847953733250085	5.511159321927028e-4	0.007704941530999099
2021-01-28	0	0	0	6.791553129847916e-4	0.0019878679047016234	0.002993490245963182	0.002363076032083411	0.024356307427880308
2021-01-29	0	0	1.3606742628180513e-6	0.0011072464987023078	0.0026498454201877575	0.0038947622933305226	0.003351428017439151	0.041961287410282155
2021-01-30	0	0	0	0.001063182589304601	0.0028652424035078283	0.00389888031693153	0.004177853615207505	0.04401267897769845
2021-01-31	0	0	0	9.84642380154277e-4	0.002587113288792242	0.0034818808736045703	0.0016468880600706282	0.02396234853685031
2021-02-01	0	0	0	9.471142563537427e-4	0.002506600761844835	0.0032128405861580056	0.0023435730836995905	0.014688538289268971
2021-02-02	0	0	0	8.819544609177665e-4	0.002316681753586902	0.0032323219763397137	0.0027728321495323893	0.025252319915275878
2021-02-03	0	0	0	9.91555795724075e-4	0.002527016453038433	0.0037990381727595057	0.004829541116849967	0.049713764597616894
2021-02-04	0	0	0	0.0012145487821859646	0.0030939130745282206	0.004497196193400388	0.006468570601406265	0.06757634044705396
2021-02-05	0	0	0	0.0014190033926571033	0.0030910185989949657	0.0044535886128831415	0.005344992235499335	0.07910562497569895
2021-02-06	0	0	0	0.001636749737425891	0.0031799880810488013	0.004105383543509866	0.0027081635374364144	0.054886841338016135
2021-02-07	0	0	0	0.0011394245720888208	0.0023666302346669887	0.0029873110067628605	0.0011488299525650447	0.025246445755825464
2021-02-08	0	0	0	9.757480210501601e-4	0.0023379464984574216	0.0031326934420503605	0.001476595083260035	0.023597308239031944
2021-02-09	0	0	0	0.0013042252508761454	0.002410082123960988	0.003049615037969966	0.002813839423074782	0.06635649614516592
2021-02-10	0	0	0	0.0012697930936251822	0.0028597545490200993	0.0038220620395585936	0.006175474120152291	0.06788209469504691
2021-02-11	0	0	0	0.0013841189463144055	0.0029744919005165738	0.004262672594411709	0.010191556958308645	0.09229918488249322
2021-02-12	0	0	0	0.0014236566995995403	0.00318717952833647	0.004818143627002502	0.016764683654509005	0.14598198498504344
2021-02-13	0	0	0	0.0012735855050096667	0.002642946291274706	0.004122228191315358	0.016667884594211646	0.15278252498521439
2021-02-14	0	0	0	6.731232737353654e-4	0.0013650758580245892	0.002090242278195431	0.006792705211021044	0.03916119989429001
2021-02-15	0	0	0	8.804437953191524e-4	0.001981661745818597	0.0030046670059542535	0.008509332183552543	0.05098589025117639
2021-02-16	0	0	0	0.0010645032918146224	0.0022175994368154317	0.00358553401354067	0.01145009617560766	0.04313148116691301
2021-02-17	0	0	0	0.0011300692641353915	0.00245579773562965	0.003832041134814723	0.013962276289798181	0.04295937701845354
2021-02-18	0	0	1.3606761628537356e-6	0.0011131197588993835	0.0021254293624937137	0.003653216497694789	0.018025862933625403	0.12604204956461196
2021-02-19	0	0	1.3606779629693477e-6	0.0010792612011851777	0.002410292377335921	0.00475699725572265	0.03776399992253743	0.22847365246801932
2021-02-20	1.455651797299673e-5	0	0	0.001077620316386474	0.0024225972443521204	0.004529629385592759	0.045965793544033184	0.1946721073444857
2021-02-21	0	0	2.7213605515719053e-6	7.706984940423212e-4	0.0016730597822587345	0.0031497001527631685	0.03354888186865934	0.10817928967885537
2021-02-22	0	0	0	8.205683330972935e-4	0.0019073294764329063	0.003360843817791892	0.03281162061179299	0.12839266938815386
2021-02-23	0	0	0	9.875037909343742e-4	0.002308171914396695	0.004203387115811363	0.04709828204284694	0.11694790300427438
2021-02-24	0	0	0	9.376998202381692e-4	0.0022052557882727974	0.004641295405760859	0.05759758031452189	0.10476597751095662
2021-02-25	0	0	0	0.001168711471626116	0.0025764194843398425	0.005664601928752733	0.0685507720884817	0.12313324926887792
2021-02-26	0	0	0	0.00109940217128357	0.0027101161824305553	0.006023771455637483	0.08282403520177639	0.1234256742670703
2021-02-27	0	0	0	0.0012081549095714905	0.002787772919462528	0.006861791044083132	0.09047461394198786	0.11288802663964859
2021-02-28	0	0	0	5.863059386634895e-4	0.001247619138378564	0.002491171483840482	0.04112930493102729	0.0570787972745781
2021-03-01	0	0	0	7.057045047120791e-4	0.0017605248619474434	0.003890794570597711	0.05964017769899188	0.08407672387436138
2021-03-02	0	0	1.360683562934284e-6	7.303133393934402e-4	0.0017687821475713683	0.004075612654627747	0.07167444657288224	0.09058731542916587
2021-03-03	0	0	0	7.393566620683689e-4	0.0016532032702631927	0.0040970264063435735	0.08564095321697818	0.1039708862994746
2021-03-04	0	0	0	8.535421335433835e-4	0.002007537551755423	0.00481552732585655	0.13333284166673143	0.11691604010867307
2021-03-05	0	0	2.721371651359661e-6	0.001223954516164305	0.0030784692432204164	0.008870200112508941	0.17748165441332242	0.12089947049126715
2021-03-06	0	0	1.360689062979148e-6	0.0014618042178928814	0.0032276444221288614	0.009057419210689588	0.17497993435688497	0.08785669993067735
2021-03-07	0	0	0	6.142443240224615e-4	0.0014500856871249024	0.0051616907628828645	0.08880877984436109	0.0298821355055936
2021-03-08	0	0	0	8.05752309195995e-4	0.0021548208131840774	0.006448365353934449	0.08992468211329419	0.05149595843375265
2021-03-09	0	0	0	0.0011690216529063324	0.0029042486650772137	0.011935081542858716	0.13008774537413115	0.05663775893427414
2021-03-10	0	0	0	0.001579263518314944	0.0040749212457897865	0.016680298086059864	0.1493797472198679	0.04980400984926647
2021-03-11	0	0	1.3606909630148323e-6	0.0019068590278381592	0.0047706998943704	0.01931770341632011	0.12235285530001683	0.05676743543136342
2021-03-12	0	0	0	0.0015575264721778836	0.003918127931622051	0.014927618448133284	0.08439732721005	0.05204712582670523
2021-03-13	0	0	0	0.0017309590548122422	0.004221645572835664	0.013914815522758195	0.10219904099507837	0.03337110770740481
2021-03-14	0	0	1.3606927629083998e-6	9.193212879075041e-4	0.0026758400299664586	0.006984586110784896	0.031085090716208796	0.012305657300398787
2021-03-15	0	0	0	7.31483767125507e-4	0.0020054254327916965	0.00570135636610325	0.039353055749199894	0.028006389462683856
2021-03-16	0	0	0	0.0018002802522467665	0.005193944264255013	0.016814239663868413	0.055709435295228316	0.04285881960447213
2021-03-17	0	0	0	0.003144592114892264	0.0083238114593025	0.028390961676225235	0.06510069512648786	0.04507483519189415
2021-03-18	0	0	0	0.00343006133018231	0.009198663854175448	0.03080232581896447	0.06900247540293303	0.05083320364828703
2021-03-19	0	0	1.3606946629440841e-6	0.0035277312218935375	0.009519304288534425	0.03489582973319205	0.064402190536474	0.052899488983683574
2021-03-20	2.9113564899985178e-5	0	0	0.0029210331086053642	0.009016695198073688	0.032091648475468304	0.05071516704202517	0.03641104097624348
2021-03-21	0	0	0	8.482898989381482e-4	0.003303688589574305	0.012513245327154365	0.017431645566791554	0.011577308518130991
2021-03-22	0	0	0	8.37295265840643e-4	0.003167137690287314	0.01222011278914481	0.017859076654739958	0.027199249797385194
2021-03-23	0	0	0	0.0012131579380456614	0.00398073155593015	0.017267491566247628	0.02071253224803149	0.027836822167090602
2021-03-24	0	0	0	0.0013188248247295586	0.004092767686834531	0.018482308935900527	0.025906212967580444	0.03903431952519876
2021-03-25	0	0	0	0.0020950973582352095	0.005444259991714384	0.022943571872567903	0.03108384129745123	0.04114962286549306
2021-03-26	0	0	0	0.0032576630922054317	0.009291241793516258	0.037885772947966245	0.04697206369186824	0.0648703402614077
2021-03-27	0	0	0	0.0032609183971983313	0.00904579660907312	0.040023336873624915	0.047181360187280585	0.047502317542988726
2021-03-28	0	0	0	8.20728398776005e-4	0.0025738461710280713	0.01771812297039843	0.011778694410504054	0.015364315548065166
2021-03-29	0	0	0	0.001017168658019818	0.0030082624106828604	0.01947424152070165	0.0205719613989499	0.02992528060481936
2021-03-30	0	0	0	0.0010716471068803468	0.002971427345116906	0.022147609147740166	0.020086213998195435	0.03568719395306075
2021-03-31	0	0	0	0.0012258856989366684	0.0032817324419551763	0.025840148316251588	0.02004482879030811	0.038683911247348046
2021-04-01	0	0	0	0.0011232254088298088	0.0021199635613753376	0.01642659828278603	0.013623409320377533	0.024946177948560244
2021-04-02	0	0	1.3606964628376517e-6	0.0018531285213292392	0.004955569417061767	0.03733895947364374	0.019987909127825443	0.030029035746973243
2021-04-03	0	0	0	0.0031619795286348396	0.007986415708969075	0.05875175209351435	0.033029618931693205	0.0357366775302248
2021-04-04	0	0	0	8.980716331645766e-4	0.0025009036297412024	0.024983989938309303	0.0072562332301726595	0.007131514625212443
2021-04-05	0	0	0	0.0017876789490063327	0.004915650905957358	0.04217196873678408	0.018323719675688244	0.032720457077845655
2021-04-06	0	0	0	0.0018960087122592562	0.004774819725853474	0.04452915132953206	0.016841912504199863	0.03521644958025982
2021-04-07	0	0	0	0.001719048782178989	0.00454888308432877	0.03835636263871822	0.013356599688811865	0.023373581073044436
2021-04-08	0	0	0	0.002520988846190564	0.0062915358558564005	0.06440110560064638	0.01750178814708625	0.041599325980508084
2021-04-09	0	0	0	0.0024155086705341944	0.007441032240199874	0.08454190335575351	0.020330896336461013	0.037899594821916294
2021-04-10	0	0	1.360698362873336e-6	0.0033807173123865386	0.01113707863010327	0.12660570087341205	0.023471052577271223	0.0330003558719183
2021-04-11	0	0	1.3607001629889481e-6	0.0015084488544867547	0.004370134518928426	0.049529205550618904	0.008384856454440426	0.011854331292598719
2021-04-12	0	0	0	0.0016827078764494185	0.005068622734105244	0.043868368437338656	0.011282332758116187	0.02193073933191103
2021-04-13	0	0	2.7214050515311783e-6	0.0017267153865063722	0.004488025593431866	0.04089886937912257	0.01099703368748095	0.033120034165785794
2021-04-14	0	0	0	0.001772465408406143	0.005132756296800656	0.04087971783251643	0.011499911993967382	0.039052575921526556
2021-04-15	0	0	2.7214124516117266e-6	0.0022086695553011904	0.005438694850419035	0.0416892585700297	0.013174592471698832	0.05808960041921596
2021-04-16	1.4557152977712207e-5	3.439998958354451e-6	2.7214198514702304e-6	0.0027596539224428174	0.008116921102044206	0.05808652097988665	0.014405197428236649	0.05406783263136328
2021-04-17	0	0	0	0.003464330396273585	0.009495360467602465	0.07947035430327176	0.016361000585035868	0.042638817182684585
2021-04-18	0	0	1.360713162812388e-6	0.002208879787478857	0.006237476528360375	0.04653536505008615	0.007495846930300587	0.018182147623046596
2021-04-19	0	0	0	0.0017868982513402631	0.005606488177420932	0.03019411108606951	0.009252672989362054	0.04599744114804194
2021-04-20	0	0	0	0.0017296779464495149	0.004717343332028001	0.03010445962228747	0.009298204150104183	0.0568094277709148
2021-04-21	0	0	0	0.0020973997714504033	0.005458047570821245	0.027381993390509507	0.010747567552071624	0.06515964482854564
2021-04-22	0	3.4400109585330796e-6	1.3607149629280002e-6	0.0017954158795452368	0.005458579021232701	0.025708096557147897	0.01069737847656782	0.06329671864789788
2021-04-23	0	0	0	9.948974552365097e-4	0.0036471754722313676	0.014036405167506594	0.0032755923763538863	0.01834362211810303
2021-04-24	0	0	0	7.480398909196495e-4	0.0019403512407343282	0.010667619526591121	0.003117689997730544	0.01988515484581055
2021-04-25	0	0	0	2.1987208593343688e-4	5.32290833382687e-4	0.0025071814897557054	0.001351806845436787	0.012148295269488685
2021-04-26	0	0	0	1.2789408922464496e-4	3.2469635693099796e-4	0.001042281587727123	3.8061621717622174e-4	0.005729506812077512
2021-04-27	0	0	0	4.8048771711162175e-4	0.0013321336450120569	0.00490816251481796	0.002751582801979069	0.024398724438557284
2021-04-28	0	0	0	5.853056456748273e-4	0.0019205421205090722	0.008343463345148017	0.004884223910802676	0.05336567378462176
2021-04-29	0	0	0	3.513608636140919e-4	0.001815524031877569	0.007868859738395573	0.0051646082947094385	0.04997979497647265
2021-04-30	0	0	0	3.686739801258554e-4	0.0022034137580473345	0.009680879858709579	0.0053632611425207255	0.05934639876148928
2021-05-01	0	0	0	5.001025256341496e-4	0.003146605281199033	0.013169609654613668	0.006645249836346734	0.05285953254522502
2021-05-02	0	0	0	2.7829936263379373e-4	0.002141596609008811	0.00815296772066354	0.001865650162632404	0.02107544358052893
2021-05-03	0	0	0	1.3136431414584315e-4	9.199315685226583e-4	0.005829646193685978	0.003827091657639059	0.02640561411418685
2021-05-04	0	0	0	1.5015563667875043e-4	0.0015193170810980927	0.006095699387756559	0.0034048482478978848	0.030468482100375338
2021-05-05	0	0	0	1.6268661673368712e-4	0.0016024119309991924	0.021078768621651367	0.004337303049435581	0.06336198529513526
2021-05-06	0	0	0	1.6740700627648764e-4	0.001386620679227013	0.027287542493838357	0.004488356335648813	0.06015495464199505
2021-05-07	0	0	0	0.00038340675018400106	0.0017165566416761369	0.039107723509524295	0.003889161394087459	0.04287608976845814
2021-05-08	0	0	2.721434651631327e-6	4.99422355672241e-4	0.002548994343040345	0.04474429293762183	0.004437352524356397	0.05098547978728485
2021-05-09	0	0	0	1.065028357134512e-4	0.0019062784744054984	0.024883446477145243	0.001781653572362929	0.022744123791763826
2021-05-10	0	0	0	6.735113404388038e-5	6.901090626296735e-4	0.020630767138177353	0.0028565099122197513	0.03501368961511586
2021-05-11	0	0	0	1.5664613450283582e-4	0.0017224917444524923	0.019680268239494536	0.0038503763495083554	0.03857419207353141
2021-05-12	0	0	0	1.7704783648397893e-4	0.0017638678074105574	0.018569557112841695	0.0036403330060987837	0.05848759983357299
2021-05-13	0	0	0	2.068506968027073e-4	0.0035789722606105467	0.02143293265050028	0.004421286944561453	0.037542459058030886
2021-05-14	0	0	0	6.254477962364113e-4	0.003419413096481083	0.030720629265618804	0.004713143430248534	0.061902169651903316
2021-05-15	0	0	0	4.2504516584829233e-4	0.003707556493788733	0.030034254104909675	0.004507539478036504	0.043433210953431445
2021-05-16	0	0	0	2.0240024146445101e-4	0.0017222115031154672	0.014892345488537462	0.0019196913036754193	0.0076555518686032276
2021-05-17	0	0	0	4.1275259117545815e-4	0.0031050002566483936	0.015321930387701466	0.003023295078282473	0.03593401332847268
2021-05-18	0	0	0	3.8309669076852515e-4	0.005035589289874132	0.014718055287864074	0.00303245895182358	0.04440515443510118
2021-05-19	0	0	1.3607205628929364e-6	1.868987327842131e-4	0.007300534450816798	0.013385533124255167	0.0043334947942830215	0.05396392633641045
2021-05-20	0	0	0	1.476554505330796e-4	0.006242702834670544	0.014616016988149516	0.004259656167666659	0.05250848525596896
2021-05-21	0	0	0	7.762406373816866e-4	0.0076215520137745685	0.0198534902689651	0.004650306337257604	0.06140783040888165
2021-05-22	0	0	0	2.1541160053928365e-4	0.009335507927064057	0.028199989856983354	0.003549750181587985	0.01865136838566439
2021-05-23	0	0	0	8.492180292818396e-5	0.006634323562282329	0.014803727587622273	0.0017335312826769478	0.017733115849432268
2021-05-24	0	0	0	2.2020121221322242e-5	0.0035159204241070885	0.012258155594645714	0.001267051354783888	0.011586863853489726
2021-05-25	0	0	0	8.021160847548892e-5	0.006541347306144862	0.014852237237741539	0.0025851607640439145	0.0353777971324869
2021-05-26	0	0	1.3607223630085485e-6	1.8088818013350938e-4	0.00917469375135771	0.013890506543005277	0.004101405381526035	0.05319739059143447
2021-05-27	0	0	0	3.53991327465053e-4	0.007049132567488403	0.013488676095703811	0.003597124826754783	0.06204179611633509
2021-05-28	0	0	0	5.414332875013361e-4	0.006960391763374929	0.01410473589365746	0.0030396598830511046	0.049012045142256655
2021-05-29	0	0	0	3.732048204594385e-4	0.009256329910854566	0.018718434951760843	0.004002675352494434	0.05317098850464008
2021-05-30	0	0	0	3.260865831149484e-4	0.00419306544946596	0.00977696727226074	0.0014821692063891057	0.016849476212156045
2021-05-31	0	0	0	1.5757620756540192e-4	0.003974970096817687	0.00902527389220742	0.0021550911044170284	0.041383753769003384
2021-06-01	0	0	0	5.169668136717487e-4	0.005043489195817097	0.008953883005217822	0.004177623133761799	0.05960715317748089
2021-06-02	0	0	0	0.001482689592106734	0.009719346423726183	0.010289769840844398	0.004677920735602248	0.11082081315720615
2021-06-03	0	0	1.3607242628221883e-6	0.0012873643267274915	0.011267418680932728	0.009956563288127551	0.003245142737847262	0.07778377907166756
2021-06-04	0	0	0	0.002176794608692134	0.0186936329784837	0.018234130882257782	0.005153269045463871	0.10602111944193005
2021-06-05	0	0	0	0.001789770819896841	0.022228597638240588	0.020354031651113713	0.0044950513717085805	0.07559754728902934
2021-06-06	0	0	0	5.905972012634209e-4	0.009461198569593376	0.0074725798624502016	8.826347610304541e-4	0.041874876316633225
2021-06-07	0	0	0	3.653533707714818e-4	0.00601002008535656	0.007544600248226452	0.0026022829691629834	0.03782161871047007
2021-06-08	0	0	0	7.262718677065738e-4	0.01163932849193583	0.011744080858804518	0.0025598081544468965	0.10452792159842139
2021-06-09	0	0	0	0.0023706149538147425	0.022443042539608715	0.014357605206818613	0.00488883517734795	0.16696972201766402
2021-06-10	1.4557364979239651e-5	0	1.3607260629378004e-6	0.002071482760206411	0.02481561367046048	0.018071494730448112	0.0055091777598974545	0.24518798727613
2021-06-11	0	0	0	0.0011055355522142651	0.019490015172859643	0.016385037362341315	0.0037413494238778267	0.17237695352679472
2021-06-12	0	0	0	8.636064540268329e-4	0.013666312021064275	0.016759732155480878	0.0039558922709146405	0.1742581781642838
2021-06-13	0	0	0	4.177236232563164e-4	0.009265854012646013	0.008912397708227271	0.0015575364799715885	0.03738643640679995
2021-06-14	0	0	0	1.985298535256419e-4	0.008247043431339751	0.0093392152353029	0.0021641508872658477	0.17706917300737923
2021-06-15	0	0	1.3607279629734848e-6	9.594101169430047e-4	0.01404284034121206	0.010836447146690853	0.0036833818254178308	0.3444817125745785
2021-06-16	0	0	0	0.0020911832618586423	0.021525648384594254	0.013701180587371908	0.00430538408302561	0.548067494681657
2021-06-17	1.4557576980767095e-5	0	0	0.002227420350354281	0.023325884218645454	0.02476055122423193	0.008147083743380357	1.6797438525180195
2021-06-18	6.0081940245204635e-6	0	5.615924789648119e-7	0.003304009119064588	0.05091326001124319	0.04644724668106304	0	0
2021-06-19	6.265058812848778e-6	0	5.855986857650208e-7	0.0034567873446864628	0.05597107017410874	0.050819310582007615	0	0
2021-06-20	6.198824606284958e-6	0	5.794044839468881e-7	0.003432054749951785	0.05895443639259201	0.051045377644723056	0	0
2021-06-21	6.369411142292947e-6	0	5.953458885876728e-7	0.0035387106182098726	0.07328257390970783	0	0	0
2021-06-22	6.299926922137544e-6	0	5.888476866111603e-7	0.003512474369048224	0.078199177854271	0	0	0
2021-06-23	6.285624877255813e-6	0	5.875075863581714e-7	0.0035168320268763598	0.0846387703621021	0	0	0
2021-06-24	6.269528826763349e-6	0	5.859997858070898e-7	0.0035201779131350808	0.09222614547740493	0	0	0
2021-06-25	6.009548028762524e-6	0	5.616967788668603e-7	0.0033859762087216083	0.09728067230082527	0	0	0
2021-06-26	5.711327154767076e-6	0	5.338199711157898e-7	0.003228726168167162	0.10227897729935043	0	0	0
2021-06-27	5.0663734170175445e-6	0	4.735357559404463e-7	0.0028731136955768566	0.10073189886209066	0	0	0
2021-06-28	5.2321948438294186e-6	0	4.890322597983499e-7	0.002975763792537167	0.11580326929484341	0	0	0
2021-06-29	4.1218142472487784e-6	0	3.852476371246638e-7	0.002350851625841699	0.1024325993525288	0	0	0
2021-06-30	2.2963973183021125e-6	0	2.1463331156823529e-7	0.0013124806513651333	0.0627570002707456	0	0	0
2021-07-01	1.3325464438551649e-6	0	1.2454660391902905e-7	7.624953497895604e-4	0.03857709812493515	0	0	0
2021-07-02	8.019801607250798e-7	0	7.495710141469658e-8	4.5921271908033745e-4	0.024051286090653656	0	0	0
2021-07-03	0	0	0	0	0	0	0	0
2021-07-04	0	0	0	0	0	0	0	0
2021-07-05	4.3545304739822654e-7	0	4.0699500436502944e-8	2.4944555577133265e-4	0.013343069375087113	0	0	0
2021-07-06	3.1710555139508045e-6	0	2.963821219559293e-7	0.0018176459592083027	0.10068219615568275	0	0	0
2021-07-07	3.212346579850589e-6	0	3.0024062258604545e-7	0.0018446807117320496	0.1134646571028679	0	0	0
2021-07-08	3.1162744278390164e-6	0	2.9126042133675867e-7	0.001792783518185903	0.12404714344949497	0	0	0
2021-07-09	1.176660036072974e-7	0	1.099750002175881e-8	6.778114857097783e-5	0.00516531010712562	0	0	0
2021-07-10	0	0	0	0	0	0	0	0
2021-07-11	0	0	0	0	0	0	0	0
2021-07-12	0	0	0	0	0	0	0	0
2021-07-13	5.700480811832165e-7	0	5.3279000766792706e-8	3.284369677103438e-4	0.02528108329311851	0	0	0
2021-07-14	1.5195935771927793e-6	0	1.4202730502788086e-7	0.0073464124439490686	0.04356944411512531	0	0	0
2021-07-15	1.3797764759626574e-6	0	1.2895930412426537e-7	0.016721078617533358	0	0	0	0
2021-07-16	1.5346645887426291e-6	0	1.4343550525097726e-7	0.018923474471518542	0	0	0	0
2021-07-17	2.1549651609831244e-6	0	2.0141081025215612e-07	0.027138220756456555	0	0	0	0
2021-07-18	2.078586080145328e-6	0	1.9427180930620125e-7	0.026899789671087193	0	0	0	0
2021-07-19	2.6731477864583297e-6	0	2.4984101565372896e-7	0.0356220628402486	0	0	0	0
2021-07-20	2.7839049374644986e-6	0	2.601921169631538e-7	0.038483341900966694	0	0	0	0
2021-07-21	2.3872274246272696e-6	0	2.2311691250109789e-7	0.03427089353593793	0	0	0	0
2021-07-22	2.321939347904589e-6	0	2.1701441177413017e-7	0.03450802087619809	0	0	0	0
2021-07-23	2.3599743923519156e-6	0	2.2056881210374968e-7	0.03633229898742796	0	0	0	0
2021-07-24	2.2592972761525942e-6	0	2.11158911245235e-7	0.03607897307452812	0	0	0	0
2021-07-25	2.073238074551398e-6	0	1.9376900928236296e-7	0.03432007691994787	0	0	0	0
2021-07-26	2.5635006428714746e-6	0	2.3958941430812786e-7	0.04403839505986218	0	0	0	0
2021-07-27	2.71478084257204e-6	0	2.5372781609078743e-7	0.048819844299353266	0	0	0	0
