2020-02-17	0	0	0	0	0	0	0	0
2020-02-18	0	0	0	0	0	0	0	0
2020-02-19	0	0	0	0	0	0	0	0
2020-02-20	0	0	0	0	0	0	0	0
2020-02-21	0	0	0	0	0	0	0	0
2020-02-22	0	0	0	0	0	0	0	0
2020-02-23	0	0	0	0	0	0	0	0
2020-02-24	0	0	0	0	0	0	0	0
2020-02-25	0	0	0	0	0	0	0	0
2020-02-26	0	0	0	0	0	0	0	0
2020-02-27	0	0	0	0	0	0	0	0
2020-02-28	0	0	0	0	0	0	0	0
2020-02-29	0	0	0	0	0	0	0	0
2020-03-01	0	0	0	0	0	0	0	0
2020-03-02	0	0	0	0	0	0	0	0
2020-03-03	0	0	0	0	0	0	0	0
2020-03-04	0	0	0	0	0	0	0	0
2020-03-05	0	0	0	0	0	0	0	0
2020-03-06	0	0	0	0	0	0	0	0
2020-03-07	0	0	0	0	0	0	0	0
2020-03-08	0	0	0	0	0	0	0	0
2020-03-09	0	0	0	0	0	0	0	0
2020-03-10	0	0	0	0	0	0	0	0
2020-03-11	0	0	0	0	0	0	0	0
2020-03-12	0	0	0	0	0	0	0	0
2020-03-13	0	0	0	0	0	0	0	0
2020-03-14	0	0	0	0	0	0	0	0
2020-03-15	0	0	0	0	0	0	0	0
2020-03-16	0	0	0	0	0	0	0	0
2020-03-17	0	0	0	0	0	0	0	0
2020-03-18	0	0	0	0	0	0	0	0
2020-03-19	0	0	0	0	0	0	0	0
2020-03-20	0	0	0	0	0	0	0	0
2020-03-21	0	0	0	0	0	0	0	0
2020-03-22	0	0	0	0	0	0	0	0
2020-03-23	0	0	0	0	0	0	0	0
2020-03-24	0	0	0	0	0	0	0	0
2020-03-25	0	0	0	0	0	0	0	0
2020-03-26	0	0	0	0	0	0	0	0
2020-03-27	0	0	0	0	0	0	0	0
2020-03-28	0	0	0	0	0	0	0	0
2020-03-29	0	0	0	0	0	0	0	0
2020-03-30	0	0	0	0	0	0	0	0
2020-03-31	0	0	0	0	0	0	0	0
2020-04-01	0	0	0	0	0	0	0	0
2020-04-02	0	0	0	0	0	0	0	0
2020-04-03	0	0	0	0	0	0	0	0
2020-04-04	0	0	0	0	0	0	0	0
2020-04-05	0	0	0	0	0	0	0	0
2020-04-06	0	0	0	0	0	0	0	0
2020-04-07	0	0	0	0	0	0	0	0
2020-04-08	0	0	0	0	0	0	0	0
2020-04-09	0	0	0	0	0	0	0	0
2020-04-10	0	0	0	0	0	0	0	0
2020-04-11	0	0	0	0	0	0	0	0
2020-04-12	0	0	0	0	0	0	0	0
2020-04-13	0	0	0	0	0	0	0	0
2020-04-14	0	0	0	0	0	0	0	0
2020-04-15	0	0	0	0	0	0	0	0
2020-04-16	0	0	0	0	0	0	0	0
2020-04-17	0	0	0	0	0	0	0	0
2020-04-18	0	0	0	0	0	0	0	0
2020-04-19	0	0	0	0	0	0	0	0
2020-04-20	0	0	0	0	0	0	0	0
2020-04-21	0	0	0	0	0	0	0	0
2020-04-22	0	0	0	0	0	0	0	0
2020-04-23	0	0	0	0	0	0	0	0
2020-04-24	0	0	0	0	0	0	0	0
2020-04-25	0	0	0	0	0	0	0	0
2020-04-26	0	0	0	0	0	0	0	0
2020-04-27	0	0	0	0	0	0	0	0
2020-04-28	0	0	0	0	0	0	0	0
2020-04-29	0	0	0	0	0	0	0	0
2020-04-30	0	0	0	0	0	0	0	0
2020-05-01	0	0	0	0	0	0	0	0
2020-05-02	0	0	0	0	0	0	0	0
2020-05-03	0	0	0	0	0	0	0	0
2020-05-04	0	0	0	0	0	0	0	0
2020-05-05	0	0	0	0	0	0	0	0
2020-05-06	0	0	0	0	0	0	0	0
2020-05-07	0	0	0	0	0	0	0	0
2020-05-08	0	0	0	0	0	0	0	0
2020-05-09	0	0	0	0	0	0	0	0
2020-05-10	0	0	0	0	0	0	0	0
2020-05-11	0	0	0	0	0	0	0	0
2020-05-12	0	0	0	0	0	0	0	0
2020-05-13	0	0	0	0	0	0	0	0
2020-05-14	0	0	0	0	0	0	0	0
2020-05-15	0	0	0	0	0	0	0	0
2020-05-16	0	0	0	0	0	0	0	0
2020-05-17	0	0	0	0	0	0	0	0
2020-05-18	0	0	0	0	0	0	0	0
2020-05-19	0	0	0	0	0	0	0	0
2020-05-20	0	0	0	0	0	0	0	0
2020-05-21	0	0	0	0	0	0	0	0
2020-05-22	0	0	0	0	0	0	0	0
2020-05-23	0	0	0	0	0	0	0	0
2020-05-24	0	0	0	0	0	0	0	0
2020-05-25	0	0	0	0	0	0	0	0
2020-05-26	0	0	0	0	0	0	0	0
2020-05-27	0	0	0	0	0	0	0	0
2020-05-28	0	0	0	0	0	0	0	0
2020-05-29	0	0	0	0	0	0	0	0
2020-05-30	0	0	0	0	0	0	0	0
2020-05-31	0	0	0	0	0	0	0	0
2020-06-01	0	0	0	0	0	0	0	0
2020-06-02	0	0	0	0	0	0	0	0
2020-06-03	0	0	0	0	0	0	0	0
2020-06-04	0	0	0	0	0	0	0	0
2020-06-05	0	0	0	0	0	0	0	0
2020-06-06	0	0	0	0	0	0	0	0
2020-06-07	0	0	0	0	0	0	0	0
2020-06-08	0	0	0	0	0	0	0	0
2020-06-09	0	0	0	0	0	0	0	0
2020-06-10	0	0	0	0	0	0	0	0
2020-06-11	0	0	0	0	0	0	0	0
2020-06-12	0	0	0	0	0	0	0	0
2020-06-13	0	0	0	0	0	0	0	0
2020-06-14	0	0	0	0	0	0	0	0
2020-06-15	0	0	0	0	0	0	0	0
2020-06-16	0	0	0	0	0	0	0	0
2020-06-17	0	0	0	0	0	0	0	0
2020-06-18	0	0	0	0	0	0	0	0
2020-06-19	0	0	0	0	0	0	0	0
2020-06-20	0	0	0	0	0	0	0	0
2020-06-21	0	0	0	0	0	0	0	0
2020-06-22	0	0	0	0	0	0	0	0
2020-06-23	0	0	0	0	0	0	0	0
2020-06-24	0	0	0	0	0	0	0	0
2020-06-25	0	0	0	0	0	0	0	0
2020-06-26	0	0	0	0	0	0	0	0
2020-06-27	0	0	0	0	0	0	0	0
2020-06-28	0	0	0	0	0	0	0	0
2020-06-29	0	0	0	0	0	0	0	0
2020-06-30	0	0	0	0	0	0	0	0
2020-07-01	0	0	0	0	0	0	0	0
2020-07-02	0	0	0	0	0	0	0	0
2020-07-03	0	0	0	0	0	0	0	0
2020-07-04	0	0	0	0	0	0	0	0
2020-07-05	0	0	0	0	0	0	0	0
2020-07-06	0	0	0	0	0	0	0	0
2020-07-07	0	0	0	0	0	0	0	0
2020-07-08	0	0	0	0	0	0	0	0
2020-07-09	0	0	0	0	0	0	0	0
2020-07-10	0	0	0	0	0	0	0	0
2020-07-11	0	0	0	0	0	0	0	0
2020-07-12	0	0	0	0	0	0	0	0
2020-07-13	0	0	0	0	0	0	0	0
2020-07-14	0	0	0	0	0	0	0	0
2020-07-15	0	0	0	0	0	0	0	0
2020-07-16	0	0	0	0	0	0	0	0
2020-07-17	0	0	0	0	0	0	0	0
2020-07-18	0	0	0	0	0	0	0	0
2020-07-19	0	0	0	0	0	0	0	0
2020-07-20	0	0	0	0	0	0	0	0
2020-07-21	0	0	0	0	0	0	0	0
2020-07-22	0	0	0	0	0	0	0	0
2020-07-23	0	0	0	0	0	0	0	0
2020-07-24	0	0	0	0	0	0	0	0
2020-07-25	0	0	0	0	0	0	0	0
2020-07-26	0	0	0	0	0	0	0	0
2020-07-27	0	0	0	0	0	0	0	0
2020-07-28	0	0	0	0	0	0	0	0
2020-07-29	0	0	0	0	0	0	0	0
2020-07-30	0	0	0	0	0	0	0	0
2020-07-31	0	0	0	0	0	0	0	0
2020-08-01	0	0	0	0	0	0	0	0
2020-08-02	0	0	0	0	0	0	0	0
2020-08-03	0	0	0	0	0	0	0	0
2020-08-04	0	0	0	0	0	0	0	0
2020-08-05	0	0	0	0	0	0	0	0
2020-08-06	0	0	0	0	0	0	0	0
2020-08-07	0	0	0	0	0	0	0	0
2020-08-08	0	0	0	0	0	0	0	0
2020-08-09	0	0	0	0	0	0	0	0
2020-08-10	0	0	0	0	0	0	0	0
2020-08-11	0	0	0	0	0	0	0	0
2020-08-12	0	0	0	0	0	0	0	0
2020-08-13	0	0	0	0	0	0	0	0
2020-08-14	0	0	0	0	0	0	0	0
2020-08-15	0	0	0	0	0	0	0	0
2020-08-16	0	0	0	0	0	0	0	0
2020-08-17	0	0	0	0	0	0	0	0
2020-08-18	0	0	0	0	0	0	0	0
2020-08-19	0	0	0	0	0	0	0	0
2020-08-20	0	0	0	0	0	0	0	0
2020-08-21	0	0	0	0	0	0	0	0
2020-08-22	0	0	0	0	0	0	0	0
2020-08-23	0	0	0	0	0	0	0	0
2020-08-24	0	0	0	0	0	0	0	0
2020-08-25	0	0	0	0	0	0	0	0
2020-08-26	0	0	0	0	0	0	0	0
2020-08-27	0	0	0	0	0	0	0	0
2020-08-28	0	0	0	0	0	0	0	0
2020-08-29	0	0	0	0	0	0	0	0
2020-08-30	0	0	0	0	0	0	0	0
2020-08-31	0	0	0	0	0	0	0	0
2020-09-01	0	0	0	0	0	0	0	0
2020-09-02	0	0	0	0	0	0	0	0
2020-09-03	0	0	0	0	0	0	0	0
2020-09-04	0	0	0	0	0	0	0	0
2020-09-05	0	0	0	0	0	0	0	0
2020-09-06	0	0	0	0	0	0	0	0
2020-09-07	0	0	0	0	0	0	0	0
2020-09-08	0	0	0	0	0	0	0	0
2020-09-09	0	0	0	0	0	0	0	0
2020-09-10	0	0	0	0	0	0	0	0
2020-09-11	0	0	0	0	0	0	0	0
2020-09-12	0	0	0	0	0	0	0	0
2020-09-13	0	0	0	0	0	0	0	0
2020-09-14	0	0	0	0	0	0	0	0
2020-09-15	0	0	0	0	0	0	0	0
2020-09-16	0	0	0	0	0	0	0	0
2020-09-17	0	0	0	0	0	0	0	0
2020-09-18	0	0	0	0	0	0	0	0
2020-09-19	0	0	0	0	0	0	0	0
2020-09-20	0	0	0	0	0	0	0	0
2020-09-21	0	0	0	0	0	0	0	0
2020-09-22	0	0	0	0	0	0	0	0
2020-09-23	0	0	0	0	0	0	0	0
2020-09-24	0	0	0	0	0	0	0	0
2020-09-25	0	0	0	0	0	0	0	0
2020-09-26	0	0	0	0	0	0	0	0
2020-09-27	0	0	0	0	0	0	0	0
2020-09-28	0	0	0	0	0	0	0	0
2020-09-29	0	0	0	0	0	0	0	0
2020-09-30	0	0	0	0	0	0	0	0
2020-10-01	0	0	0	0	0	0	0	0
2020-10-02	0	0	0	0	0	0	0	0
2020-10-03	0	0	0	0	0	0	0	0
2020-10-04	0	0	0	0	0	0	0	0
2020-10-05	0	0	0	0	0	0	0	0
2020-10-06	0	0	0	0	0	0	0	0
2020-10-07	0	0	0	0	0	0	0	0
2020-10-08	0	0	0	0	0	0	0	0
2020-10-09	0	0	0	0	0	0	0	0
2020-10-10	0	0	0	0	0	0	0	0
2020-10-11	0	0	0	0	0	0	0	0
2020-10-12	0	0	0	0	0	0	0	0
2020-10-13	0	0	0	0	0	0	0	0
2020-10-14	0	0	0	0	0	0	0	0
2020-10-15	0	0	0	0	0	0	0	0
2020-10-16	0	0	0	0	0	0	0	0
2020-10-17	0	0	0	0	0	0	0	0
2020-10-18	0	0	0	0	0	0	0	0
2020-10-19	0	0	0	0	0	0	0	0
2020-10-20	0	0	0	0	0	0	0	0
2020-10-21	0	0	0	0	0	0	0	0
2020-10-22	0	0	0	0	0	0	0	0
2020-10-23	0	0	0	0	0	0	0	0
2020-10-24	0	0	0	0	0	0	0	0
2020-10-25	0	0	0	0	0	0	0	0
2020-10-26	0	0	0	0	0	0	0	0
2020-10-27	0	0	0	0	0	0	0	0
2020-10-28	0	0	0	0	0	0	0	0
2020-10-29	0	0	0	0	0	0	0	0
2020-10-30	0	0	0	0	0	0	0	0
2020-10-31	0	0	0	0	0	0	0	0
2020-11-01	0	0	0	0	0	0	0	0
2020-11-02	0	0	0	0	0	0	0	0
2020-11-03	0	0	0	0	0	0	0	0
2020-11-04	0	0	0	0	0	0	0	0
2020-11-05	0	0	0	0	0	0	0	0
2020-11-06	0	0	0	0	0	0	0	0
2020-11-07	0	0	0	0	0	0	0	0
2020-11-08	0	0	0	0	0	0	0	0
2020-11-09	0	0	0	0	0	0	0	0
2020-11-10	0	0	0	0	0	0	0	0
2020-11-11	0	0	0	0	0	0	0	0
2020-11-12	0	0	0	0	0	0	0	0
2020-11-13	0	0	0	0	0	0	0	0
2020-11-14	0	0	0	0	0	0	0	0
2020-11-15	0	0	0	0	0	0	0	0
2020-11-16	0	0	0	0	0	0	0	0
2020-11-17	0	0	0	0	0	0	0	0
2020-11-18	0	0	0	0	0	0	0	0
2020-11-19	0	0	0	0	0	0	0	0
2020-11-20	0	0	0	0	0	0	0	0
2020-11-21	0	0	0	0	0	0	0	0
2020-11-22	0	0	0	0	0	0	0	0
2020-11-23	0	0	0	0	0	0	0	0
2020-11-24	0	0	0	0	0	0	0	0
2020-11-25	0	0	0	0	0	0	0	0
2020-11-26	0	0	0	0	0	0	0	0
2020-11-27	0	0	0	0	0	0	0	0
2020-11-28	0	0	0	0	0	0	0	0
2020-11-29	0	0	0	0	0	0	0	0
2020-11-30	0	0	0	0	0	0	0	0
2020-12-01	0	0	0	0	0	0	0	0
2020-12-02	0	0	0	0	0	0	0	0
2020-12-03	0	0	0	0	0	0	0	0
2020-12-04	0	0	0	0	0	0	0	0
2020-12-05	0	0	0	0	0	0	0	0
2020-12-06	0	0	0	0	0	0	0	0
2020-12-07	0	0	0	0	0	0	0	0
2020-12-08	0	0	0	0	0	0	0	0
2020-12-09	0	0	0	0	0	0	0	0
2020-12-10	0	0	0	0	0	0	0	0
2020-12-11	0	0	0	0	0	0	0	0
2020-12-12	0	0	0	0	0	0	0	0
2020-12-13	0	0	0	0	0	0	0	0
2020-12-14	0	0	0	0	0	0	0	0
2020-12-15	0	0	0	0	0	0	0	0
2020-12-16	0	0	0	0	0	0	0	0
2020-12-17	0	0	0	0	0	0	0	0
2020-12-18	0	0	0	0	0	0	0	0
2020-12-19	0	0	0	0	0	0	0	0
2020-12-20	0	0	0	0	0	0	0	0
2020-12-21	0	0	0	0	0	0	0	0
2020-12-22	0	0	0	0	0	0	0	0
2020-12-23	0	0	0	0	0	0	0	0
2020-12-24	0	0	0	0	0	0	0	0
2020-12-25	0	0	0	0	0	0	0	0
2020-12-26	0	0	0	0	0	0	0	0
2020-12-27	0	0	0	0	0	0	0	0
2020-12-28	0	0	0	0	0	0	0	0
2020-12-29	0	0	0	0	0	0	0	0
2020-12-30	0	0	0	0	0	0	0	0
2020-12-31	0	0	0	0	0	0	0	0
2021-01-01	0	0	0	0	0	0	0	0
2021-01-02	0	0	0	0	0	0	0	0
2021-01-03	0	0	0	0	0	0	0	0
2021-01-04	0	0	0	0	0	0	0	0
2021-01-05	0	0	0	0	0	0	0	0
2021-01-06	0	0	0	0	0	0	0	0
2021-01-07	0	0	0	0	0	0	0	0
2021-01-08	0	0	0	0	0	0	0	0
2021-01-09	0	0	0	0	0	0	0	0
2021-01-10	0	0	0	0	0	0	0	0
2021-01-11	0	0	0	0	0	0	0	0
2021-01-12	0	0	0	0	0	0	0	0
2021-01-13	0	0	0	0	0	0	0	0
2021-01-14	0	0	0	0	0	0	0	0
2021-01-15	0	0	0	0	0	0	0	0
2021-01-16	0	0	0	0	0	0	0	0
2021-01-17	0	0	0	0	0	0	0	0
2021-01-18	0	0	0	0	0	0	0	0
2021-01-19	0	0	0	0.019861465300775816	0.015415779449167388	0.014659165676248476	0.007229561485177838	0.0026135052837001904
2021-01-20	0	0	0	0.011716562449562762	0.010500335054997256	0.009408202700343038	0.008176277702476531	0.0023669314274796793
2021-01-21	0	0	0	0.00471810046200738	0.010827147211096344	0.00694940109612574	0.0055172518903838785	0.001491744757598168
2021-01-22	0	0	0	0	3.1080836262153966e-4	4.1024238919140643e-4	5.757881219079497e-4	0
2021-01-23	0	0	0	0.005412729816421713	0.0074458174663281085	0.006326495498023776	0.005520297583425204	0.0011419716253855405
2021-01-24	0	0	0	0.006742854930033015	0.007354389141345896	0.006444561448489816	0.005323405768037581	1.609593177931412e-4
2021-01-25	0	0	0	0.009567672165493368	0.00851430004679754	0.015014845263494836	0.02381352267517678	0.001723464483059045
2021-01-26	0	0	0	0.009559631379170819	0.016818178627067137	0.02071650407058878	0.02296527073858412	0.047337167037814876
2021-01-27	0	0	0	0.01651151932153483	0.018986388925803732	0.027133470934610715	0.02166484381293965	0.06620609596768023
2021-01-28	0	0	0	0.02244494222477078	0.019243644202581178	0.02750906598438596	0.03244817108772735	0.07696273012008548
2021-01-29	0	0	0	0.00875076160422239	0.011652510232301294	0.016630982774175074	0.013009512463858064	0.0541009466067337
2021-01-30	0	0	0	0.010933311114257549	0.009367216821023261	0.010172883715637182	0.0077254782863096505	0.05960335378717341
2021-01-31	0	0	0	0.02083390146358477	0.024149837959849263	0.02750304891231714	0.013714447485567938	0.057093888199641896
2021-02-01	0	0	0	0.006349752846642964	0.008878021240287026	0.009667443766729011	0.005591809638434642	0.0020777233766724468
2021-02-02	0	0	0	0.002406739740656416	0.002407040327160326	0.002664486794003107	0.001546534337874217	3.9021192780985814e-4
2021-02-03	0	0	0	5.436998877139665e-4	5.435066732184524e-4	3.7509377674194155e-4	4.1283930669977487e-4	5.617067353558269e-4
2021-02-04	0	0	0	7.386888525282576e-4	4.2441137514503957e-4	6.350947750375369e-4	0	2.1979229694357727e-4
2021-02-05	0	0	0	0	2.469636708215539e-4	2.900671784467068e-4	1.7295801476535644e-4	5.8890907551178984e-5
2021-02-06	0	0	0	1.992528024870044e-4	1.9612650206513038e-4	3.167120437430615e-4	1.5696739026638262e-4	2.123694591538161e-5
2021-02-07	0	0	0	0	0	1.375815458914964e-4	1.380500433050269e-4	4.800825742723447e-5
2021-02-08	0	0	0	1.7674870787032226e-4	2.0700719405430945e-4	1.5502760068253352e-4	1.3479359745716124e-4	1.8735801775582317e-5
2021-02-09	0	0	0	0	8.439708833818393e-5	1.060023851280345e-4	1.218954747437273e-4	3.678600660617093e-5
2021-02-10	0	0	0	3.1058312168008584e-4	1.6048573708848934e-4	1.2160149175732826e-4	0	3.5219018272636404e-5
2021-02-11	0	0	0	1.4318954734648948e-4	2.016688099104602e-4	1.528555326382186e-4	0	2.4903860722069737e-5
2021-02-12	0	0	0	2.65375175320548e-4	1.4193960487696167e-4	2.1624349080195948e-4	0	2.3088778277280397e-5
2021-02-13	0	0	0	1.2262791636041825e-4	1.1096623860740173e-4	2.870470054252561e-4	0	1.4199956690275073e-5
2021-02-14	0	0	0	0	2.09754639515225e-5	6.35092009115823e-5	0	1.318230802449527e-5
2021-02-15	0	0	0	0	6.125543005297551e-5	9.31235983463452e-5	0	6.4549965708149415e-6
2021-02-16	0	0	0	0	3.941702224485866e-5	6.0132291053838216e-5	4.8931459265766364e-5	1.2662836158972013e-5
2021-02-17	0	0	0	0	0	4.35323608738436e-5	0	1.8581460348388035e-5
2021-02-18	0	0	0	1.8988844096923252e-4	1.839875628300014e-4	1.4067764438618902e-4	4.4113592506001e-5	2.424036748482905e-5
2021-02-19	0	0	0	4.461995013473885e-4	1.2295747878532381e-4	4.5925776447175437e-4	1.2062604930496157e-4	3.5249847987639527e-5
2021-02-20	0	0	0	8.485542760339193e-5	1.8454750250040952e-4	3.359889405811778e-4	6.577324674972296e-5	2.219681919646277e-5
2021-02-21	0	0	0	3.2978811338058023e-4	1.9651191400904544e-4	3.128020513920582e-4	0	2.1044324609365006e-5
2021-02-22	0	0	0	3.9978412057095625e-4	1.2706883967217308e-4	9.672933927418192e-5	7.087800126259758e-5	5.1743564071227155e-6
2021-02-23	0	0	0	7.888457218041545e-5	9.408296554713758e-5	1.4302059514847976e-4	0	1.5290812133361698e-5
2021-02-24	0	0	0	3.089280216141965e-4	1.8472053362050822e-4	1.2826305599911159e-4	1.9699484366419995e-5	1.5135825110812462e-5
2021-02-25	0	0	0	7.535369141553616e-5	1.807310574950538e-4	3.6032384397621797e-4	5.0324382590671846e-5	4.994038366623599e-6
2021-02-26	0	0	0	1.4674052626229006e-4	1.6200234929986124e-4	1.3029598919334084e-4	1.1164764013504858e-4	2.4748830309340164e-5
2021-02-27	0	0	0	7.185585717373044e-5	4.3336162226736974e-5	2.1165924978028272e-5	4.815621878062615e-5	0
2021-02-28	0	0	0	0	2.830836299949624e-5	3.051036208345792e-5	9.812314945900624e-6	4.868602504259911e-6
2021-03-01	0	0	0	0	1.3929225621600594e-4	1.2844104692688596e-4	4.368767680373864e-5	4.852702288005162e-6
2021-03-02	0	0	0	6.169137324383289e-4	5.491337518734873e-4	6.764232863745168e-4	9.826078418040396e-5	1.016064709462583e-4
2021-03-03	0	0	0	2.0124436147472835e-4	3.781688557731311e-4	4.4258934137042516e-4	1.135320776339821e-4	1.9291146810873627e-5
2021-03-04	0	0	0	6.580029788221253e-4	4.643002891480119e-4	6.354480295835963e-4	1.4987039637914812e-4	4.321671623075396e-5
2021-03-05	0	0	0	6.445894772455496e-5	3.5191418779834116e-4	4.566290299947706e-4	8.074697163329425e-5	3.3486534229743015e-5
2021-03-06	0	0	0	1.269881584822219e-4	2.826800654003314e-4	2.732193793590909e-4	1.080655276022302e-4	1.907241318521713e-5
2021-03-07	0	0	0	0	2.5308927092293487e-5	5.757466715849979e-5	1.5524394645805017e-5	9.509748681191255e-6
2021-03-08	0	0	0	1.8484003674656968e-4	2.1347464578491682e-4	3.177519477268742e-4	1.3553723587378386e-4	1.1881126959134569e-4
2021-03-09	0	0	0	1.8213553957480144e-4	2.9709221163365385e-4	3.263038746423863e-4	6.825988490444246e-5	4.270589282495685e-5
2021-03-10	0	0	0	4.76388978353226e-4	4.623405443175965e-4	4.8009785543090544e-4	4.215224689496644e-5	1.3742398751914742e-4
2021-03-11	0	0	0	9.266230879034776e-4	5.326657350710473e-4	7.114292027274871e-4	5.848407041386672e-5	1.0411958614797712e-4
2021-03-12	0	0	0	3.393185377169594e-4	4.2696701012445715e-4	3.120161072405203e-4	3.935067022231564e-5	3.3098296031042196e-5
2021-03-13	0	0	0	2.195269201497041e-4	2.4754842760921214e-4	2.2672595203276913e-4	1.2787056089536009e-5	9.445434903332384e-6
2021-03-14	0	0	0	0	2.1989500014418795e-5	3.607514452896865e-5	4.162629783088789e-6	9.439015699497233e-6
2021-03-15	0	0	0	0	1.0892207986668012e-5	2.9551220393164712e-5	0	0
2021-03-16	0	0	0	3.1536622098227163e-4	5.088659139502738e-4	2.865015399540205e-4	8.210433408262219e-6	7.544927689262515e-5
2021-03-17	0	0	0	4.630880315230623e-4	5.70700863971263e-4	4.0773524443071807e-4	4.860208260626386e-5	2.2147533268590536e-4
2021-03-18	0	0	0	6.016243994537707e-4	0.0010855039944339673	8.691358435120033e-4	9.549844223610826e-5	2.1187862239480104e-4
2021-03-19	0	0	0	8.711012584439182e-4	0.0017535480696060368	0.0010923661138941831	1.4849057398391707e-4	3.2007230073349824e-4
2021-03-20	0	0	0	0.004946459893962141	0.006064114058896841	0.004185387958943965	3.841588301689569e-4	2.6816494146220116e-4
2021-03-21	0	0	0	0.00334528858141403	0.004352643596334582	0.0030481118849061684	2.662229629097901e-4	4.1399686182264084e-4
2021-03-22	0	0	0	0.001550352482142081	0.0038961830731945035	0.0027169405390643497	1.6281141259244514e-4	2.446955196937495e-4
2021-03-23	0	0	0	0.002624851220423441	0.004210034254543471	0.003412658670222557	2.790047086194125e-4	0.002768167416618894
2021-03-24	0	0	0	0.00315478935382818	0.004944497577372253	0.003323791736896675	2.8181477582034375e-4	0.0032746760857409463
2021-03-25	0	0	0	0.0019127905533808942	0.0028228279331710127	0.0017710375953106094	2.6157907927659707e-4	0.004364099402364152
2021-03-26	0	0	0	0.00137960783823865	0.0021954680838551788	0.0017541798842091172	3.074150946005272e-4	0.0038379363728069382
2021-03-27	0	0	0	7.960366073189729e-4	7.964528192743181e-4	5.729174720239261e-4	9.900291239639536e-5	9.094664735491698e-4
2021-03-28	0	0	0	5.334263504908066e-4	5.351976145733239e-4	2.2752726968322534e-4	3.6445340192869935e-5	1.4290392688298681e-5
2021-03-29	0	0	0	0.001584834603220342	0.0022899429856957365	0.0013210486252697162	9.81521049219225e-5	9.05002161750712e-5
2021-03-30	0	0	0	0.003998832626452398	0.005860277293922467	0.0036221298060237217	4.5644484404205876e-4	0.0038709098592351054
2021-03-31	0	0	0	0.005782447952696224	0.010781221334261515	0.007049783029206003	6.866034832446744e-4	0.017299469619690866
2021-04-01	0	0	0	0.005103269620167383	0.007237989196513306	0.004695381089070194	5.414214577899035e-4	0.009038234422078295
2021-04-02	0	0	0	0.003652101018724041	0.004701048347924397	0.003141424680655147	4.110752365182879e-4	0.0117899947547766
2021-04-03	0	0	0	0.0015205717987769596	0.0017956083049723848	0.0011654379177767904	2.76689039676814e-4	0.0052059360360405815
2021-04-04	0	0	0	6.073950485530055e-4	0.0010709173018657037	5.543986677747359e-4	8.946248261065826e-5	6.480566403199717e-5
2021-04-05	0	0	0	0.003603439193542446	0.005872196321591527	0.003354238907214313	3.565049707288104e-4	3.4894705492560796e-4
2021-04-06	0	0	0	0.010647618205193554	0.01165780833500607	0.0062385626185397225	7.535714934070459e-4	0.00860322186207596
2021-04-07	0	0	0	0.010758006583704516	0.011480131036543995	0.0061611822215705825	0.0011412956760896709	0.019492953505559685
2021-04-08	0	0	0	0.011768653987349609	0.012883528478622397	0.007140088677563883	0.0016246395689931692	0.020689874222703297
2021-04-09	0	0	0	0.009850148443661721	0.011306373943428039	0.007096428536190302	0.0014132779208970714	0.02223932814962959
2021-04-10	0	0	0	0.0058597018266244305	0.0076258288655517426	0.003881613213025714	6.844663391865069e-4	0.02212981788425461
2021-04-11	0	0	0	0.0029648679640563724	0.003997014866011561	0.00206655075015183	4.0120996882531124e-4	0.0042219291840519535
2021-04-12	0	0	0	0.007966338102291637	0.01060221296355457	0.0049729728601963785	8.093077759245837e-4	0.004162632569796543
2021-04-13	0	0	0	0.009837032979401084	0.012190189466647183	0.005654017416584667	0.0010452824428177632	0.020000530217838097
2021-04-14	0	0	0	0.011159808600604837	0.012986461298448493	0.006117536006898794	0.0016544900226966863	0.028446541948512705
2021-04-15	0	0	0	0.01463930436025307	0.015561461799203258	0.007595826210442969	0.0033839659617516116	0.03284951768080835
2021-04-16	0	0	0	0.010756848439102518	0.012105413737331094	0.00633778211994529	0.0022712087557030802	0.026360830403951763
2021-04-17	0	0	0	0.011426153708139708	0.013888516652986738	0.006433970752438123	0.002971244256764427	0.054153431826601484
2021-04-18	0	0	0	0.006501464549599989	0.007611896096476167	0.003305353836329683	9.421215611580269e-4	0.026675071213540846
2021-04-19	0	0	0	0.011291897544096763	0.013446216769191999	0.005181089577886766	0.0027402153461439926	0.023502107336090372
2021-04-20	0	0	0	0.011976981002111753	0.013778618190656733	0.005589561840997348	0.004080215226597295	0.04023903445523258
2021-04-21	0	0	0	0.015164704541591911	0.015597362801931691	0.006542735358665341	0.004786632844151706	0.07025161890783882
2021-04-22	0	0	0	0.01685835104254485	0.017825143765962448	0.007494793759379004	0.010165915533670633	0.10187988576761864
2021-04-23	0	0	0	0.005639094643617781	0.005976673183622827	0.002583316840546912	0.0032579583469924955	0.05349857714626238
2021-04-24	0	0	0	0.005843694009759481	0.005637072002939281	0.002506241156367661	0.006832761218605876	0.04706435543837939
2021-04-25	0	0	0	0.0018750665687923274	0.0017975830874807919	7.54455463425785e-4	4.998107546476671e-4	0.014538966355522653
2021-04-26	0	0	0	0.0019278854979105642	0.002411303013624355	0.0011535805011280154	4.634998497472509e-4	0.00540882627389383
2021-04-27	0	0	0	0.008945087036453137	0.009083972182245992	0.003336875673811024	0.0024070232411861348	0.020223237546067363
2021-04-28	0	0	0	0.016224445658099773	0.016655705277848654	0.006457012355272518	0.009404311519750186	0.05829514874338648
2021-04-29	0	0	0	0.017483251610371564	0.019064692727435828	0.007491662992166415	0.009682008273356413	0.0793412282496544
2021-04-30	0	0	0	0.019306302091556926	0.021086984964660438	0.008820312024355959	0.017383012506964723	0.08203966997339229
2021-05-01	0	0	0	0.013299507402926736	0.01447032423204675	0.006850343749512433	0.022171576861576003	0.15313571746275945
2021-05-02	0	0	0	0.008534022470037872	0.008857104636084356	0.0035915148317211543	0.005164701046869169	0.05372616436501487
2021-05-03	0	0	0	0.008428240529360309	0.008154129723518366	0.0030442267025201364	0.005342117803575963	0.06313306853352119
2021-05-04	0	0	0	0.011077612059067876	0.010781749703711263	0.0038411063367858045	0.006240448164704038	0.0521440998357916
2021-05-05	0	0	0	0.012346389318237394	0.011534471662888457	0.004859207168474322	0.016544770494479222	0.1087611975579803
2021-05-06	0	0	0	0.018037898160127463	0.01816709665941585	0.006846743145640932	0.011665696431426786	0.11262724361051757
2021-05-07	0	0	0	0.01498492307686039	0.015019234043763596	0.006333386851973044	0.02431343765409255	0.1646255863567092
2021-05-08	0	0	0	0.00806215077566752	0.008373997814423717	0.004525108207942052	0.030799185534555296	0.17747802609089902
2021-05-09	0	0	0	0.005704253317695418	0.004722792251542263	0.0022063583823435096	0.011323009610460844	0.07812831084045446
2021-05-10	0	0	0	0.005136498269993739	0.005753891162848301	0.002622241409399928	0.010156013401195318	0.08994203100230114
2021-05-11	0	0	0	0.007523203707048509	0.0074150850938485835	0.0036604307261336455	0.02411756831909706	0.11579806511970503
2021-05-12	0	0	0	0.009907347470836214	0.008822174118880977	0.0058522122509558905	0.04685882113574724	0.11818940412920598
2021-05-13	0	0	0	0.009157988924302973	0.008553842588068461	0.0049850935166648735	0.0495613591655093	0.11548274751715781
2021-05-14	0	0	0	0.009951489304045547	0.011265928865729746	0.00635852918377422	0.05422806060634455	0.1326684548923711
2021-05-15	0	0	0	0.009106401365582828	0.00951662562088229	0.008226565964047916	0.08420430604803353	0.1336451208243168
2021-05-16	0	0	0	0.00430086002846064	0.004119381967822466	0.0035756709591459046	0.048848783121955286	0.0622750640708396
2021-05-17	0	0	0	0.005610685019536321	0.005964695347773219	0.0038508376630925767	0.02880836731914238	0.061710075927018826
2021-05-18	0	0	0	0.006561055080875677	0.007172566105763112	0.00478933703268658	0.04960666586640938	0.06880038814092515
2021-05-19	0	0	0	0.0072755725818223205	0.008097609394686955	0.006728506651576094	0.09051475454743407	0.10451141367575723
2021-05-20	0	0	0	0.010642706733542173	0.009657199979621778	0.008641576090057779	0.09227515989878232	0.09141207693656206
2021-05-21	0	0	0	0.011586208116429075	0.011797886717855643	0.007944557999587154	0.0772554464316455	0.08766993584384841
2021-05-22	0	0	0	0.00805639208204445	0.006534369757981162	0.0066765217130684285	0.10038165963814993	0.0667371020937979
2021-05-23	0	0	0	0.0026529667411363533	0.002444331945585798	0.0020120256870455044	0.041309284997083084	0.019971886406222827
2021-05-24	0	0	0	0.0023144503045289255	0.0014716608763749583	9.925015948080151e-4	0.016517201916598223	0.008075083444985864
2021-05-25	0	0	0	0.007319329218110182	0.006316032366672442	0.005761050206964713	0.03839572584475093	0.0406764876505461
2021-05-26	0	0	0	0.016686188448029382	0.012819756633191348	0.015097542648271567	0.08682535923732981	0.05583084276538863
2021-05-27	0	0	0	0.019969861316488258	0.016368908639055046	0.02356798525788495	0.11387083029975953	0.07580255601396613
2021-05-28	0	0	0	0.018939751325269594	0.016439283387659653	0.022186945400734404	0.10534529281477822	0.07885894494463863
2021-05-29	0	0	0	0.020347460997715672	0.017290015830980998	0.022564565442366735	0.08072799233065875	0.03898285696067472
2021-05-30	0	0	0	0.012446508909421894	0.01049655351376333	0.011472032696087764	0.05404882892182439	0.019673395992743092
2021-05-31	0	0	0	0.008627956624903454	0.00847540426826332	0.007138763420069472	0.04822888682030868	0.03288971275601593
2021-06-01	0	0	0	0.017992852984285213	0.013216092407241975	0.01298460355625286	0.05709644188595586	0.03176950899629638
2021-06-02	0	0	0.1742581416494462	0.029387206626544815	0.02386149618135769	0.026766409159219906	0.11268464690051117	0.04633698647608697
2021-06-03	0	0	0	0	0	0	0	0
2021-06-04	0	0.8452994616207483	0	0	0	0	0	0.23942613849277672
2021-06-05	0	0	0	0	0	0	0	0.0608895535894709
2021-06-06	0	0	0	0	0	0	0	0.03657165113876926
2021-06-07	0	0	0	0	0	0	0	0.018369188083706467
2021-06-08	0	0	0	0	0	0	0.03409444123792915	0.02933368925898261
2021-06-09	0	0	0	0	0	0	0.07001575699366147	0.0475802914884631
2021-06-10	0	0	0	0.010340289129541658	0	0	0.10116587595422954	0.0630874359714102
2021-06-11	0	0	0	0.02570074864490768	0.007649062656880368	1.359031549357237e-4	0.11775585641255848	0.03568719690784028
2021-06-12	0	0	0	0.028816149822550985	0.015475549785120224	0.020470739936282456	0.1284441201967359	0.053681890429652324
2021-06-13	0	0	0	0.017948448461784006	0.008549216125144365	0.013634443966697551	0.08869743708351496	0.023634016267600977
2021-06-14	0	0	0	0.006380327961274634	0.0034918117926856507	0.004852863476473512	0.0435782134476852	0.008830065200084114
2021-06-15	0	0	0	0.007602425915275379	0.003462531773086086	0.004984481554598297	0.043139507476906536	0.03170428182449303
2021-06-16	0	0	0	0.005617569414049672	0.002081735351530556	0.0032810238738956166	0.03761512572381065	0.0460652710966305
2021-06-17	0	0	0	0.01298766310174182	0.005836404459638622	0.009946369556313783	0.062188099170061406	0.03394185859506815
2021-06-18	0	0	0	0.02784421713543428	0.01243865942674316	0.026813466813054854	0.10658336396190049	0.05983102672662555
2021-06-19	0	0	0	0.02649897030340531	0.013172975802520082	0.030093466097874222	0.13609159149677463	0.05651210938481199
2021-06-20	0	0	0.2111456180001683	0.020090483362499523	0.009574796248562611	0.02171493663929791	0.09354474346085251	0.026881777210879365
2021-06-21	0	0	0	0.010091037381461332	0.00496836328754946	0.012047528444164124	0.04301578083967339	0.008869223302621743
2021-06-22	0	0	0	0.007945483200501702	0.004041824501711311	0.011323268759068084	0.0642116106213575	0.019289449284856763
2021-06-23	0	0	0	0.00998924168764459	0.004562848672031494	0.011758522920273906	0.05524813905103776	0.033970797813342335
2021-06-24	0	0	0.2679491924311228	0.012441055765699538	0.004018125249940718	0.012027285775189522	0.035737421534247193	0.03468608493742731
2021-06-25	0	0	0	0.008907046531214435	0.0029655344624874846	0.009355775884216655	0.030392665376953065	0.029485643475721135
2021-06-26	0	0	0	0.02080721065952562	0.008675763372671508	0.023210325633559625	0.08237551803118826	0.029871315072063753
2021-06-27	0	0	0	0.028570923429662276	0.010484110635945898	0.0321736672000128	0.1023061276876267	0.041867533835058035
2021-06-28	0	0	0	0.02468413831835492	0.01049347106647791	0.027513716048749304	0.10226989255088648	0.01681841874609402
2021-06-29	0	0	0	0.022639389183582548	0.006490672972114586	0.03197222038660508	0.0985998367925911	0.020989258118209175
2021-06-30	0	0	0	0.02730838125669721	0.0092364303703798	0.037625566116680886	0.12051710710634511	0.07025760167173511
2021-07-01	0	0	0	0.03797477188167031	0.009959493953550558	0.04424280844538697	0.0964132975031824	0.049435561821543406
2021-07-02	0	0	0.36700683814454793	0.04167058892783926	0.009964439949631032	0.05969039399882514	0.1371431601586337	0.047457865805499155
2021-07-03	0	0	0	0.03794890304807974	0.009879286997646064	0.07134784299156016	0.12371791745802319	0.05491839849297997
2021-07-04	0	0	0	0.035349821775510604	0.0074938057402029745	0.08668835599099256	0.12760149771635354	0.02565606485381622
2021-07-05	0	0	0	0.03086363598612718	0.006616896958271834	0.07518938900248684	0.08652101715091831	0.015405613210090818
2021-07-06	0	0	0	0.0163749699304907	0.004230119982130409	0.04057819029322607	0.043020729473399966	0.01839965514235775
2021-07-07	0	0	0	0.02624405602143587	0.005934006084860721	0.05807235537202815	0.06819373495017311	0.086965370795051955
2021-07-08	0	0	0.5857864376269049	0.034093865033201	0.005885816481836947	0.05868819088454624	0.05371495466182896	0.04788147874058479
2021-07-09	0	0	0	0.042125626553841	0.0070193890496332845	0.07208571611186687	0.08212744535455263	0.03716029028669854
2021-07-10	0	0	0	0.03173149151005661	0.0065599097891870795	0.06908595038095044	0.08764296724856635	0.05223775121865093
2021-07-11	0	0	0	0.03706351037177824	0.0068239556066016505	0.08163989372449576	0.09422379365091005	0.05328735534552553
2021-07-12	0	0	0	0.036176106848616385	0.005137701561174879	0.07426763667830372	0.06683936110010125	0.039866970972164184
2021-07-13	0	0	0	0.02520790438118592	0.0040298064544685985	0.04370360786378069	0.049654490948467744	0.03009250715140177
