2020-02-17	0	0	0	0	0	0	0	0
2020-02-18	0	0	0	0	0	0	0	0
2020-02-19	0	0	0	0	0	0	0	0
2020-02-20	0	0	0	0	0	0	0	0
2020-02-21	0	0	0	0	0	0	0	0
2020-02-22	0	0	0	0	0	0	0	0
2020-02-23	0	0	0	0	0	0	0	0
2020-02-24	0	0	0	0	0	0	0	0
2020-02-25	0	0	0	0	0	0	0	0
2020-02-26	0	0	0	0	0	0	0	0
2020-02-27	0	0	0	0	0	0	0	0
2020-02-28	0	0	0	0	0	0	0	0
2020-02-29	0	0	0	0	0	0	0	0
2020-03-01	0	0	0	0	0	0	0	0
2020-03-02	0	0	0	0	0	0	0	0
2020-03-03	0	0	0	0	0	0	0	0
2020-03-04	0	0	0	0	0	0	0	0
2020-03-05	0	0	0	0	0	0	0	0
2020-03-06	0	0	0	0	0	0	0	0
2020-03-07	0	0	0	0	0	0	0	0
2020-03-08	0	0	0	0	0	0	0	0
2020-03-09	0	0	0	0	0	0	0	0
2020-03-10	0	0	0	0	0	0	0	0
2020-03-11	0	0	0	0	0	0	0	0
2020-03-12	0	0	0	0	0	0	0	0
2020-03-13	0	0	0	0	0	0	0	0
2020-03-14	0	0	0	0	0	0	0	0
2020-03-15	0	0	0	0	0	0	0	0
2020-03-16	0	0	0	0	0	0	0	0
2020-03-17	0	0	0	0	0	0	0	0
2020-03-18	0	0	0	0	0	0	0	0
2020-03-19	0	0	0	0	0	0	0	0
2020-03-20	0	0	0	0	0	0	0	0
2020-03-21	0	0	0	0	0	0	0	0
2020-03-22	0	0	0	0	0	0	0	0
2020-03-23	0	0	0	0	0	0	0	0
2020-03-24	0	0	0	0	0	0	0	0
2020-03-25	0	0	0	0	0	0	0	0
2020-03-26	0	0	0	0	0	0	0	0
2020-03-27	0	0	0	0	0	0	0	0
2020-03-28	0	0	0	0	0	0	0	0
2020-03-29	0	0	0	0	0	0	0	0
2020-03-30	0	0	0	0	0	0	0	0
2020-03-31	0	0	0	0	0	0	0	0
2020-04-01	0	0	0	0	0	0	0	0
2020-04-02	0	0	0	0	0	0	0	0
2020-04-03	0	0	0	0	0	0	0	0
2020-04-04	0	0	0	0	0	0	0	0
2020-04-05	0	0	0	0	0	0	0	0
2020-04-06	0	0	0	0	0	0	0	0
2020-04-07	0	0	0	0	0	0	0	0
2020-04-08	0	0	0	0	0	0	0	0
2020-04-09	0	0	0	0	0	0	0	0
2020-04-10	0	0	0	0	0	0	0	0
2020-04-11	0	0	0	0	0	0	0	0
2020-04-12	0	0	0	0	0	0	0	0
2020-04-13	0	0	0	0	0	0	0	0
2020-04-14	0	0	0	0	0	0	0	0
2020-04-15	0	0	0	0	0	0	0	0
2020-04-16	0	0	0	0	0	0	0	0
2020-04-17	0	0	0	0	0	0	0	0
2020-04-18	0	0	0	0	0	0	0	0
2020-04-19	0	0	0	0	0	0	0	0
2020-04-20	0	0	0	0	0	0	0	0
2020-04-21	0	0	0	0	0	0	0	0
2020-04-22	0	0	0	0	0	0	0	0
2020-04-23	0	0	0	0	0	0	0	0
2020-04-24	0	0	0	0	0	0	0	0
2020-04-25	0	0	0	0	0	0	0	0
2020-04-26	0	0	0	0	0	0	0	0
2020-04-27	0	0	0	0	0	0	0	0
2020-04-28	0	0	0	0	0	0	0	0
2020-04-29	0	0	0	0	0	0	0	0
2020-04-30	0	0	0	0	0	0	0	0
2020-05-01	0	0	0	0	0	0	0	0
2020-05-02	0	0	0	0	0	0	0	0
2020-05-03	0	0	0	0	0	0	0	0
2020-05-04	0	0	0	0	0	0	0	0
2020-05-05	0	0	0	0	0	0	0	0
2020-05-06	0	0	0	0	0	0	0	0
2020-05-07	0	0	0	0	0	0	0	0
2020-05-08	0	0	0	0	0	0	0	0
2020-05-09	0	0	0	0	0	0	0	0
2020-05-10	0	0	0	0	0	0	0	0
2020-05-11	0	0	0	0	0	0	0	0
2020-05-12	0	0	0	0	0	0	0	0
2020-05-13	0	0	0	0	0	0	0	0
2020-05-14	0	0	0	0	0	0	0	0
2020-05-15	0	0	0	0	0	0	0	0
2020-05-16	0	0	0	0	0	0	0	0
2020-05-17	0	0	0	0	0	0	0	0
2020-05-18	0	0	0	0	0	0	0	0
2020-05-19	0	0	0	0	0	0	0	0
2020-05-20	0	0	0	0	0	0	0	0
2020-05-21	0	0	0	0	0	0	0	0
2020-05-22	0	0	0	0	0	0	0	0
2020-05-23	0	0	0	0	0	0	0	0
2020-05-24	0	0	0	0	0	0	0	0
2020-05-25	0	0	0	0	0	0	0	0
2020-05-26	0	0	0	0	0	0	0	0
2020-05-27	0	0	0	0	0	0	0	0
2020-05-28	0	0	0	0	0	0	0	0
2020-05-29	0	0	0	0	0	0	0	0
2020-05-30	0	0	0	0	0	0	0	0
2020-05-31	0	0	0	0	0	0	0	0
2020-06-01	0	0	0	0	0	0	0	0
2020-06-02	0	0	0	0	0	0	0	0
2020-06-03	0	0	0	0	0	0	0	0
2020-06-04	0	0	0	0	0	0	0	0
2020-06-05	0	0	0	0	0	0	0	0
2020-06-06	0	0	0	0	0	0	0	0
2020-06-07	0	0	0	0	0	0	0	0
2020-06-08	0	0	0	0	0	0	0	0
2020-06-09	0	0	0	0	0	0	0	0
2020-06-10	0	0	0	0	0	0	0	0
2020-06-11	0	0	0	0	0	0	0	0
2020-06-12	0	0	0	0	0	0	0	0
2020-06-13	0	0	0	0	0	0	0	0
2020-06-14	0	0	0	0	0	0	0	0
2020-06-15	0	0	0	0	0	0	0	0
2020-06-16	0	0	0	0	0	0	0	0
2020-06-17	0	0	0	0	0	0	0	0
2020-06-18	0	0	0	0	0	0	0	0
2020-06-19	0	0	0	0	0	0	0	0
2020-06-20	0	0	0	0	0	0	0	0
2020-06-21	0	0	0	0	0	0	0	0
2020-06-22	0	0	0	0	0	0	0	0
2020-06-23	0	0	0	0	0	0	0	0
2020-06-24	0	0	0	0	0	0	0	0
2020-06-25	0	0	0	0	0	0	0	0
2020-06-26	0	0	0	0	0	0	0	0
2020-06-27	0	0	0	0	0	0	0	0
2020-06-28	0	0	0	0	0	0	0	0
2020-06-29	0	0	0	0	0	0	0	0
2020-06-30	0	0	0	0	0	0	0	0
2020-07-01	0	0	0	0	0	0	0	0
2020-07-02	0	0	0	0	0	0	0	0
2020-07-03	0	0	0	0	0	0	0	0
2020-07-04	0	0	0	0	0	0	0	0
2020-07-05	0	0	0	0	0	0	0	0
2020-07-06	0	0	0	0	0	0	0	0
2020-07-07	0	0	0	0	0	0	0	0
2020-07-08	0	0	0	0	0	0	0	0
2020-07-09	0	0	0	0	0	0	0	0
2020-07-10	0	0	0	0	0	0	0	0
2020-07-11	0	0	0	0	0	0	0	0
2020-07-12	0	0	0	0	0	0	0	0
2020-07-13	0	0	0	0	0	0	0	0
2020-07-14	0	0	0	0	0	0	0	0
2020-07-15	0	0	0	0	0	0	0	0
2020-07-16	0	0	0	0	0	0	0	0
2020-07-17	0	0	0	0	0	0	0	0
2020-07-18	0	0	0	0	0	0	0	0
2020-07-19	0	0	0	0	0	0	0	0
2020-07-20	0	0	0	0	0	0	0	0
2020-07-21	0	0	0	0	0	0	0	0
2020-07-22	0	0	0	0	0	0	0	0
2020-07-23	0	0	0	0	0	0	0	0
2020-07-24	0	0	0	0	0	0	0	0
2020-07-25	0	0	0	0	0	0	0	0
2020-07-26	0	0	0	0	0	0	0	0
2020-07-27	0	0	0	0	0	0	0	0
2020-07-28	0	0	0	0	0	0	0	0
2020-07-29	0	0	0	0	0	0	0	0
2020-07-30	0	0	0	0	0	0	0	0
2020-07-31	0	0	0	0	0	0	0	0
2020-08-01	0	0	0	0	0	0	0	0
2020-08-02	0	0	0	0	0	0	0	0
2020-08-03	0	0	0	0	0	0	0	0
2020-08-04	0	0	0	0	0	0	0	0
2020-08-05	0	0	0	0	0	0	0	0
2020-08-06	0	0	0	0	0	0	0	0
2020-08-07	0	0	0	0	0	0	0	0
2020-08-08	0	0	0	0	0	0	0	0
2020-08-09	0	0	0	0	0	0	0	0
2020-08-10	0	0	0	0	0	0	0	0
2020-08-11	0	0	0	0	0	0	0	0
2020-08-12	0	0	0	0	0	0	0	0
2020-08-13	0	0	0	0	0	0	0	0
2020-08-14	0	0	0	0	0	0	0	0
2020-08-15	0	0	0	0	0	0	0	0
2020-08-16	0	0	0	0	0	0	0	0
2020-08-17	0	0	0	0	0	0	0	0
2020-08-18	0	0	0	0	0	0	0	0
2020-08-19	0	0	0	0	0	0	0	0
2020-08-20	0	0	0	0	0	0	0	0
2020-08-21	0	0	0	0	0	0	0	0
2020-08-22	0	0	0	0	0	0	0	0
2020-08-23	0	0	0	0	0	0	0	0
2020-08-24	0	0	0	0	0	0	0	0
2020-08-25	0	0	0	0	0	0	0	0
2020-08-26	0	0	0	0	0	0	0	0
2020-08-27	0	0	0	0	0	0	0	0
2020-08-28	0	0	0	0	0	0	0	0
2020-08-29	0	0	0	0	0	0	0	0
2020-08-30	0	0	0	0	0	0	0	0
2020-08-31	0	0	0	0	0	0	0	0
2020-09-01	0	0	0	0	0	0	0	0
2020-09-02	0	0	0	0	0	0	0	0
2020-09-03	0	0	0	0	0	0	0	0
2020-09-04	0	0	0	0	0	0	0	0
2020-09-05	0	0	0	0	0	0	0	0
2020-09-06	0	0	0	0	0	0	0	0
2020-09-07	0	0	0	0	0	0	0	0
2020-09-08	0	0	0	0	0	0	0	0
2020-09-09	0	0	0	0	0	0	0	0
2020-09-10	0	0	0	0	0	0	0	0
2020-09-11	0	0	0	0	0	0	0	0
2020-09-12	0	0	0	0	0	0	0	0
2020-09-13	0	0	0	0	0	0	0	0
2020-09-14	0	0	0	0	0	0	0	0
2020-09-15	0	0	0	0	0	0	0	0
2020-09-16	0	0	0	0	0	0	0	0
2020-09-17	0	0	0	0	0	0	0	0
2020-09-18	0	0	0	0	0	0	0	0
2020-09-19	0	0	0	0	0	0	0	0
2020-09-20	0	0	0	0	0	0	0	0
2020-09-21	0	0	0	0	0	0	0	0
2020-09-22	0	0	0	0	0	0	0	0
2020-09-23	0	0	0	0	0	0	0	0
2020-09-24	0	0	0	0	0	0	0	0
2020-09-25	0	0	0	0	0	0	0	0
2020-09-26	0	0	0	0	0	0	0	0
2020-09-27	0	0	0	0	0	0	0	0
2020-09-28	0	0	0	0	0	0	0	0
2020-09-29	0	0	0	0	0	0	0	0
2020-09-30	0	0	0	0	0	0	0	0
2020-10-01	0	0	0	0	0	0	0	0
2020-10-02	0	0	0	0	0	0	0	0
2020-10-03	0	0	0	0	0	0	0	0
2020-10-04	0	0	0	0	0	0	0	0
2020-10-05	0	0	0	0	0	0	0	0
2020-10-06	0	0	0	0	0	0	0	0
2020-10-07	0	0	0	0	0	0	0	0
2020-10-08	0	0	0	0	0	0	0	0
2020-10-09	0	0	0	0	0	0	0	0
2020-10-10	0	0	0	0	0	0	0	0
2020-10-11	0	0	0	0	0	0	0	0
2020-10-12	0	0	0	0	0	0	0	0
2020-10-13	0	0	0	0	0	0	0	0
2020-10-14	0	0	0	0	0	0	0	0
2020-10-15	0	0	0	0	0	0	0	0
2020-10-16	0	0	0	0	0	0	0	0
2020-10-17	0	0	0	0	0	0	0	0
2020-10-18	0	0	0	0	0	0	0	0
2020-10-19	0	0	0	0	0	0	0	0
2020-10-20	0	0	0	0	0	0	0	0
2020-10-21	0	0	0	0	0	0	0	0
2020-10-22	0	0	0	0	0	0	0	0
2020-10-23	0	0	0	0	0	0	0	0
2020-10-24	0	0	0	0	0	0	0	0
2020-10-25	0	0	0	0	0	0	0	0
2020-10-26	0	0	0	0	0	0	0	0
2020-10-27	0	0	0	0	0	0	0	0
2020-10-28	0	0	0	0	0	0	0	0
2020-10-29	0	0	0	0	0	0	0	0
2020-10-30	0	0	0	0	0	0	0	0
2020-10-31	0	0	0	0	0	0	0	0
2020-11-01	0	0	0	0	0	0	0	0
2020-11-02	0	0	0	0	0	0	0	0
2020-11-03	0	0	0	0	0	0	0	0
2020-11-04	0	0	0	0	0	0	0	0
2020-11-05	0	0	0	0	0	0	0	0
2020-11-06	0	0	0	0	0	0	0	0
2020-11-07	0	0	0	0	0	0	0	0
2020-11-08	0	0	0	0	0	0	0	0
2020-11-09	0	0	0	0	0	0	0	0
2020-11-10	0	0	0	0	0	0	0	0
2020-11-11	0	0	0	0	0	0	0	0
2020-11-12	0	0	0	0	0	0	0	0
2020-11-13	0	0	0	0	0	0	0	0
2020-11-14	0	0	0	0	0	0	0	0
2020-11-15	0	0	0	0	0	0	0	0
2020-11-16	0	0	0	0	0	0	0	0
2020-11-17	0	0	0	0	0	0	0	0
2020-11-18	0	0	0	0	0	0	0	0
2020-11-19	0	0	0	0	0	0	0	0
2020-11-20	0	0	0	0	0	0	0	0
2020-11-21	0	0	0	0	0	0	0	0
2020-11-22	0	0	0	0	0	0	0	0
2020-11-23	0	0	0	0	0	0	0	0
2020-11-24	0	0	0	0	0	0	0	0
2020-11-25	0	0	0	0	0	0	0	0
2020-11-26	0	0	0	0	0	0	0	0
2020-11-27	0	0	0	0	0	0	0	0
2020-11-28	0	0	0	0	0	0	0	0
2020-11-29	0	0	0	0	0	0	0	0
2020-11-30	0	0	0	0	0	0	0	0
2020-12-01	0	0	0	0	0	0	0	0
2020-12-02	0	0	0	0	0	0	0	0
2020-12-03	0	0	0	0	0	0	0	0
2020-12-04	0	0	0	0	0	0	0	0
2020-12-05	0	0	0	0	0	0	0	0
2020-12-06	0	0	0	0	0	0	0	0
2020-12-07	0	0	0	0	0	0	0	0
2020-12-08	0	0	0	0	0	0	0	0
2020-12-09	0	0	0	0	0	0	0	0
2020-12-10	0	0	0	0	0	0	0	0
2020-12-11	0	0	0	0	0	0	0	0
2020-12-12	0	0	0	0	0	0	0	0
2020-12-13	0	0	0	0	0	0	0	0
2020-12-14	0	0	0	0	0	0	0	0
2020-12-15	0	0	0	0	0	0	0	0
2020-12-16	0	0	0	0	0	0	0	0
2020-12-17	0	0	0	0	0	0	0	0
2020-12-18	0	0	0	0	0	0	0	0
2020-12-19	0	0	0	0	0	0	0	0
2020-12-20	0	0	0	0	0	0	0	0
2020-12-21	0	0	0	0	0	0	0	0
2020-12-22	0	0	0	0	0	0	0	0
2020-12-23	0	0	0	0	0	0	0	0
2020-12-24	0	0	0	0	0	0	0	0
2020-12-25	0	0	0	0	0	0	0	0
2020-12-26	0	0	0	0	0	0	0	0
2020-12-27	0	0	0	0	0	0	0	0
2020-12-28	0	0	0	0	0	0	0	0
2020-12-29	0	0	0	3.093523924713182e-5	1.121031417785634e-4	2.3295356684105428e-4	1.031026575395444e-4	2.870205952054672e-4
2020-12-30	0	0	0	9.280915338472084e-5	2.908711515066109e-4	3.929285982207098e-4	8.570183620104643e-5	3.167250786937359e-4
2020-12-31	0	0	0	1.0083954215334145e-4	3.9877975632340856e-4	4.604430019394812e-4	1.1517331622323823e-4	5.90887286946451e-4
2021-01-01	0	0	0	9.28271542202097e-5	3.6858396353456335e-4	4.68554885920236e-4	8.304172398210241e-5	6.586084412696369e-4
2021-01-02	0	0	0	6.7621143154728e-5	2.1688175942435883e-4	2.7229853662325e-4	6.965121282287434e-5	2.6291728137417536e-4
2021-01-03	0	0	0	1.948509491733752e-5	9.273214981297961e-5	1.359146181958426e-4	2.0090100903091823e-5	1.640006724068499e-5
2021-01-04	0	0	0	7.335834536159602e-5	3.758853224438141e-4	4.895199074350653e-4	1.0583280014531127e-4	8.088635650667086e-4
2021-01-05	0	0	0	9.285115533419486e-5	4.389781754596811e-4	6.426632540144084e-4	1.4871552907713692e-4	0.0101824204214096
2021-01-06	0	0	0	1.6394071913983232e-4	5.406930872535742e-4	7.649662933575385e-4	1.7687782144082398e-4	0.017974773117153342
2021-01-07	0	0	0	1.6396772135340854e-4	6.165050196098587e-4	9.208119736727749e-4	2.8144980349797954e-4	0.016697299956458966
2021-01-08	0	0	0	1.376167345914503e-4	5.195774901920469e-4	7.50930974332098e-4	2.319234471213072e-4	0.013414084415174443
2021-01-09	0	0	0	1.3075327410461135e-4	4.540515407003287e-4	6.689818841902895e-4	7.483299994470727e-4	0.018751908518269467
2021-01-10	0	0	0	1.192995580960865e-4	4.6567421311816126e-4	7.620551820251009e-4	4.616432786292979e-4	0.011110661700857616
2021-01-11	0	0	0	2.478123527405174e-4	8.87256806159975e-4	0.0012982413576556606	4.497805756416007e-4	0.008804178389277606
2021-01-12	0	0	0	2.547602256932624e-4	9.109274472034468e-4	0.0013880016371361492	5.037134318053305e-4	0.01689929655602218
2021-01-13	0	0	0	2.7319165842043525e-4	9.444830120399761e-4	0.0014850413369431603	4.959014795693495e-4	0.014059718924055886
2021-01-14	0	0	0	1.366286668482708e-4	5.446841702112515e-4	8.2646075934667e-4	2.1512156932246285e-4	0.0018413476402832085
2021-01-15	0	0	0	1.1480003294650487e-6	0	5.300000702757046e-7	0	5.600007840111942e-6
2021-01-16	0	0	0	9.186021095786145e-6	3.877037578536857e-5	5.907087234202635e-5	1.210003660268022e-5	3.700003422535403e-6
2021-01-17	0	0	0	1.7224074167154768e-5	1.1193313225654755e-4	8.568183534429785e-5	9.410022137057439e-6	6.560107587527675e-5
2021-01-18	0	0	0	3.6745337554933144e-5	1.561860985241914e-4	1.5116571276818647e-4	1.4790054686519838e-5	8.430177669738192e-5
2021-01-19	0	0	0	1.3895282697196087e-4	5.473348938715983e-4	8.135454640554318e-4	4.5726227219633486e-4	0.006995233322308447
2021-01-20	0	0	0	3.457258815962039e-4	0.001037459080335923	0.001631955819949571	0.0012273465949159679	0.0162040427503638
2021-01-21	0	0	0	3.309073749226954e-4	0.0010659040378544482	0.001589221406169461	0.0012099860165399878	0.010800261411640033
2021-01-22	0	0	0	9.424222039911001e-5	3.034030133470811e-4	3.7737560308648277e-4	2.373740866141727e-4	0.0020313315769939777
2021-01-23	0	0	0	1.2183771110696462e-4	5.160765837601833e-4	5.550670248506417e-4	5.248188587085867e-4	0.0026618713898240998
2021-01-24	0	0	0	6.782214996103875e-5	2.915912563652423e-4	2.5198587422026186e-4	3.860472581214136e-4	0.0012043626223314785
2021-01-25	0	0	0	1.3105829406923064e-4	5.680406675501182e-4	7.519613614721532e-4	1.8768880677200173e-4	7.082253958028417e-4
2021-01-26	0	0	0	3.4610294681236553e-4	0.0013712700954187085	0.0017936843258652413	4.767668266518754e-4	0.0026818981444141077
2021-01-27	0	0	0	5.981634498781752e-4	0.002098841283683539	0.0027244356373856693	8.716499434060498e-4	0.006153365978215364
2021-01-28	0	0	0	7.378190942539664e-4	0.002608611213115397	0.0035718395093702338	0.002700963801364198	0.03406073338976223
2021-01-29	0	0	0	9.319271220402658e-4	0.0029779770868825217	0.004107157185035737	0.0027367925083083833	0.05491275259951389
2021-01-30	0	0	0	7.425118309547507e-4	0.002184322816541684	0.0031302796626917484	0.0027728922328338346	0.03866861545530753
2021-01-31	0	0	0	5.722728740606975e-4	0.0018015013517802547	0.0021561822805067354	0.0011974484707100164	0.012341779882668158
2021-02-01	0	0	0	8.035344168897396e-4	0.002355517115220085	0.0031054108942054626	0.0012644497082661132	0.01435058482117757
2021-02-02	0	0	0	0.0010607553004517989	0.0030734014491169415	0.004220262654217599	0.0023071106899339444	0.027599432163943005
2021-02-03	0	0	0	0.001182217409500863	0.003250771879452996	0.004293167822488009	0.0032164964623730974	0.051196674879683934
2021-02-04	0	0	0	0.0014500846863994	0.0034163578752830492	0.004517231344755457	0.004192093411793385	0.0829954616642139
2021-02-05	0	0	0	0.0015067265562287435	0.0038338145334693152	0.005086788855214408	0.00546457539606493	0.09009351014244671
2021-02-06	0	0	0	0.0014683269960418244	0.0027897456702261625	0.0037063542654853787	0.0030914592801201124	0.0675352525854449
2021-02-07	0	0	0	7.33944668694031e-4	0.0017958262479782494	0.00239224070389632	0.0017184883005096907	0.02885038619591329
2021-02-08	0	0	0	0.001376067390365776	0.0032445818278092897	0.0041033593895700715	0.002480808602830953	0.03135315508342118
2021-02-09	0	0	0	0.001486422362860118	0.0036319778157134497	0.004835525576901256	0.008093335519959721	0.09955457852639182
2021-02-10	0	0	0	0.001643984671400034	0.0036520844301712874	0.0050663670186921195	0.009583410438910311	0.07706671982619229
2021-02-11	0	0	0	0.001650201791488115	0.003779771668466436	0.005413346078942505	0.01468956583611325	0.1385100591193087
2021-02-12	0	0	0	0.0018076318832562777	0.004008597212903808	0.00590268040900277	0.022803712323938186	0.16563656817957684
2021-02-13	0	0	1.134299321581267e-6	0.001488037563947886	0.003207441920919152	0.004968862398383456	0.027610058837249207	0.14385884157481166
2021-02-14	0	0	1.1343003216701675e-6	9.353937403622226e-4	0.00205524600903928	0.003201472356312074	0.016329230945820505	0.06917344124336222
2021-02-15	0	0	0	0.0011245171346965233	0.0027322863471708203	0.003952685931518207	0.008103757722305538	0.07480556826070162
2021-02-16	0	0	0	0.0013766968235360277	0.0033265665111883447	0.004844236657197687	0.013793092349138059	0.07087729783717478
2021-02-17	1.2128305773906334e-5	0	0	0.001642865751969813	0.0037240270944500775	0.005506941601450377	0.015129303959575457	0.07448084922533171
2021-02-18	0	0	2.2686042866482126e-6	0.0014647623822090505	0.0032755322779258744	0.005632290674560725	0.02736445332646409	0.14845750791400958
2021-02-19	0	0	0	0.0016006425141144032	0.0034796369683578465	0.006193981351244826	0.04632856395964069	0.25638192255299197
2021-02-20	0	0	1.1343043215816806e-6	0.001340065944183566	0.0029038781270442904	0.005401995388544467	0.05619273589175	0.18507619994667546
2021-02-21	0	0	0	8.149770468968143e-4	0.0017348023848287042	0.003345998927205107	0.03403665344442386	0.10683260116808468
2021-02-22	0	0	1.1343053216705812e-6	0.0010567181633192035	0.002429095125782599	0.0041353753322848075	0.0330228877793215	0.12335181773460802
2021-02-23	0	0	0	0.0011862407918041828	0.002959048992735358	0.005165470521427018	0.0438604753239098	0.09293209350060105
2021-02-24	1.2128452774762266e-5	0	1.1343063217594818e-6	0.0014519320266523916	0.003451147604947691	0.007041274888012206	0.06267989222224823	0.08992733122532748
2021-02-25	0	0	0	0.0013801231850014695	0.0032664474196864024	0.007226425305674633	0.07399091383243994	0.09271648672778587
2021-02-26	0	0	0	0.0014154598816691344	0.003459411882643426	0.007630355581575321	0.08020650068816004	0.09699048872581817
2021-02-27	0	0	1.1343083217152383e-6	0.0013815982033988927	0.0033096584597800405	0.008786329898270218	0.08992271360554627	0.08872210288508797
2021-02-28	0	0	0	5.133188740666927e-4	0.0011623277514503094	0.002756779958935418	0.035844802465955894	0.0345614229897695
2021-03-01	0	0	3.4029298949800335e-6	9.19513376212322e-4	0.0019559964805579977	0.00432964645961631	0.04144105015958233	0.06201001034577058
2021-03-02	0	0	1.134313321715652e-6	0.0010306395544728009	0.0025153617611974877	0.006530361405020058	0.06791133743815991	0.08408246524021812
2021-03-03	0	0	6.805896580086568e-6	0.0012405077148476273	0.0028285401598591164	0.006547256642385424	0.08426225176826452	0.11128763439215006
2021-03-04	0	0	1.1343223216275788e-6	0.001148327664105997	0.0026674388074479083	0.006313695688311194	0.09762654560152151	0.09704167150197418
2021-03-05	0	0	0	0.0012506950595330135	0.002973330173079436	0.007216368995369482	0.12079409324044543	0.08900068027222985
2021-03-06	0	0	0	0.0014040298249373695	0.003412100607639079	0.010150166469841349	0.15066398942755677	0.0839983298545901
2021-03-07	0	0	0	5.183941831321537e-4	0.0014907155582188913	0.0044150331293835166	0.04661062765254087	0.02580902646172545
2021-03-08	0	0	0	7.515021888848672e-4	0.0018352120007718575	0.0044871436144542365	0.07345394033778674	0.04363899037013108
2021-03-09	0	0	0	0.0011698711496266334	0.002735330508247369	0.010537479619181056	0.09904470331362081	0.04204330997848671
2021-03-10	0	0	0	0.0019935745849064546	0.0043625479561675284	0.01863443050001501	0.12144653522983262	0.05266438434459886
2021-03-11	0	0	0	0.0020278560500399667	0.00504223603606091	0.018745407576300277	0.13848435945329762	0.05665690111087174
2021-03-12	0	0	0	0.001795170659424139	0.004695090969803584	0.015653800366478343	0.10654458726908489	0.04595598821316216
2021-03-13	0	0	1.1343233217164794e-6	0.001641476611366377	0.004194989484193057	0.013470261989516619	0.08879559439603635	0.03037607650597418
2021-03-14	0	0	0	7.28141547528427e-4	0.002226078856769176	0.005871318094040401	0.03327887081060732	0.012027364373442762
2021-03-15	0	0	0	9.468381256090286e-4	0.00246131451728826	0.007110830979303984	0.03505525777440743	0.02167606292599289
2021-03-16	0	0	0	0.0016371700814690193	0.004626080154398693	0.01482030032543391	0.055669842850756934	0.03756508388176094
2021-03-17	0	0	0	0.0026730913543471235	0.007270796119051237	0.023475808394949116	0.08740115026699868	0.0503889618695732
2021-03-18	0	0	0	0.0029905498470970127	0.00794241047102262	0.02764958488609337	0.11833465249529551	0.06741023494379439
2021-03-19	0	0	0	0.003313254413702449	0.008860547324723411	0.03138274923742479	0.10409510787065068	0.049328218279661495
2021-03-20	1.2128599775840243e-5	0	2.2686502867408365e-6	0.0026589725337338166	0.007797429978567694	0.02630444090280215	0.07489060051123331	0.04006796036189053
2021-03-21	0	0	0	9.529930489378113e-4	0.00305146786403121	0.010064925682247372	0.02784366745432676	0.014272425532646293
2021-03-22	0	0	0	0.0010392930325018312	0.0027097056261451424	0.01138027768001848	0.026611361135369327	0.01897188308696629
2021-03-23	0	0	0	0.001093646015401628	0.0032193610714270626	0.013706557429139732	0.031848369662540454	0.028969711039426915
2021-03-24	0	0	0	0.0013329862130611048	0.0034721339285044284	0.015637291219168237	0.04145329389365848	0.03345358559732947
2021-03-25	0	0	0	0.0027126806590895836	0.008200592429046916	0.030752752953555618	0.05687153281107027	0.05664558044601642
2021-03-26	0	0	0	0.0025904486059951104	0.007425333895866304	0.029791391755685126	0.05693607928097233	0.064327197070744635
2021-03-27	0	0	2.26865528674125e-6	0.0025846821454482694	0.0074205160144802385	0.02994462006775045	0.05425258576556247	0.04157256963654632
2021-03-28	0	0	0	0.0012877585805404212	0.0029629047010668597	0.01470504962108965	0.01867691680533845	0.01636021415177291
2021-03-29	0	0	0	9.823392475993842e-4	0.0029628145675404394	0.017770941591259914	0.02768474122416209	0.027378596891942886
2021-03-30	0	0	0	9.281073458113909e-4	0.0025519280842367653	0.0161178059168936	0.020069253736383796	0.03535794608788856
2021-03-31	0	0	0	0.0014966059573477963	0.0037536224203185142	0.01909475239223024	0.02816757304278017	0.03980205081221455
2021-04-01	0	0	0	0.0012472859305481254	0.002756489558671804	0.012635312782276475	0.01979631350711797	0.03598890023503176
2021-04-02	0	0	0	0.002162050615716282	0.0056456984778257	0.027572845451574235	0.03494402115359585	0.04024623995768284
2021-04-03	0	0	0	0.003218770120271719	0.008083726659175117	0.04013719867945853	0.03915285654388656	0.032668812832979066
2021-04-04	0	2.8383388139818777e-6	0	0.0014961636263992606	0.0037442147860911046	0.023227650942071687	0.02676565000504816	0.012167512087600585
2021-04-05	0	0	0	0.00172161498954293	0.004270589483634568	0.0269101388938211	0.02646871826160302	0.027690795032381255
2021-04-06	0	0	0	0.0022010751829903974	0.006051394844892144	0.03706159037019208	0.03189305168646883	0.035709186500125334
2021-04-07	0	0	0	0.002148619141053354	0.005115572269912105	0.03726732334736926	0.026517585586332215	0.040039388150874045
2021-04-08	0	0	0	0.002742986994412888	0.005934003098192253	0.05023814787548986	0.027722342062355576	0.044849161829195294
2021-04-09	0	0	0	0.0032409078709569883	0.007505683822410569	0.06875647315000699	0.029174660199438263	0.04264014550211037
2021-04-10	0	0	1.1343303216726497e-6	0.003983846758749188	0.009318086684866556	0.09723475961956884	0.03517308650354645	0.039826028129135604
2021-04-11	0	0	1.1343313217615503e-6	0.001538123455941287	0.003913058005739156	0.042990659194494185	0.014740238658930593	0.014022960857804856
2021-04-12	0	0	0	0.0014023936770062306	0.003232502267727755	0.04287109264616906	0.014996352648187328	0.024956405544424465
2021-04-13	0	0	0	0.001683544580588725	0.004036302935346514	0.04359746473278148	0.018877187047708466	0.03527935828016515
2021-04-14	0	0	0	0.0023960482618181622	0.005695589936180356	0.04507772021494416	0.019867741790968063	0.04642113033540407
2021-04-15	0	0	1.1343323216284062e-6	0.0029432887371476646	0.0066756912132937	0.050956880928490156	0.02694762360448233	0.05805592253535785
2021-04-16	0	0	0	0.0030718150118667076	0.007576490803222757	0.05355400794165366	0.020869605104302247	0.056244665602175115
2021-04-17	0	0	0	0.004171309956688685	0.0104869439986075	0.0917110700944681	0.030508461556638222	0.05902663593752533
2021-04-18	0	0	0	0.001993625635793972	0.005456613658153531	0.039030739659593694	0.010474770202699935	0.024257709112850856
2021-04-19	0	0	0	0.0021224431912749697	0.005051098398758391	0.042435390593710265	0.016290051444012077	0.040481998041355105
2021-04-20	0	0	0	0.002503622030818331	0.005502058161001688	0.0365951003422651	0.019193780300556407	0.05473518512260145
2021-04-21	1.2128746776696175e-5	0	0	0.0031860877888496564	0.007439135183068046	0.039622424123352706	0.01846055805088742	0.06098282627512552
2021-04-22	0	0	0	0.0021987085798547135	0.004562183379296592	0.024881006116340254	0.015769196892659876	0.0784903851398504
2021-04-23	0	0	0	9.509050551059772e-4	0.0020608217465678536	0.011363089953321914	0.005867045555888684	0.029665510630238145
2021-04-24	0	2.8383469139470208e-6	0	0.00144714255539391	0.0031326133165476833	0.014423630277596189	0.008549875091018011	0.022187673210625425
2021-04-25	0	0	0	2.711543811746431e-4	6.15964853174944e-4	0.003397205250879054	0.0018194175700734228	0.004840657992450037
2021-04-26	0	0	0	1.8879191059650857e-4	4.736660898911893e-4	0.0021520978813227565	0.001511411090871384	0.0032415268741190495
2021-04-27	0	0	1.1343333217173068e-6	8.578449745000327e-4	0.0021890479827677556	0.007896127206214132	0.009188888919895444	0.031111176323050937
2021-04-28	0	0	0	0.0011581743419515345	0.0021028855318900863	0.007287456756494448	0.008416921140370848	0.07082660188359435
2021-04-29	0	0	0	0.0010941933147525784	0.0032189203620742735	0.010574655836515179	0.012677771472376476	0.08138560414032137
2021-04-30	0	0	0	4.442213331481426e-4	0.0024203044684301123	0.01189345355939242	0.012471212787095176	0.11645971638512598
2021-05-01	0	0	0	7.888115559175901e-4	0.0030903976393923394	0.010935657149321765	0.010946476336043842	0.055970782112573225
2021-05-02	0	0	0	1.7896500711844787e-4	0.0011729139317728787	0.0038097385269109107	0.004513833673608358	0.0258681908241285
2021-05-03	0	0	0	1.6563785897516503e-4	7.174586867417787e-4	0.00350337841507975	0.0043451601040824794	0.03752228038125227
2021-05-04	0	0	0	2.0574758301705742e-4	0.001475434226539285	0.00559968912958686	0.006644848502906697	0.06906292179159812
2021-05-05	0	0	1.1343353216730634e-6	2.3920030419621874e-4	9.731967779922357e-4	0.01994109178539838	0.006976487845665291	0.05280119145476059
2021-05-06	0	0	0	4.23731887178036e-4	0.0011667803440928992	0.02735061402184291	0.008038052572288734	0.09233587862013826
2021-05-07	0	0	0	4.42634981431711e-4	0.0015482993076865181	0.027738059993044573	0.007908716950952632	0.08467391810167224
2021-05-08	0	0	0	8.456117648141248e-4	0.0015482892999389986	0.036078311133562524	0.006893961676900595	0.05567348421104956
2021-05-09	0	0	0	3.079577094877717e-4	6.309295180142449e-4	0.016216715465119158	0.0024096716293402487	0.021563950995635572
2021-05-10	0	0	0	2.0625563534681923e-4	7.02293303971091e-4	0.02924629646421817	0.00443885586033721	0.03873122698595943
2021-05-11	0	0	0	2.572065388009026e-4	0.0016125100471631182	0.03164400577537818	0.006691714761612566	0.05586080745230593
2021-05-12	0	0	0	1.9697169946253368e-4	0.0013838387524232054	0.02847692379723843	0.006436898415302261	0.08733390263747287
2021-05-13	0	0	0	4.315715635034856e-4	0.0030868822104452853	0.035825924211400295	0.009045726291033063	0.10379210000590922
2021-05-14	0	0	0	3.0570736424806455e-4	0.003020030145520103	0.031121588314809046	0.006994621181367622	0.08876699484338113
2021-05-15	0	0	1.134336321761964e-6	0.00060762330151908905	0.003134366062653715	0.04105074083068705	0.006277050340243617	0.06947996643391452
2021-05-16	0	0	0	3.167240785355574e-4	0.002502225282841497	0.0205774074240741	0.004003386776420426	0.023122158554049532
2021-05-17	0	0	0	2.966850054981762e-4	0.0018003603243244015	0.018833454754497492	0.004690179445808518	0.0734059067878361
2021-05-18	0	0	0	2.779723171522086e-4	0.005827790786362419	0.01795501564671853	0.007410027125500207	0.10748410838904698
2021-05-19	0	0	1.13433732162882e-6	7.106472548801257e-4	0.007498446675636927	0.018885969965383387	0.0067855208232106	0.1147991088480782
2021-05-20	0	0	0	4.180576930585822e-4	0.008412181198127477	0.019397526003766652	0.007990361469101703	0.11485151778434188
2021-05-21	0	0	0	4.7337502097755113e-4	0.007319644298162897	0.022307880381781997	0.007311474414528618	0.15633430362226464
2021-05-22	0	0	0	2.7580401696392087e-4	0.009615795882613964	0.032026199361383734	0.005281062405031456	0.08078734893707007
2021-05-23	0	0	0	3.767935493348418e-5	0.003567922517773159	0.01459607132452767	0.002143398539324659	0.025956434118030947
2021-05-24	0	0	0	6.055791681536249e-5	0.0037067149339002903	0.017107315057115935	0.0012348211958463917	0.02664813071768668
2021-05-25	0	0	0	1.1977958678732747e-4	0.007001465128486428	0.018621025649055767	0.004249775147200374	0.1344270585152667
2021-05-26	0	0	0	4.172905328472254e-4	0.007544750816219636	0.014174499106228255	0.0051875175846729515	0.20108054655023544
2021-05-27	0	0	0	7.057015036531222e-4	0.00675026150760516	0.011891693091143463	0.0076635926631265505	0.22269912507757983
2021-05-28	0	0	1.1343393215845765e-6	6.374555874064658e-4	0.006477479434957578	0.01559232011161571	0.008326522745256693	0.280546133215549
2021-05-29	0	0	1.134340321673477e-6	5.798660611622264e-4	0.010790146817083457	0.022174456631728123	0.006294013651962693	0.2850141691547421
2021-05-30	0	0	0	2.900800366070211e-4	0.004699190598069336	0.009130481422752856	0.002831093772987847	0.19999999999999996
2021-05-31	0	0	0	3.576509785556681e-4	0.005992076244429878	0.011505876297342343	0.0023378163463172452	0.26438898367174457
2021-06-01	0	0	0	0.0014558158499471396	0.010554750690534798	0.01314437363959442	0.006031173764243558	0.2822050180536677
2021-06-02	0	0	0	0.0029196480862367924	0.017237684441223866	0.014358904534860217	0.007024566132336929	1.7018577520712639
2021-06-03	0	0	0	0	0	0	0	0
2021-06-04	0	0	1.3092874286968481e-6	0.0016329906646277426	0.028974683064674656	0.07353615139032521	0	0
2021-06-05	0	0	1.4250145077276954e-6	0.0017802983655677007	0.032498518424954215	0.08654949371560705	0	0
2021-06-06	0	0	1.3378934475838378e-6	0.0016743888945425223	0.03152011948305655	0.08882689428717638	0	0
2021-06-07	0	0	1.4026094916630427e-6	0.0017583599574348963	0.03413398218495067	0.10233442356141165	0	0
2021-06-08	0	0	1.357015460445865e-6	0.0017041710497416318	0.04448929432743842	0.030118125368934656	0	0
2021-06-09	0	0	1.313444431216837e-6	0.0016522454787806229	0.04910190937609449	0	0	0
2021-06-10	0	0	1.2277013767825196e-6	0.0015468962219802318	0.048225094945628655	0	0	0
2021-06-11	0	0	8.224961691727373e-7	0.0010378122635736897	0.033801179941356896	0	0	0
2021-06-12	0	0	1.6607600694662494e-7	2.0972599624835553e-4	0.007014330207063324	0	0	0
2021-06-13	0	0	1.998250098722565e-7	2.5240192668318784e-4	0.008502442883747907	0	0	0
2021-06-14	0	0	9.456342235925064e-7	0.0011950230200046263	0.04091263084057428	0	0	0
2021-06-15	0	0	9.835132419588888e-7	0.0012443921279419179	0.044386152636466836	0	0	0
2021-06-16	0	0	8.926411991794225e-7	0.001130789671320187	0.04211026868211998	0	0	0
2021-06-17	0	0	7.035611238048745e-7	8.922200141383563e-4	0.03456758956203232	0	0	0
2021-06-18	0	0	3.496280305270716e-7	4.437262232404038e-4	0.017712311494620714	0	0	0
2021-06-19	0	0	1.4006700488344848e-7	1.7783190604658827e-4	0.007204235251389468	0	0	0
2021-06-20	0	0	1.1550800338433476e-7	1.466753784167274e-4	0.0059822267592497536	0	0	0
2021-06-21	0	0	9.608002307093244e-7	0.001220560441948182	0.050625454152024574	0	0	0
2021-06-22	0	0	8.730511906751559e-7	0.001110411253287813	0.04839485550995737	0	0	0
2021-06-23	0	0	8.446341783763245e-7	0.0010754521493314684	0.04918018258989387	0	0	0
2021-06-24	0	0	7.491181401864111e-7	9.548299250463632e-4	0.0458063964898463	0	0	0
2021-06-25	0	0	1.3865974806126502e-6	0.0017694127053304864	0.08980707780601382	0	0	0
2021-06-26	0	0	7.982191592148524e-7	0.0010202062051751781	0.056191388021958666	0	0	0
2021-06-27	0	0	2.5606301634617523e-7	3.275518225491769e-4	0.018904272883311757	0	0	0
2021-06-28	0	0	1.0905802974026102e-6	0.0013958841231214159	0.08340930817245162	0	0	0
2021-06-29	0	0	7.670151469518771e-7	9.830075759735823e-4	0.06355738530675792	0	0	0
2021-06-30	0	0	5.867980861218314e-7	7.527366531172586e-4	0.0517125879378062	0	0	0
2021-07-01	0	0	5.26710069337355e-7	6.761522954816801e-4	0.048878876133006344	0	0	0
2021-07-02	0	0	2.625870172412448e-7	3.3728944104183256e-4	0.02545344952315709	0	0	0
2021-07-03	0	0	0	0	0	0	0	0
2021-07-04	0	0	0	0	0	0	0	0
2021-07-05	0	0	2.4518501495762735e-7	3.150408126784132e-4	0.02437666545467221	0	0	0
2021-07-06	0	0	9.116702077704986e-7	0.0011720364173408715	0.09455959946263337	0	0	0
2021-07-07	0	0	9.232212130338979e-7	0.001188281002935554	0.10580212226916474	0	0	0
2021-07-08	0	0	8.965922009274152e-7	0.001155369719797461	0.11481509660192746	0	0	0
2021-07-09	0	0	2.791280195868495e-7	3.600344061933658e-4	0.039465379035606096	0	0	0
2021-07-10	0	0	1.5160700561622775e-7	1.95613566166708e-4	0.02221035496693946	0	0	0
2021-07-11	0	0	0	0	0	0	0	0
2021-07-12	0	0	3.4685202998652187e-7	4.476470969807522e-4	0.052358133536866136	0	0	0
2021-07-13	0	0	6.440461037815481e-7	8.316569133053342e-4	0.10387309496436936	0	0	0
