2020-02-17	0	0	0	0	0	0	0	0
2020-02-18	0	0	0	0	0	0	0	0
2020-02-19	0	0	0	0	0	0	0	0
2020-02-20	0	0	0	0	0	0	0	0
2020-02-21	0	0	0	0	0	0	0	0
2020-02-22	0	0	0	0	0	0	0	0
2020-02-23	0	0	0	0	0	0	0	0
2020-02-24	0	0	0	0	0	0	0	0
2020-02-25	0	0	0	0	0	0	0	0
2020-02-26	0	0	0	0	0	0	0	0
2020-02-27	0	0	0	0	0	0	0	0
2020-02-28	0	0	0	0	0	0	0	0
2020-02-29	0	0	0	0	0	0	0	0
2020-03-01	0	0	0	0	0	0	0	0
2020-03-02	0	0	0	0	0	0	0	0
2020-03-03	0	0	0	0	0	0	0	0
2020-03-04	0	0	0	0	0	0	0	0
2020-03-05	0	0	0	0	0	0	0	0
2020-03-06	0	0	0	0	0	0	0	0
2020-03-07	0	0	0	0	0	0	0	0
2020-03-08	0	0	0	0	0	0	0	0
2020-03-09	0	0	0	0	0	0	0	0
2020-03-10	0	0	0	0	0	0	0	0
2020-03-11	0	0	0	0	0	0	0	0
2020-03-12	0	0	0	0	0	0	0	0
2020-03-13	0	0	0	0	0	0	0	0
2020-03-14	0	0	0	0	0	0	0	0
2020-03-15	0	0	0	0	0	0	0	0
2020-03-16	0	0	0	0	0	0	0	0
2020-03-17	0	0	0	0	0	0	0	0
2020-03-18	0	0	0	0	0	0	0	0
2020-03-19	0	0	0	0	0	0	0	0
2020-03-20	0	0	0	0	0	0	0	0
2020-03-21	0	0	0	0	0	0	0	0
2020-03-22	0	0	0	0	0	0	0	0
2020-03-23	0	0	0	0	0	0	0	0
2020-03-24	0	0	0	0	0	0	0	0
2020-03-25	0	0	0	0	0	0	0	0
2020-03-26	0	0	0	0	0	0	0	0
2020-03-27	0	0	0	0	0	0	0	0
2020-03-28	0	0	0	0	0	0	0	0
2020-03-29	0	0	0	0	0	0	0	0
2020-03-30	0	0	0	0	0	0	0	0
2020-03-31	0	0	0	0	0	0	0	0
2020-04-01	0	0	0	0	0	0	0	0
2020-04-02	0	0	0	0	0	0	0	0
2020-04-03	0	0	0	0	0	0	0	0
2020-04-04	0	0	0	0	0	0	0	0
2020-04-05	0	0	0	0	0	0	0	0
2020-04-06	0	0	0	0	0	0	0	0
2020-04-07	0	0	0	0	0	0	0	0
2020-04-08	0	0	0	0	0	0	0	0
2020-04-09	0	0	0	0	0	0	0	0
2020-04-10	0	0	0	0	0	0	0	0
2020-04-11	0	0	0	0	0	0	0	0
2020-04-12	0	0	0	0	0	0	0	0
2020-04-13	0	0	0	0	0	0	0	0
2020-04-14	0	0	0	0	0	0	0	0
2020-04-15	0	0	0	0	0	0	0	0
2020-04-16	0	0	0	0	0	0	0	0
2020-04-17	0	0	0	0	0	0	0	0
2020-04-18	0	0	0	0	0	0	0	0
2020-04-19	0	0	0	0	0	0	0	0
2020-04-20	0	0	0	0	0	0	0	0
2020-04-21	0	0	0	0	0	0	0	0
2020-04-22	0	0	0	0	0	0	0	0
2020-04-23	0	0	0	0	0	0	0	0
2020-04-24	0	0	0	0	0	0	0	0
2020-04-25	0	0	0	0	0	0	0	0
2020-04-26	0	0	0	0	0	0	0	0
2020-04-27	0	0	0	0	0	0	0	0
2020-04-28	0	0	0	0	0	0	0	0
2020-04-29	0	0	0	0	0	0	0	0
2020-04-30	0	0	0	0	0	0	0	0
2020-05-01	0	0	0	0	0	0	0	0
2020-05-02	0	0	0	0	0	0	0	0
2020-05-03	0	0	0	0	0	0	0	0
2020-05-04	0	0	0	0	0	0	0	0
2020-05-05	0	0	0	0	0	0	0	0
2020-05-06	0	0	0	0	0	0	0	0
2020-05-07	0	0	0	0	0	0	0	0
2020-05-08	0	0	0	0	0	0	0	0
2020-05-09	0	0	0	0	0	0	0	0
2020-05-10	0	0	0	0	0	0	0	0
2020-05-11	0	0	0	0	0	0	0	0
2020-05-12	0	0	0	0	0	0	0	0
2020-05-13	0	0	0	0	0	0	0	0
2020-05-14	0	0	0	0	0	0	0	0
2020-05-15	0	0	0	0	0	0	0	0
2020-05-16	0	0	0	0	0	0	0	0
2020-05-17	0	0	0	0	0	0	0	0
2020-05-18	0	0	0	0	0	0	0	0
2020-05-19	0	0	0	0	0	0	0	0
2020-05-20	0	0	0	0	0	0	0	0
2020-05-21	0	0	0	0	0	0	0	0
2020-05-22	0	0	0	0	0	0	0	0
2020-05-23	0	0	0	0	0	0	0	0
2020-05-24	0	0	0	0	0	0	0	0
2020-05-25	0	0	0	0	0	0	0	0
2020-05-26	0	0	0	0	0	0	0	0
2020-05-27	0	0	0	0	0	0	0	0
2020-05-28	0	0	0	0	0	0	0	0
2020-05-29	0	0	0	0	0	0	0	0
2020-05-30	0	0	0	0	0	0	0	0
2020-05-31	0	0	0	0	0	0	0	0
2020-06-01	0	0	0	0	0	0	0	0
2020-06-02	0	0	0	0	0	0	0	0
2020-06-03	0	0	0	0	0	0	0	0
2020-06-04	0	0	0	0	0	0	0	0
2020-06-05	0	0	0	0	0	0	0	0
2020-06-06	0	0	0	0	0	0	0	0
2020-06-07	0	0	0	0	0	0	0	0
2020-06-08	0	0	0	0	0	0	0	0
2020-06-09	0	0	0	0	0	0	0	0
2020-06-10	0	0	0	0	0	0	0	0
2020-06-11	0	0	0	0	0	0	0	0
2020-06-12	0	0	0	0	0	0	0	0
2020-06-13	0	0	0	0	0	0	0	0
2020-06-14	0	0	0	0	0	0	0	0
2020-06-15	0	0	0	0	0	0	0	0
2020-06-16	0	0	0	0	0	0	0	0
2020-06-17	0	0	0	0	0	0	0	0
2020-06-18	0	0	0	0	0	0	0	0
2020-06-19	0	0	0	0	0	0	0	0
2020-06-20	0	0	0	0	0	0	0	0
2020-06-21	0	0	0	0	0	0	0	0
2020-06-22	0	0	0	0	0	0	0	0
2020-06-23	0	0	0	0	0	0	0	0
2020-06-24	0	0	0	0	0	0	0	0
2020-06-25	0	0	0	0	0	0	0	0
2020-06-26	0	0	0	0	0	0	0	0
2020-06-27	0	0	0	0	0	0	0	0
2020-06-28	0	0	0	0	0	0	0	0
2020-06-29	0	0	0	0	0	0	0	0
2020-06-30	0	0	0	0	0	0	0	0
2020-07-01	0	0	0	0	0	0	0	0
2020-07-02	0	0	0	0	0	0	0	0
2020-07-03	0	0	0	0	0	0	0	0
2020-07-04	0	0	0	0	0	0	0	0
2020-07-05	0	0	0	0	0	0	0	0
2020-07-06	0	0	0	0	0	0	0	0
2020-07-07	0	0	0	0	0	0	0	0
2020-07-08	0	0	0	0	0	0	0	0
2020-07-09	0	0	0	0	0	0	0	0
2020-07-10	0	0	0	0	0	0	0	0
2020-07-11	0	0	0	0	0	0	0	0
2020-07-12	0	0	0	0	0	0	0	0
2020-07-13	0	0	0	0	0	0	0	0
2020-07-14	0	0	0	0	0	0	0	0
2020-07-15	0	0	0	0	0	0	0	0
2020-07-16	0	0	0	0	0	0	0	0
2020-07-17	0	0	0	0	0	0	0	0
2020-07-18	0	0	0	0	0	0	0	0
2020-07-19	0	0	0	0	0	0	0	0
2020-07-20	0	0	0	0	0	0	0	0
2020-07-21	0	0	0	0	0	0	0	0
2020-07-22	0	0	0	0	0	0	0	0
2020-07-23	0	0	0	0	0	0	0	0
2020-07-24	0	0	0	0	0	0	0	0
2020-07-25	0	0	0	0	0	0	0	0
2020-07-26	0	0	0	0	0	0	0	0
2020-07-27	0	0	0	0	0	0	0	0
2020-07-28	0	0	0	0	0	0	0	0
2020-07-29	0	0	0	0	0	0	0	0
2020-07-30	0	0	0	0	0	0	0	0
2020-07-31	0	0	0	0	0	0	0	0
2020-08-01	0	0	0	0	0	0	0	0
2020-08-02	0	0	0	0	0	0	0	0
2020-08-03	0	0	0	0	0	0	0	0
2020-08-04	0	0	0	0	0	0	0	0
2020-08-05	0	0	0	0	0	0	0	0
2020-08-06	0	0	0	0	0	0	0	0
2020-08-07	0	0	0	0	0	0	0	0
2020-08-08	0	0	0	0	0	0	0	0
2020-08-09	0	0	0	0	0	0	0	0
2020-08-10	0	0	0	0	0	0	0	0
2020-08-11	0	0	0	0	0	0	0	0
2020-08-12	0	0	0	0	0	0	0	0
2020-08-13	0	0	0	0	0	0	0	0
2020-08-14	0	0	0	0	0	0	0	0
2020-08-15	0	0	0	0	0	0	0	0
2020-08-16	0	0	0	0	0	0	0	0
2020-08-17	0	0	0	0	0	0	0	0
2020-08-18	0	0	0	0	0	0	0	0
2020-08-19	0	0	0	0	0	0	0	0
2020-08-20	0	0	0	0	0	0	0	0
2020-08-21	0	0	0	0	0	0	0	0
2020-08-22	0	0	0	0	0	0	0	0
2020-08-23	0	0	0	0	0	0	0	0
2020-08-24	0	0	0	0	0	0	0	0
2020-08-25	0	0	0	0	0	0	0	0
2020-08-26	0	0	0	0	0	0	0	0
2020-08-27	0	0	0	0	0	0	0	0
2020-08-28	0	0	0	0	0	0	0	0
2020-08-29	0	0	0	0	0	0	0	0
2020-08-30	0	0	0	0	0	0	0	0
2020-08-31	0	0	0	0	0	0	0	0
2020-09-01	0	0	0	0	0	0	0	0
2020-09-02	0	0	0	0	0	0	0	0
2020-09-03	0	0	0	0	0	0	0	0
2020-09-04	0	0	0	0	0	0	0	0
2020-09-05	0	0	0	0	0	0	0	0
2020-09-06	0	0	0	0	0	0	0	0
2020-09-07	0	0	0	0	0	0	0	0
2020-09-08	0	0	0	0	0	0	0	0
2020-09-09	0	0	0	0	0	0	0	0
2020-09-10	0	0	0	0	0	0	0	0
2020-09-11	0	0	0	0	0	0	0	0
2020-09-12	0	0	0	0	0	0	0	0
2020-09-13	0	0	0	0	0	0	0	0
2020-09-14	0	0	0	0	0	0	0	0
2020-09-15	0	0	0	0	0	0	0	0
2020-09-16	0	0	0	0	0	0	0	0
2020-09-17	0	0	0	0	0	0	0	0
2020-09-18	0	0	0	0	0	0	0	0
2020-09-19	0	0	0	0	0	0	0	0
2020-09-20	0	0	0	0	0	0	0	0
2020-09-21	0	0	0	0	0	0	0	0
2020-09-22	0	0	0	0	0	0	0	0
2020-09-23	0	0	0	0	0	0	0	0
2020-09-24	0	0	0	0	0	0	0	0
2020-09-25	0	0	0	0	0	0	0	0
2020-09-26	0	0	0	0	0	0	0	0
2020-09-27	0	0	0	0	0	0	0	0
2020-09-28	0	0	0	0	0	0	0	0
2020-09-29	0	0	0	0	0	0	0	0
2020-09-30	0	0	0	0	0	0	0	0
2020-10-01	0	0	0	0	0	0	0	0
2020-10-02	0	0	0	0	0	0	0	0
2020-10-03	0	0	0	0	0	0	0	0
2020-10-04	0	0	0	0	0	0	0	0
2020-10-05	0	0	0	0	0	0	0	0
2020-10-06	0	0	0	0	0	0	0	0
2020-10-07	0	0	0	0	0	0	0	0
2020-10-08	0	0	0	0	0	0	0	0
2020-10-09	0	0	0	0	0	0	0	0
2020-10-10	0	0	0	0	0	0	0	0
2020-10-11	0	0	0	0	0	0	0	0
2020-10-12	0	0	0	0	0	0	0	0
2020-10-13	0	0	0	0	0	0	0	0
2020-10-14	0	0	0	0	0	0	0	0
2020-10-15	0	0	0	0	0	0	0	0
2020-10-16	0	0	0	0	0	0	0	0
2020-10-17	0	0	0	0	0	0	0	0
2020-10-18	0	0	0	0	0	0	0	0
2020-10-19	0	0	0	0	0	0	0	0
2020-10-20	0	0	0	0	0	0	0	0
2020-10-21	0	0	0	0	0	0	0	0
2020-10-22	0	0	0	0	0	0	0	0
2020-10-23	0	0	0	0	0	0	0	0
2020-10-24	0	0	0	0	0	0	0	0
2020-10-25	0	0	0	0	0	0	0	0
2020-10-26	0	0	0	0	0	0	0	0
2020-10-27	0	0	0	0	0	0	0	0
2020-10-28	0	0	0	0	0	0	0	0
2020-10-29	0	0	0	0	0	0	0	0
2020-10-30	0	0	0	0	0	0	0	0
2020-10-31	0	0	0	0	0	0	0	0
2020-11-01	0	0	0	0	0	0	0	0
2020-11-02	0	0	0	0	0	0	0	0
2020-11-03	0	0	0	0	0	0	0	0
2020-11-04	0	0	0	0	0	0	0	0
2020-11-05	0	0	0	0	0	0	0	0
2020-11-06	0	0	0	0	0	0	0	0
2020-11-07	0	0	0	0	0	0	0	0
2020-11-08	0	0	0	0	0	0	0	0
2020-11-09	0	0	0	0	0	0	0	0
2020-11-10	0	0	0	0	0	0	0	0
2020-11-11	0	0	0	0	0	0	0	0
2020-11-12	0	0	0	0	0	0	0	0
2020-11-13	0	0	0	0	0	0	0	0
2020-11-14	0	0	0	0	0	0	0	0
2020-11-15	0	0	0	0	0	0	0	0
2020-11-16	0	0	0	0	0	0	0	0
2020-11-17	0	0	0	0	0	0	0	0
2020-11-18	0	0	0	0	0	0	0	0
2020-11-19	0	0	0	0	0	0	0	0
2020-11-20	0	0	0	0	0	0	0	0
2020-11-21	0	0	0	0	0	0	0	0
2020-11-22	0	0	0	0	0	0	0	0
2020-11-23	0	0	0	0	0	0	0	0
2020-11-24	0	0	0	0	0	0	0	0
2020-11-25	0	0	0	0	0	0	0	0
2020-11-26	0	0	0	0	0	0	0	0
2020-11-27	0	0	0	0	0	0	0	0
2020-11-28	0	0	0	0	0	0	0	0
2020-11-29	0	0	0	0	0	0	0	0
2020-11-30	0	0	0	0	0	0	0	0
2020-12-01	0	0	0	0	0	0	0	0
2020-12-02	0	0	0	0	0	0	0	0
2020-12-03	0	0	0	0	0	0	0	0
2020-12-04	0	0	0	0	0	0	0	0
2020-12-05	0	0	0	0	0	0	0	0
2020-12-06	0	0	0	0	0	0	0	0
2020-12-07	0	0	0	0	0	0	0	0
2020-12-08	0	0	0	0	0	0	0	0
2020-12-09	0	0	0	0	0	0	0	0
2020-12-10	0	0	0	0	0	0	0	0
2020-12-11	0	0	0	0	0	0	0	0
2020-12-12	0	0	0	0	0	0	0	0
2020-12-13	0	0	0	0	0	0	0	0
2020-12-14	0	0	0	0	0	0	0	0
2020-12-15	0	0	0	0	0	0	0	0
2020-12-16	0	0	0	0	0	0	0	0
2020-12-17	0	0	0	0	0	0	0	0
2020-12-18	0	0	0	0	0	0	0	0
2020-12-19	0	0	0	0	0	0	0	0
2020-12-20	0	0	0	0	0	0	0	0
2020-12-21	0	0	0	0	0	0	0	0
2020-12-22	0	0	0	0	0	0	0	0
2020-12-23	0	0	0	0	0	0	0	0
2020-12-24	0	0	0	0	0	0	0	0
2020-12-25	0	0	0	0	0	0	0	0
2020-12-26	0	0	0	0	0	0	0	0
2020-12-27	0	0	0	0	0	0	0	0
2020-12-28	0	0	0	0	0	0	0	0
2020-12-29	0	0	0	5.8367851701435214e-5	2.0063006310544473e-4	2.870205952054672e-4	9.920246028194413e-5	4.890597948707942e-4
2020-12-30	0	0	0	3.379428551353314e-5	1.265740052447395e-4	4.173635480828608e-4	1.2660400714370468e-4	4.935609005907171e-4
2020-12-31	0	0	0	1.8434084953833363e-5	1.929793102535271e-4	4.8058774114423386e-4	1.53905921758124e-4	4.1714350217536555e-4
2021-01-01	0	0	0	3.072323597930193e-5	1.374247213885571e-4	4.177336253454733e-4	1.7450761322668207e-4	3.61932748828675e-4
2021-01-02	0	0	0	3.686933983715335e-5	1.0192259705399387e-4	8.694188972313555e-5	2.4000144001723456e-5	5.110065281921372e-5
2021-01-03	0	0	0	3.994339886870257e-5	2.023302343809874e-4	1.7670780641232398e-4	3.080023716361957e-5	8.500018062518322e-6
2021-01-04	0	0	0	2.7654191188553057e-5	1.9155917372937203e-4	1.8514856999818363e-4	3.420029241496536e-5	4.7715691968153173e-4
2021-01-05	0	0	0	7.067424871243233e-5	3.337578485753667e-4	4.082716714395307e-4	7.870154848332866e-5	0.010837663738828995
2021-01-06	0	0	0	1.0140957097526382e-4	4.2352484332330853e-4	6.442837753957154e-4	1.232037947938025e-4	0.014642299231697686
2021-01-07	0	0	0	1.8440350116288862e-4	5.397028197833276e-4	8.343540366646529e-4	2.19112002517452e-4	0.013472778943112385
2021-01-08	0	0	0	8.299472203110447e-5	4.100120274657115e-4	5.271394690049558e-4	8.900198033812146e-5	0.013250695231026288
2021-01-09	0	0	0	1.4448721913917772e-4	4.7983756102132347e-4	5.597683351472593e-4	1.164033874372361e-4	0.01731192569279827
2021-01-10	0	0	0	2.9517578218563045e-4	0.001043912438294825	0.00158918137436026	3.4252933158573917e-4	0.02016354210758098
2021-01-11	0	0	0	3.014147127071709e-4	9.038742471636496e-4	0.0014774757336359912	3.2202592517416306e-4	0.00913325408253396
2021-01-12	0	0	0	1.9074309573219317e-4	0.0010568092114273675	0.001399149404764266	3.8043618292227244e-4	0.017969525965859434
2021-01-13	0	0	0	4.7082741961479435e-4	0.0017199995996557416	0.002569690827737503	7.612448734393151e-4	0.020766410955998404
2021-01-14	0	0	0	1.5084668868081685e-4	5.741624156199165e-4	7.256216316879893e-4	1.1320320374141879e-4	0.002840016423321101
2021-01-15	0	0	0	0	0	0	0	0
2021-01-16	0	0	0	1.5394059244222547e-5	1.5722618001778876e-4	1.7725785508670988e-4	3.4300294127653785e-5	0
2021-01-17	0	0	0	4.310546452024333e-5	2.646875148701877e-4	2.382841948393999e-4	4.8000576013951246e-5	1.9600096040850445e-5
2021-01-18	0	0	0	3.6948341294973375e-5	2.2582274897842147e-4	2.0713072578448788e-4	5.150066307946233e-5	2.4500150064277193e-5
2021-01-19	0	0	0	3.4489473809506954e-4	0.0012231340142041525	0.0015088491564443363	4.8045770990290393e-4	0.0206981028655584
2021-01-20	0	0	0	6.623556787612728e-4	0.0026858234118498636	0.0033308436298216115	0.0012294779039789816	0.04476344142198485
2021-01-21	0	0	0	6.165460322524741e-4	0.002202993294864397	0.002896437337312152	0.0010074537407598338	0.021727723492036555
2021-01-22	0	0	0	1.2028561715737851e-4	4.8119788785183637e-4	5.992297690791126e-4	2.684180120573476e-4	0.003947595878304622
2021-01-23	0	0	0	1.511477114075621e-4	7.37085823877992e-4	8.543524795399104e-4	2.650175585765524e-4	0.003812333471624685
2021-01-24	0	0	0	1.048927506221986e-4	4.959014795693495e-4	4.7977754662342775e-4	1.033026678602944e-4	0.0012153692806220473
2021-01-25	0	0	0	3.6718670651936236e-4	0.0013222971174167153	0.0014403686654731462	2.4451494688970676e-4	0.0011411255418756205
2021-01-26	0	0	0	5.803361975256216e-4	0.002348348685387025	0.002732206237731516	5.476749869728348e-4	0.002155461503573486
2021-01-27	0	8.562102327358545e-6	0	6.857065483676372e-4	0.0024990212768354336	0.0026676591012702033	7.16828460760599e-4	0.006514610035980084
2021-01-28	0	0	0	0.0011746809688446547	0.0038817469899234958	0.004560699996113637	0.001680105688781408	0.0412389630176937
2021-01-29	0	0	0	0.001272035518590231	0.0034885825520556413	0.004786397400017739	0.0027099359381972388	0.058244196609676724
2021-01-30	0	0	0	0.0011000685376969521	0.002880774715740664	0.003426204719695347	0.0020964988268326046	0.05808692264560911
2021-01-31	0	0	0	5.024801215680608e-4	0.0013617836136525785	0.0015932245911494114	0.0013922846141116718	0.016201522331464213
2021-02-01	0	0	0	0.0010801016548962483	0.003205148243816236	0.0035973953132599767	8.829949200070963e-4	0.010464074212279906
2021-02-02	0	0	0	0.0011216725373202063	0.0031174997010965377	0.0035353446654760035	0.0011274177677058628	0.03579634457116443
2021-02-03	0	0	0	0.0011976095671688558	0.0032383917953551222	0.003928869002910451	0.001564311767826787	0.054971773983729655
2021-02-04	0	0	0	0.0014763298874842512	0.003934249579939264	0.004890519294743045	0.0017099309659771578	0.05537160362191562
2021-02-05	0	0	0	0.001515957531809553	0.003656041660155207	0.0046686089774461426	0.0020625635420914445	0.07207271921371472
2021-02-06	0	0	0	0.001171395041585921	0.0033111709632871467	0.00385061681245924	0.0030624446417959472	0.08365284982078469
2021-02-07	0	0	0	8.286846795744207e-4	0.0019485492110069558	0.0023244107213002962	6.181955414317208e-4	0.023414256856030047
2021-02-08	0	0	0	0.0011017314530485933	0.0028408676322257964	0.003041793126355774	0.002764110076128201	0.018321822293034362
2021-02-09	0	0	0	0.0013505670078106657	0.003024597046823896	0.003286660534367103	0.005833607744830216	0.04567648532797919
2021-02-10	0	0	0	0.0017133959314044045	0.0037665767751506873	0.0045464575691069875	0.00513208457301606	0.06848442926286502
2021-02-11	0	0	0	0.0017414952013841134	0.0043115974681819935	0.004815517301720806	0.0074889209843775895	0.10178694557223111
2021-02-12	0	0	0	0.0019524670318777915	0.004634239042876631	0.005725294749993504	0.008929534145011742	0.13118561649370863
2021-02-13	0	0	0	0.0019310322213599296	0.004367117929753084	0.005802928494778925	0.012177875160858331	0.15044827052607146
2021-02-14	0	0	0	9.987643825730697e-4	0.0021785365053261785	0.002244209118642093	0.0028288005281069672	0.05048621446269319
2021-02-15	0	0	0	0.0013320736050224102	0.0029636257694254375	0.0032461243307928545	0.0015890312550823626	0.05019406093837131
2021-02-16	0	0	0	0.0016476396791280656	0.0031811899924421017	0.0037281547845244845	0.003084778965316337	0.061471898578718154
2021-02-17	0	0	0	0.0016186089737524334	0.002910988463458608	0.0033938195027041207	0.005163665861281697	0.06654299246143047
2021-02-18	0	0	0	0.002149211777816351	0.004381679779422276	0.004642137359816889	0.008197098104333111	0.10493219118681663
2021-02-19	0	0	0	0.0018573904748440118	0.0045626945453787204	0.005323956127211149	0.020849778313934975	0.23212013982850066
2021-02-20	0	0	0	0.0011041697977356435	0.0025117372059479948	0.004056924659423089	0.03129280998925599	0.298633372844054
2021-02-21	0	0	0	0.0012204373668416313	0.0032598766990230565	0.004451834708067093	0.015050227335714261	0.12739934849952594
2021-02-22	0	0	0	5.564924209535693e-4	0.001413029162853796	0.0019259473182682285	0.015566781168990795	0.134071062446375
2021-02-23	0	0	0	8.7367382648873e-4	0.0020583992518701244	0.0029863395559859285	0.018673575606482862	0.10472366130951749
2021-02-24	0	0	0	0.001044244611702272	0.0024919824941878055	0.004912763812068288	0.03704243550707398	0.11842395848586551
2021-02-25	0	0	0	0.0011543901541570811	0.0026174928171618372	0.005343608538052047	0.05252953809306771	0.11781212414913278
2021-02-26	0	0	0	9.277371740661344e-4	0.0023123767715835797	0.0038917063445680355	0.052508074471167454	0.11865516185894309
2021-02-27	0	0	0	8.836041890907254e-4	0.002477554569160878	0.00624364577815073	0.09238704135246567	0.14989232745766912
2021-02-28	0	0	0	6.109883266838256e-4	0.0019926426561889254	0.004732418947273054	0.06710227896042054	0.06515406298072413
2021-03-01	0	0	0	6.757271517958685e-4	0.0018622870282438697	0.0037790102295787165	0.043757785957986295	0.06349521043711337
2021-03-02	0	0	0	0.0010497925160817267	0.0021594157691160465	0.004574681928687152	0.05984103744048852	0.07578275654748379
2021-03-03	0	0	3.2930187110480347e-6	9.509400717551131e-4	0.0024006007209553815	0.006664915273902006	0.09413232358592105	0.10942104105647044
2021-03-04	0	0	0	0.0010454412368448018	0.0024116440067036837	0.006319925364152157	0.10053681267574976	0.10703058661794529
2021-03-05	0	0	0	7.654674851176324e-4	0.0019861962438798564	0.005528882134413937	0.11675853911400935	0.10422205941729556
2021-03-06	0	0	0	0.0010926044461188056	0.0021400649695184626	0.007580526093965201	0.15638366247204227	0.09795467982489958
2021-03-07	0	0	0	4.691600277828556e-4	0.001089706865263107	0.0019915215395105434	0.061502540625858915	0.020806527900821825
2021-03-08	0	0	0	7.899179926087463e-4	0.002063824843245854	0.005034316084610024	0.0648981422157644	0.06482558925558335
2021-03-09	0	8.562175327631039e-6	0	0.0010562859349940723	0.002543337140953117	0.009643850965360468	0.09963266708775476	0.05897717684721693
2021-03-10	0	0	0	0.0015700882943130434	0.004141778582456457	0.018785190848806588	0.11547183624123036	0.06288957464991163
2021-03-11	0	0	0	0.0013937956665899254	0.0039624552629276	0.015477538549890868	0.0949107107539553	0.048123979347048707
2021-03-12	0	0	0	0.0017700562748039772	0.004026653484571208	0.014711345924729224	0.09594117737922803	0.06087514584542553
2021-03-13	0	0	0	0.0016688452611264282	0.003774591885976397	0.013784382298840159	0.10089199885841138	0.03656250417794049
2021-03-14	0	0	0	6.234351678522376e-4	0.0015486395711303835	0.005316205510256911	0.0296857103497421	0.018364412915432116
2021-03-15	0	0	0	3.461819604875238e-4	0.001023041653556156	0.0034212061629022017	0.037160933749279534	0.02932590213399311
2021-03-16	0	0	0	0.0013594150022870899	0.0041774728197900846	0.015031889424920841	0.07001430057111557	0.04756726108170373
2021-03-17	0	0	0	0.0017050007568952807	0.005633544205077667	0.020660271706749223	0.10116351414873015	0.06306923200647141
2021-03-18	0	0	0	0.0023967360859664666	0.007287386500501869	0.02093078443425833	0.11775283238358947	0.03567629958807461
2021-03-19	0	0	0	0.0026491515009188227	0.007667808823036637	0.018644009775123704	0.12844043642741632	0.05366487983184154
2021-03-20	0	0	0	0.0016143835585686883	0.004237909970228992	0.012396709602240596	0.08869458222920312	0.023626148725904628
2021-03-21	0	0	0	5.674484994497853e-4	0.001740056949546931	0.004407706970183778	0.04357663068547457	0.008827079332385024
2021-03-22	0	0	0	6.800236080268807e-4	0.001795375843604896	0.004525209379983242	0.04313792003626382	0.031693316578943254
2021-03-23	0	0	0	5.05387854220718e-4	0.001123465543706903	0.002977456311521909	0.03761369756105348	0.04604882353729223
2021-03-24	0	0	0	0.0011734212293454949	0.0032617798018688138	0.009021958935759633	0.06218556099919614	0.03392919761265967
2021-03-25	0	0	0	0.0024993446809586928	0.00712474048173295	0.024289059604113206	0.10657875790937643	0.059807741485395916
2021-03-26	0	0	0	0.0023296147762514874	0.0076084922887269535	0.027188017068022763	0.13608498047791895	0.056488847472183856
2021-03-27	0	0	3.293029710915718e-6	0.0017294077127592011	0.005531960647150447	0.019564411549822802	0.09353950998191429	0.026870100576244393
2021-03-28	0	0	0	8.56020192642637e-4	0.002873424141574432	0.010833410696831525	0.043013234587418125	0.00886524815621792
2021-03-29	0	0	0	6.7670448223911e-4	0.0024219664804081553	0.010169866546392736	0.06420755244783538	0.019280837675365925
2021-03-30	0	0	0	8.539963274316609e-4	0.002821209806192604	0.010548397170717871	0.055244385533236295	0.03395523957362556
2021-03-31	0	0	3.293040711005446e-6	0.0010651256231481998	0.0025584664376281374	0.01077626195543302	0.035734844782914665	0.03466959520797119
2021-04-01	0	0	0	7.620341740206538e-4	0.0019370280193868883	0.008372655339357937	0.030390394012052013	0.029471136978704404
2021-04-02	0	0	0	0.001793277961461781	0.005936981938635011	0.02074308893463761	0.08236917004340993	0.0298562488995886
2021-04-03	0	0	0	0.0024370608163557517	0.007348861441120125	0.028674496690107798	0.10229749433690216	0.041845664918109815
2021-04-04	0	0	0	0.0020597306225593748	0.007395382922141369	0.024437001763800925	0.10226039720935365	0.016809338464906842
2021-04-05	0	0	0	0.0018753412261787172	0.004728970791185949	0.028304323684813726	0.09858968131547141	0.02097771614365085
2021-04-06	0	0	0	0.002236621619066792	0.006884800118166723	0.033178737149712534	0.12050325884826285	0.07021752521171454
2021-04-07	0	0	0	0.0030503241193082786	0.007545854981851674	0.03882812583904305	0.096400777474418	0.04940542397965242
2021-04-08	0	0	3.2930507110062734e-6	0.003253162766997164	0.007657941015147829	0.05206685946360046	0.13712329983973448	0.04742744052877779
2021-04-09	0	0	0	0.002882333962267669	0.007688448058386532	0.062130613276529356	0.12453952321036632	0.055248087801428536
2021-04-10	0	0	0	0.0033586160754857097	0.0075319325018028405	0.09743865276307062	0.1682301454604076	0.03330612448200254
2021-04-11	0	0	0	0.0013760553821036137	0.0032932714091435944	0.039447741068858955	0.04315785000424732	0.007280651973289087
2021-04-12	0	0	0	0.001131083837661917	0.003279238351040714	0.033917600912922063	0.04301088403639808	0.018386112281204348
2021-04-13	0	0	0	0.0018086588116741353	0.00472969249778088	0.04817202602278492	0.06817723380223106	0.08689906173249695
2021-04-14	0	0	3.2930617110960014e-6	0.0023245268562763766	0.004821281188073678	0.04818285692537283	0.05370105071189024	0.04784201459000759
2021-04-15	0	0	0	0.002819713696332382	0.005901296324577698	0.058500558846333206	0.08210490380730162	0.037128226296990086
2021-04-16	0	0	0	0.0020564172129384772	0.005555124853033222	0.05528131597395314	0.08761677480689034	0.05219076909467346
2021-04-17	0	0	0	0.002663667781512613	0.0066170663919087325	0.07357819779779273	0.10783341113949474	0.06085080512096752
2021-04-18	0	0	0	0.0018716047260625146	0.0035429881913309202	0.04819063430877035	0.052879151156765	0.032130593763905146
2021-04-19	0	0	0	0.0014957743352155273	0.0034545835368533506	0.0333100905328263	0.04963552124224746	0.030061320751328502
2021-04-20	0	0	0	0.0016687902151955036	0.0038784706336139063	0.04028282652827686	0.08218009187515207	0.05047790471613278
2021-04-21	0	0	0	0.0019055037361221938	0.0038286145723860354	0.03391680745701908	0.055536063589761486	0.06812453817540298
2021-04-22	0	0	0	0.0018286830203972926	0.003373915827001861	0.028900073562986517	0.059272507537444064	0.08306463332745628
2021-04-23	0	0	0	8.264837688549687e-4	0.0019141660078763056	0.018949783574379042	0.015076223125935817	0.030175540815882806
2021-04-24	0	0	0	0.0012934762702154767	0.0027256773292259062	0.0400299390041694	0.055365432786920854	0.04754503252955922
2021-04-25	0	0	0	6.808148772243783e-4	0.0017063979484897018	0.01719120437698285	0.017243938352476063	0.012716527518029208
2021-04-26	0	0	0	4.494775075074564e-4	0.0011656797022920884	0.012995470563793576	0.0212885000586871	0.012880275373423844
2021-04-27	0	0	0	8.889175435997654e-4	0.0021766844888408965	0.0191574620884174	0.05594753157225729	0.039405498324551536
2021-04-28	0	0	0	0.0011851931707129726	0.0035306263305714403	0.02651831526107129	0.07347317693212485	0.07665707685810741
2021-04-29	0	0	0	8.027260922947033e-4	0.0036182629567058644	0.018580438170653357	0.06585915714496116	0.06277373546609177
2021-04-30	0	0	0	8.139446264636696e-4	0.004159264871066881	0.03068692179227117	0.08285065787769152	0.07776848428707739
2021-05-01	0	0	0	6.946876477320618e-4	0.0031700623237842507	0.022283407563156388	0.10392025484158496	0.08237167313371163
2021-05-02	0	0	0	2.8227391964152915e-4	0.002889817761673852	0.020466085160448788	0.06247745819564732	0.022576423727076245
2021-05-03	0	0	0	3.0353103277191984e-4	0.0020204605652238694	0.00838558952793278	0.049113637343271455	0.050748246121091745
2021-05-04	0	0	0	9.884944280313945e-5	0.0023139385779356036	0.011720935079786221	0.04157706304281672	0.07389252636307964
2021-05-05	0	0	0	3.5309016816675864e-4	0.0022001301431617826	0.024614943865373995	0.06833149841904818	0.08720947304729676
2021-05-06	0	0	0	3.355521488110913e-4	0.003052479407633424	0.03858581630498037	0.0712698478014091	0.0792920055354589
2021-05-07	0	0	0	6.042372756713821e-4	0.0026050766060308206	0.03236658902121703	0.05561187002183132	0.11570660458621784
2021-05-08	0	0	0	4.030486120458754e-4	0.0019863564029398706	0.033629882244952336	0.034425987147774784	0.03190000254052139
2021-05-09	0	0	0	6.756011092146075e-4	0.0016860707086086002	0.025883194945141907	0.02966642418092058	0.013114900151495856
2021-05-10	0	0	0	1.3094628673249176e-4	0.0012705335638842907	0.033132856545719847	0.035509429903009204	0.04690768267344825
2021-05-11	0	0	0	2.831750470266847e-4	0.0019187804295843769	0.037236173147670915	0.03938142414186019	0.12176210239490692
2021-05-12	0	0	0	4.036507334785888e-4	0.002935754663861534	0.03116236322036947	0.058445571198169954	0.035752663232045956
2021-05-13	0	0	0	4.2506917094997654e-4	0.003869563380188401	0.036718787335853875	0.05492077282183705	0.062191443924348944
2021-05-14	0	0	0	6.166420618580748e-4	0.005303862739991283	0.06740907587767042	0.1510807481125629	0.19180609446884822
2021-05-15	0	0	3.2930727111857294e-6	3.510408074121063e-4	0.005281252908069689	0.07181300699335691	0.09143729471625694	0.08699858860480725
2021-05-16	0	8.562248328125577e-6	0	2.4474397490337196e-4	0.0020955578406658404	0.03302484001449568	0.03042004478112137	0.04706538767935187
2021-05-17	0	0	0	1.844875089100917e-4	0.0033358419603961575	0.02255376811403531	0.02939897493175958	0.05565229446994224
2021-05-18	0	0	0	3.051792835988554e-4	0.0026673486872548224	0.024168772389706383	0.063120241212687	0.07227356712628952
2021-05-19	0	0	0	2.839731601889106e-4	0.004004869745419359	0.01919049881115531	0.09858347540576995	0.06350832689629149
2021-05-20	0	0	0	4.3319791510842975e-4	0.006951912271056182	0.023829491162263183	0.09939662212233258	0.1460751903057127
2021-05-21	0	0	0	2.699672205750403e-4	0.006791822212240728	0.02264103410635121	0.12149101679017793	0.21887294108477473
2021-05-22	0	0	0	1.279090901837865e-4	0.007793856048024406	0.03540422478312344	0.0786997111331087	0.05510699523084295
2021-05-23	0	0	0	0.0011338464019157168	0.008707826560853338	0.025963566698932405	0.05874040890972032	0.04651798063048451
2021-05-24	0	0	0	1.0672028473157624e-5	0.0027727520384666082	0.004368961957145645	0.017138229729565913	0
2021-05-25	0	0	0	8.18226737375749e-5	0.008340852454918668	0.01393395880197379	0.08514574967179289	0.17645915866959538
2021-05-26	0	0	0	2.3482378555250705e-4	0.007976104560991848	0.008625268815535048	0.1454396747476776	0.1041617157573802
2021-05-27	0	0	0	5.44535129626933e-4	0.006478101449597817	0.008957227983286131	0.1558521751226123	0.3151529446267236
2021-05-28	0	0	0	9.116967977627066e-4	0.008646159016434396	0.012075313297809975	0.17331239671365806	0.2679491924311228
2021-05-29	0	0	0	6.094948709993719e-4	0.01165405424508692	0.019456317068467177	0.14166310912149194	0.2247492571470362
2021-05-30	0	0	0	3.352250939658852e-4	0.007987208876408802	0.010526471651356673	0.1887640683776175	0.07846217835817759
2021-05-31	0	0	0	1.3198835523153818e-4	0.005542489798290973	0.0072025391425247776	0.13621771657738946	0.1742581781642838
2021-06-01	0	0	0	4.24589068969361e-4	0.007400271002728553	0.01363651866029314	0.4045519751493001	0.5167603025808674
2021-06-02	0	0	0	0.0016531802512358418	0.016999425113547906	0.01995694996295594	1.748023810648704	1.3969772806933392
2021-06-03	0	0	0	0	0	0	0	0
2021-06-04	0	0	0	0.0015810279123147364	0.03325486145255718	0.05183918528269338	0	0
2021-06-05	0	0	0	0.001723556661891612	0.037468308536139805	0.05958056080650431	0	0
2021-06-06	0	0	0	0.001620932855830759	0.036524886839662596	0.05942341557979214	0	0
2021-06-07	0	0	0	0.0017021303118995856	0.039761963434032266	0.06628693959005383	0	0
2021-06-08	0	0	0	0.0016495822804249993	0.04239247038636473	0.052372633176458905	0	0
2021-06-09	0	0	0	0.0015992333868564135	0.0506096132380256	0	0	0
2021-06-10	0	0	0	0.0014971863917729866	0.049783427411201675	0	0	0
2021-06-11	0	0	0	0.0010044152124797368	0.034945507116914465	0	0	0
2021-06-12	0	0	0	2.0297129933699587e-4	0.007258591788688706	0	0	0
2021-06-13	0	0	0	2.4427091707024395e-4	0.008800813579917133	0	0	0
2021-06-14	0	0	0	0.0011565103790642794	0.0423734881239477	0	0	0
2021-06-15	0	0	0	0.001204240548824842	0.04604194517896576	0	0	0
2021-06-16	0	0	0	0.0010942613519766553	0.04375509713124104	0	0	0
2021-06-17	0	0	0	8.63368351227578e-4	0.035976059209053446	0	0	0
2021-06-18	0	0	0	4.293660888095019e-4	0.018457348427745712	0	0	0
2021-06-19	0	0	0	1.7207440240007976e-4	0.00751208786602664	0	0	0
2021-06-20	0	0	0	1.4192603574980645e-4	0.006239713506159816	0	0	0
2021-06-21	0	0	0	0.0011810247048384959	0.052844361639265314	0	0	0
2021-06-22	0	0	0	0.001074401584691298	0.050631415047426076	0	0	0
2021-06-23	0	0	0	0.001040538680186165	0.051573219235580225	0	0	0
2021-06-24	0	0	0	9.238013522345767e-4	0.0481527313849579	0	0	0
2021-06-25	0	0	0	0.0017118486064127136	0.09469662258211486	0	0	0
2021-06-26	0	0	0	9.86964524743339e-4	0.05953117005193809	0	0	0
2021-06-27	0	0	0	3.1687010166536744e-4	0.020085809940238786	0	0	0
2021-06-28	0	0	0	0.0013503388537550176	0.0888247594738989	0	0	0
2021-06-29	0	0	0	9.508930493977719e-4	0.06805161559631712	0	0	0
2021-06-30	0	0	0	7.28123540972625e-4	0.05561867937382203	0	0	0
2021-07-01	0	0	0	6.540269378088048e-4	0.05278228233204496	0	0	0
2021-07-02	0	0	0	3.262466092126548e-4	0.027583958694312294	0	0	0
2021-07-03	0	0	0	0	0	0	0	0
2021-07-04	0	0	0	0	0	0	0	0
2021-07-05	0	0	0	3.0472321405938807e-4	0.026473917071274222	0	0	0
2021-07-06	0	0	0	0.0011336312799696824	0.10308417688079796	0	0	0
2021-07-07	0	0	0	0.0011493002227505045	0.11644336427066793	0	0	0
2021-07-08	0	0	0	0.0011174251597467766	0.12787531398146457	0	0	0
2021-07-09	0	0	0	3.4819931068996723e-4	0.044476428165592274	0	0	0
2021-07-10	0	0	0	1.891809473577588e-4	0.02514563574930917	0	0	0
2021-07-11	0	0	0	0	0	0	0	0
2021-07-12	0	0	0	4.3292385576632064e-4	0.059518121702756055	0	0	0
2021-07-13	0	0	0	0.012291657209237306	0.07031589113658288	0	0	0
