2020-02-17	0	0	0	0	0	0	0	0
2020-02-18	0	0	0	0	0	0	0	0
2020-02-19	0	0	0	0	0	0	0	0
2020-02-20	0	0	0	0	0	0	0	0
2020-02-21	0	0	0	0	0	0	0	0
2020-02-22	0	0	0	0	0	0	0	0
2020-02-23	0	0	0	0	0	0	0	0
2020-02-24	0	0	0	0	0	0	0	0
2020-02-25	0	0	0	0	0	0	0	0
2020-02-26	0	0	0	0	0	0	0	0
2020-02-27	0	0	0	0	0	0	0	0
2020-02-28	0	0	0	0	0	0	0	0
2020-02-29	0	0	0	0	0	0	0	0
2020-03-01	0	0	0	0	0	0	0	0
2020-03-02	0	0	0	0	0	0	0	0
2020-03-03	0	0	0	0	0	0	0	0
2020-03-04	0	0	0	0	0	0	0	0
2020-03-05	0	0	0	0	0	0	0	0
2020-03-06	0	0	0	0	0	0	0	0
2020-03-07	0	0	0	0	0	0	0	0
2020-03-08	0	0	0	0	0	0	0	0
2020-03-09	0	0	0	0	0	0	0	0
2020-03-10	0	0	0	0	0	0	0	0
2020-03-11	0	0	0	0	0	0	0	0
2020-03-12	0	0	0	0	0	0	0	0
2020-03-13	0	0	0	0	0	0	0	0
2020-03-14	0	0	0	0	0	0	0	0
2020-03-15	0	0	0	0	0	0	0	0
2020-03-16	0	0	0	0	0	0	0	0
2020-03-17	0	0	0	0	0	0	0	0
2020-03-18	0	0	0	0	0	0	0	0
2020-03-19	0	0	0	0	0	0	0	0
2020-03-20	0	0	0	0	0	0	0	0
2020-03-21	0	0	0	0	0	0	0	0
2020-03-22	0	0	0	0	0	0	0	0
2020-03-23	0	0	0	0	0	0	0	0
2020-03-24	0	0	0	0	0	0	0	0
2020-03-25	0	0	0	0	0	0	0	0
2020-03-26	0	0	0	0	0	0	0	0
2020-03-27	0	0	0	0	0	0	0	0
2020-03-28	0	0	0	0	0	0	0	0
2020-03-29	0	0	0	0	0	0	0	0
2020-03-30	0	0	0	0	0	0	0	0
2020-03-31	0	0	0	0	0	0	0	0
2020-04-01	0	0	0	0	0	0	0	0
2020-04-02	0	0	0	0	0	0	0	0
2020-04-03	0	0	0	0	0	0	0	0
2020-04-04	0	0	0	0	0	0	0	0
2020-04-05	0	0	0	0	0	0	0	0
2020-04-06	0	0	0	0	0	0	0	0
2020-04-07	0	0	0	0	0	0	0	0
2020-04-08	0	0	0	0	0	0	0	0
2020-04-09	0	0	0	0	0	0	0	0
2020-04-10	0	0	0	0	0	0	0	0
2020-04-11	0	0	0	0	0	0	0	0
2020-04-12	0	0	0	0	0	0	0	0
2020-04-13	0	0	0	0	0	0	0	0
2020-04-14	0	0	0	0	0	0	0	0
2020-04-15	0	0	0	0	0	0	0	0
2020-04-16	0	0	0	0	0	0	0	0
2020-04-17	0	0	0	0	0	0	0	0
2020-04-18	0	0	0	0	0	0	0	0
2020-04-19	0	0	0	0	0	0	0	0
2020-04-20	0	0	0	0	0	0	0	0
2020-04-21	0	0	0	0	0	0	0	0
2020-04-22	0	0	0	0	0	0	0	0
2020-04-23	0	0	0	0	0	0	0	0
2020-04-24	0	0	0	0	0	0	0	0
2020-04-25	0	0	0	0	0	0	0	0
2020-04-26	0	0	0	0	0	0	0	0
2020-04-27	0	0	0	0	0	0	0	0
2020-04-28	0	0	0	0	0	0	0	0
2020-04-29	0	0	0	0	0	0	0	0
2020-04-30	0	0	0	0	0	0	0	0
2020-05-01	0	0	0	0	0	0	0	0
2020-05-02	0	0	0	0	0	0	0	0
2020-05-03	0	0	0	0	0	0	0	0
2020-05-04	0	0	0	0	0	0	0	0
2020-05-05	0	0	0	0	0	0	0	0
2020-05-06	0	0	8.010554337084221	8.825611184603533	8.439539198714854	8.479222221094888	7.629227899112049	8.833002781857987
2020-05-07	0	0	0	0	0	0	0	0
2020-05-08	0	0	0	0	0	0	0	0
2020-05-09	0	0	0	0	0	0	0	0
2020-05-10	0	0	0	0	0	0	0	0
2020-05-11	0	0	0	0	0	0	0	0
2020-05-12	0	0	0	0	0	0	0	0
2020-05-13	0	0	0	0	0	0	0	0
2020-05-14	0	0	0	0	0	0	0	0
2020-05-15	0	0	0	0	0	0	0	0
2020-05-16	0	0	0	0	0	0	0	0
2020-05-17	0	0	0	0	0	0	0	0
2020-05-18	0	0	0	0	0	0	0	0
2020-05-19	0	0	0	0	0	0	0	0
2020-05-20	0	0	7.826747239244635	8.385464043654558	8.145751588010102	8.083160245768855	7.40477942717157	8.336643209289019
2020-05-21	0	0	0	0	0	0	0	0
2020-05-22	0	0	0	0	0	0	0	0
2020-05-23	0	0	0	0	0	0	0	0
2020-05-24	0	0	0	0	0	0	0	0
2020-05-25	0	0	0	0	0	0	0	0
2020-05-26	0	0	0	0	0	0	0	0
2020-05-27	0	0	0	0	0	0	0	0
2020-05-28	0	0	0	0	0	0	0	0
2020-05-29	0	0	0	0	0	0	0	0
2020-05-30	0	0	0	0	0	0	0	0
2020-05-31	0	0	0	0	0	0	0	0
2020-06-01	0	0	0	0	0	0	0	0
2020-06-02	0	0	0	0	0	0	0	0
2020-06-03	0	0	7.725306538064781	8.062080702561541	7.977491375858869	7.812157973015608	7.248894836299935	7.909458803330905
2020-06-04	0	0	0	0	0	0	0	0
2020-06-05	0	0	0	0	0	0	0	0
2020-06-06	0	0	0	0	0	0	0	0
2020-06-07	0	0	0	0	0	0	0	0
2020-06-08	0	0	0	0	0	0	0	0
2020-06-09	0	0	0	0	0	0	0	0
2020-06-10	0	0	0	0	0	0	0	0
2020-06-11	0	0	0	0	0	0	0	0
2020-06-12	0	0	0	0	0	0	0	0
2020-06-13	0	0	0	0	0	0	0	0
2020-06-14	0	0	0	0	0	0	0	0
2020-06-15	0	0	0	0	0	0	0	0
2020-06-16	0	0	0	0	0	0	0	0
2020-06-17	0	0	7.705288932442604	7.901103840145339	7.858316376314868	7.682221538367283	7.189919571475691	7.562806458098827
2020-06-18	0	0	0	0	0	0	0	0
2020-06-19	0	0	0	0	0	0	0	0
2020-06-20	0	0	0	0	0	0	0	0
2020-06-21	0	0	0	0	0	0	0	0
2020-06-22	0	0	0	0	0	0	0	0
2020-06-23	0	0	0	0	0	0	0	0
2020-06-24	0	0	0	0	0	0	0	0
2020-06-25	0	0	0	0	0	0	0	0
2020-06-26	0	0	0	0	0	0	0	0
2020-06-27	0	0	0	0	0	0	0	0
2020-06-28	0	0	0	0	0	0	0	0
2020-06-29	0	0	0	0	0	0	0	0
2020-06-30	0	0	0	0	0	0	0	0
2020-07-01	0	0	7.7156474401312485	7.877690103850038	7.775647675683364	7.631733000147312	7.200041520851062	7.33718737592692
2020-07-02	0	0	0	0	0	0	0	0
2020-07-03	0	0	0	0	0	0	0	0
2020-07-04	0	0	0	0	0	0	0	0
2020-07-05	0	0	0	0	0	0	0	0
2020-07-06	0	0	0	0	0	0	0	0
2020-07-07	0	0	0	0	0	0	0	0
2020-07-08	0	0	0	0	0	0	0	0
2020-07-09	0	0	0	0	0	0	0	0
2020-07-10	0	0	0	0	0	0	0	0
2020-07-11	0	0	0	0	0	0	0	0
2020-07-12	0	0	0	0	0	0	0	0
2020-07-13	0	0	0	0	0	0	0	0
2020-07-14	0	0	0	0	0	0	0	0
2020-07-15	0	0	7.736645285731696	7.9673095700366865	7.688205181696349	7.62190249831828	7.185080308146674	7.204116084505758
2020-07-16	0	0	0	0	0	0	0	0
2020-07-17	0	0	0	0	0	0	0	0
2020-07-18	0	0	0	0	0	0	0	0
2020-07-19	0	0	0	0	0	0	0	0
2020-07-20	0	0	0	0	0	0	0	0
2020-07-21	0	0	0	0	0	0	0	0
2020-07-22	0	0	0	0	0	0	0	0
2020-07-23	0	0	0	0	0	0	0	0
2020-07-24	0	0	0	0	0	0	0	0
2020-07-25	0	0	0	0	0	0	0	0
2020-07-26	0	0	0	0	0	0	0	0
2020-07-27	0	0	0	0	0	0	0	0
2020-07-28	0	0	0	0	0	0	0	0
2020-07-29	0	0	7.737307930082663	8.12100597223184	7.5683654979271155	7.602611393650507	7.079415995715644	7.102387604667172
2020-07-30	0	0	0	0	0	0	0	0
2020-07-31	0	0	0	0	0	0	0	0
2020-08-01	0	0	0	0	0	0	0	0
2020-08-02	0	0	0	0	0	0	0	0
2020-08-03	0	0	0	0	0	0	0	0
2020-08-04	0	0	0	0	0	0	0	0
2020-08-05	0	0	0	0	0	0	0	0
2020-08-06	0	0	0	0	0	0	0	0
2020-08-07	0	0	0	0	0	0	0	0
2020-08-08	0	0	0	0	0	0	0	0
2020-08-09	0	0	0	0	0	0	0	0
2020-08-10	0	0	0	0	0	0	0	0
2020-08-11	0	0	0	0	0	0	0	0
2020-08-12	0	0	7.614208117948279	8.182781600430788	7.488048558966729	7.531863253093568	6.895320809108794	6.948168118163656
2020-08-13	0	0	0	0	0	0	0	0
2020-08-14	0	0	0	0	0	0	0	0
2020-08-15	0	0	0	0	0	0	0	0
2020-08-16	0	0	0	0	0	0	0	0
2020-08-17	0	0	0	0	0	0	0	0
2020-08-18	0	0	0	0	0	0	0	0
2020-08-19	0	0	0	0	0	0	0	0
2020-08-20	0	0	0	0	0	0	0	0
2020-08-21	0	0	0	0	0	0	0	0
2020-08-22	0	0	0	0	0	0	0	0
2020-08-23	0	0	0	0	0	0	0	0
2020-08-24	0	0	0	0	0	0	0	0
2020-08-25	0	0	0	0	0	0	0	0
2020-08-26	0	0	7.3395895895906795	8.03478273787305	7.587105164738078	7.438349932972345	6.811775493005311	6.773719399296035
2020-08-27	0	0	0	0	0	0	0	0
2020-08-28	0	0	0	0	0	0	0	0
2020-08-29	0	0	0	0	0	0	0	0
2020-08-30	0	0	0	0	0	0	0	0
2020-08-31	0	0	0	0	0	0	0	0
2020-09-01	0	0	0	0	0	0	0	0
2020-09-02	0	0	0	0	0	0	0	0
2020-09-03	0	0	0	0	0	0	0	0
2020-09-04	0	0	0	0	0	0	0	0
2020-09-05	0	0	0	0	0	0	0	0
2020-09-06	0	0	0	0	0	0	0	0
2020-09-07	0	0	0	0	0	0	0	0
2020-09-08	0	0	0	0	0	0	0	0
2020-09-09	0	0	7.166715107704361	8.028701263464715	8.02451049602883	7.565934600321639	7.037672176621636	6.802255439229609
2020-09-10	0	0	0	0	0	0	0	0
2020-09-11	0	0	0	0	0	0	0	0
2020-09-12	0	0	0	0	0	0	0	0
2020-09-13	0	0	0	0	0	0	0	0
2020-09-14	0	0	0	0	0	0	0	0
2020-09-15	0	0	0	0	0	0	0	0
2020-09-16	0	0	0	0	0	0	0	0
2020-09-17	0	0	0	0	0	0	0	0
2020-09-18	0	0	0	0	0	0	0	0
2020-09-19	0	0	0	0	0	0	0	0
2020-09-20	0	0	0	0	0	0	0	0
2020-09-21	0	0	0	0	0	0	0	0
2020-09-22	0	0	0	0	0	0	0	0
2020-09-23	0	0	7.235138899007004	8.428412866584782	8.69543954211287	8.014201008278672	7.521761061002648	7.139491043540911
2020-09-24	0	0	0	0	0	0	0	0
2020-09-25	0	0	0	0	0	0	0	0
2020-09-26	0	0	0	0	0	0	0	0
2020-09-27	0	0	0	0	0	0	0	0
2020-09-28	0	0	0	0	0	0	0	0
2020-09-29	0	0	0	0	0	0	0	0
2020-09-30	0	0	0	0	0	0	0	0
2020-10-01	0	0	0	0	0	0	0	0
2020-10-02	0	0	0	0	0	0	0	0
2020-10-03	0	0	0	0	0	0	0	0
2020-10-04	0	0	0	0	0	0	0	0
2020-10-05	0	0	0	0	0	0	0	0
2020-10-06	0	0	0	0	0	0	0	0
2020-10-07	0	0	7.3930443248724815	9.152587649628968	9.276136562551631	8.63900110288661	8.13863119360598	7.676871458548627
2020-10-08	0	0	0	0	0	0	0	0
2020-10-09	0	0	0	0	0	0	0	0
2020-10-10	0	0	0	0	0	0	0	0
2020-10-11	0	0	0	0	0	0	0	0
2020-10-12	0	0	0	0	0	0	0	0
2020-10-13	0	0	0	0	0	0	0	0
2020-10-14	0	0	0	0	0	0	0	0
2020-10-15	0	0	0	0	0	0	0	0
2020-10-16	0	0	0	0	0	0	0	0
2020-10-17	0	0	0	0	0	0	0	0
2020-10-18	0	0	0	0	0	0	0	0
2020-10-19	0	0	0	0	0	0	0	0
2020-10-20	0	0	0	0	0	0	0	0
2020-10-21	0	0	7.48436431190904	9.817392525873093	9.7949166391218	9.155550715002931	8.677043109718094	8.136911891055217
2020-10-22	0	0	0	0	0	0	0	0
2020-10-23	0	0	0	0	0	0	0	0
2020-10-24	0	0	0	0	0	0	0	0
2020-10-25	0	0	0	0	0	0	0	0
2020-10-26	0	0	0	0	0	0	0	0
2020-10-27	0	0	0	0	0	0	0	0
2020-10-28	0	0	0	0	0	0	0	0
2020-10-29	0	0	0	0	0	0	0	0
2020-10-30	0	0	0	0	0	0	0	0
2020-10-31	0	0	0	0	0	0	0	0
2020-11-01	0	0	0	0	0	0	0	0
2020-11-02	0	0	0	0	0	0	0	0
2020-11-03	0	0	0	0	0	0	0	0
2020-11-04	0	0	7.517924357949859	9.98634302652994	10.109977931990814	9.333823857432842	8.662176351187052	8.237060588969092
2020-11-05	0	0	0	0	0	0	0	0
2020-11-06	0	0	0	0	0	0	0	0
2020-11-07	0	0	0	0	0	0	0	0
2020-11-08	0	0	0	0	0	0	0	0
2020-11-09	0	0	0	0	0	0	0	0
2020-11-10	0	0	0	0	0	0	0	0
2020-11-11	0	0	0	0	0	0	0	0
2020-11-12	0	0	0	0	0	0	0	0
2020-11-13	0	0	0	0	0	0	0	0
2020-11-14	0	0	0	0	0	0	0	0
2020-11-15	0	0	0	0	0	0	0	0
2020-11-16	0	0	0	0	0	0	0	0
2020-11-17	0	0	0	0	0	0	0	0
2020-11-18	0	0	7.587123255389885	9.845789719051195	10.046336944395785	9.367662295149776	8.407172463796936	8.130288262489811
2020-11-19	0	0	0	0	0	0	0	0
2020-11-20	0	0	0	0	0	0	0	0
2020-11-21	0	0	0	0	0	0	0	0
2020-11-22	0	0	0	0	0	0	0	0
2020-11-23	0	0	0	0	0	0	0	0
2020-11-24	0	0	0	0	0	0	0	0
2020-11-25	0	0	0	0	0	0	0	0
2020-11-26	0	0	0	0	0	0	0	0
2020-11-27	0	0	0	0	0	0	0	0
2020-11-28	0	0	0	0	0	0	0	0
2020-11-29	0	0	0	0	0	0	0	0
2020-11-30	0	0	0	0	0	0	0	0
2020-12-01	0	0	0	0	0	0	0	0
2020-12-02	0	0	7.645853506713373	9.545914924870338	9.629495972955485	9.213085775308334	8.172193643888667	7.904083350481015
2020-12-03	0	0	0	0	0	0	0	0
2020-12-04	0	0	0	0	0	0	0	0
2020-12-05	0	0	0	0	0	0	0	0
2020-12-06	0	0	0	0	0	0	0	0
2020-12-07	0	0	0	0	0	0	0	0
2020-12-08	0	0	0	0	0	0	0	0
2020-12-09	0	0	0	0	0	0	0	0
2020-12-10	0	0	0	0	0	0	0	0
2020-12-11	0	0	0	0	0	0	0	0
2020-12-12	0	0	0	0	0	0	0	0
2020-12-13	0	0	0	0	0	0	0	0
2020-12-14	0	0	0	0	0	0	0	0
2020-12-15	0	0	0	0	0	0	0	0
2020-12-16	0	0	7.790964819938237	9.418399090658845	9.347867825299506	9.060231796395776	8.09918184188935	7.810068213810547
2020-12-17	0	0	0	0	0	0	0	0
2020-12-18	0	0	0	0	0	0	0	0
2020-12-19	0	0	0	0	0	0	0	0
2020-12-20	0	0	0	0	0	0	0	0
2020-12-21	0	0	0	0	0	0	0	0
2020-12-22	0	0	0	0	0	0	0	0
2020-12-23	0	0	0	0	0	0	0	0
2020-12-24	0	0	0	0	0	0	0	0
2020-12-25	0	0	0	0	0	0	0	0
2020-12-26	0	0	0	0	0	0	0	0
2020-12-27	0	0	0	0	0	0	0	0
2020-12-28	0	0	0	0	0	0	0	0
2020-12-29	0	0	0	0	0	0	0	0
2020-12-30	0	0	7.947833771911861	9.52623188426218	9.464468964745707	9.049382923964837	8.361272858040062	7.9954248948207125
2020-12-31	0	0	0	0	0	0	0	0
2021-01-01	0	0	0	0	0	0	0	0
2021-01-02	0	0	0	0	0	0	0	0
2021-01-03	0	0	0	0	0	0	0	0
2021-01-04	0	0	0	0	0	0	0	0
2021-01-05	0	0	0	0	0	0	0	0
2021-01-06	0	0	0	0	0	0	0	0
2021-01-07	0	0	0	0	0	0	0	0
2021-01-08	0	0	0	0	0	0	0	0
2021-01-09	0	0	0	0	0	0	0	0
2021-01-10	0	0	0	0	0	0	0	0
2021-01-11	0	0	0	0	0	0	0	0
2021-01-12	0	0	0	0	0	0	0	0
2021-01-13	0	0	7.910802803989862	9.601944027042178	9.525329979749054	8.969126876168131	8.223349500149318	7.981529579641429
2021-01-14	0	0	0	0	0	0	0	0
2021-01-15	0	0	0	0	0	0	0	0
2021-01-16	0	0	0	0	0	0	0	0
2021-01-17	0	0	0	0	0	0	0	0
2021-01-18	0	0	0	0	0	0	0	0
2021-01-19	0	0	0	0	0	0	0	0
2021-01-20	0	0	0	0	0	0	0	0
2021-01-21	0	0	0	0	0	0	0	0
2021-01-22	0	0	0	0	0	0	0	0
2021-01-23	0	0	0	0	0	0	0	0
2021-01-24	0	0	0	0	0	0	0	0
2021-01-25	0	0	0	0	0	0	0	0
2021-01-26	0	0	0	0	0	0	0	0
2021-01-27	0	0	7.891326947070561	9.71550814253345	9.487019087981368	8.8528601435675	7.910118555486153	7.84658810145791
2021-01-28	0	0	0	0	0	0	0	0
2021-01-29	0	0	0	0	0	0	0	0
2021-01-30	0	0	0	0	0	0	0	0
2021-01-31	0	0	0	0	0	0	0	0
2021-02-01	0	0	0	0	0	0	0	0
2021-02-02	0	0	0	0	0	0	0	0
2021-02-03	0	0	0	0	0	0	0	0
2021-02-04	0	0	0	0	0	0	0	0
2021-02-05	0	0	0	0	0	0	0	0
2021-02-06	0	0	0	0	0	0	0	0
2021-02-07	0	0	0	0	0	0	0	0
2021-02-08	0	0	0	0	0	0	0	0
2021-02-09	0	0	0	0	0	0	0	0
2021-02-10	0	0	7.840246945690812	9.530687753486099	9.22476834368412	8.483167246776883	7.525831385112927	7.573828915919241
2021-02-11	0	0	0	0	0	0	0	0
2021-02-12	0	0	0	0	0	0	0	0
2021-02-13	0	0	0	0	0	0	0	0
2021-02-14	0	0	0	0	0	0	0	0
2021-02-15	0	0	0	0	0	0	0	0
2021-02-16	0	0	0	0	0	0	0	0
2021-02-17	0	0	0	0	0	0	0	0
2021-02-18	0	0	0	0	0	0	0	0
2021-02-19	0	0	0	0	0	0	0	0
2021-02-20	0	0	0	0	0	0	0	0
2021-02-21	0	0	0	0	0	0	0	0
2021-02-22	0	0	0	0	0	0	0	0
2021-02-23	0	0	0	0	0	0	0	0
2021-02-24	0	0	7.787150277053678	9.15470553350957	8.86569909944826	8.057497558465256	7.116318861232604	7.2137354554159145
2021-02-25	0	0	0	0	0	0	0	0
2021-02-26	0	0	0	0	0	0	0	0
2021-02-27	0	0	0	0	0	0	0	0
2021-02-28	0	0	0	0	0	0	0	0
2021-03-01	0	0	0	0	0	0	0	0
2021-03-02	0	0	0	0	0	0	0	0
2021-03-03	0	0	0	0	0	0	0	0
2021-03-04	0	0	0	0	0	0	0	0
2021-03-05	0	0	0	0	0	0	0	0
2021-03-06	0	0	0	0	0	0	0	0
2021-03-07	0	0	0	0	0	0	0	0
2021-03-08	0	0	0	0	0	0	0	0
2021-03-09	0	0	0	0	0	0	0	0
2021-03-10	0	0	7.929585325218209	8.961342816725299	8.658089739019974	8.01746409338095	6.952375911833368	7.004969250360218
2021-03-11	0	0	0	0	0	0	0	0
2021-03-12	0	0	0	0	0	0	0	0
2021-03-13	0	0	0	0	0	0	0	0
2021-03-14	0	0	0	0	0	0	0	0
2021-03-15	0	0	0	0	0	0	0	0
2021-03-16	0	0	0	0	0	0	0	0
2021-03-17	0	0	0	0	0	0	0	0
2021-03-18	0	0	0	0	0	0	0	0
2021-03-19	0	0	0	0	0	0	0	0
2021-03-20	0	0	0	0	0	0	0	0
2021-03-21	0	0	0	0	0	0	0	0
2021-03-22	0	0	0	0	0	0	0	0
2021-03-23	0	0	0	0	0	0	0	0
2021-03-24	0	0	8.002321675695827	8.827045248976475	8.494620721562354	8.122520650044969	6.811881142670932	6.893512682262337
2021-03-25	0	0	0	0	0	0	0	0
2021-03-26	0	0	0	0	0	0	0	0
2021-03-27	0	0	0	0	0	0	0	0
2021-03-28	0	0	0	0	0	0	0	0
2021-03-29	0	0	0	0	0	0	0	0
2021-03-30	0	0	0	0	0	0	0	0
2021-03-31	0	0	0	0	0	0	0	0
2021-04-01	0	0	0	0	0	0	0	0
2021-04-02	0	0	0	0	0	0	0	0
2021-04-03	0	0	0	0	0	0	0	0
2021-04-04	0	0	0	0	0	0	0	0
2021-04-05	0	0	0	0	0	0	0	0
2021-04-06	0	0	0	0	0	0	0	0
2021-04-07	0	0	7.856844895665878	8.481466146990995	8.183523941566566	7.948741796980449	6.496905950384488	6.708478350954552
2021-04-08	0	0	0	0	0	0	0	0
2021-04-09	0	0	0	0	0	0	0	0
2021-04-10	0	0	0	0	0	0	0	0
2021-04-11	0	0	0	0	0	0	0	0
2021-04-12	0	0	0	0	0	0	0	0
2021-04-13	0	0	0	0	0	0	0	0
2021-04-14	0	0	0	0	0	0	0	0
2021-04-15	0	0	0	0	0	0	0	0
2021-04-16	0	0	0	0	0	0	0	0
2021-04-17	0	0	0	0	0	0	0	0
2021-04-18	0	0	0	0	0	0	0	0
2021-04-19	0	0	0	0	0	0	0	0
2021-04-20	0	0	0	0	0	0	0	0
2021-04-21	0	0	7.725949277457342	8.134051422710192	7.804650766488586	7.685866912728127	6.199032198356669	6.556141432350347
2021-04-22	0	0	0	0	0	0	0	0
2021-04-23	0	0	0	0	0	0	0	0
2021-04-24	0	0	0	0	0	0	0	0
2021-04-25	0	0	0	0	0	0	0	0
2021-04-26	0	0	0	0	0	0	0	0
2021-04-27	0	0	0	0	0	0	0	0
2021-04-28	0	0	0	0	0	0	0	0
2021-04-29	0	0	0	0	0	0	0	0
2021-04-30	0	0	0	0	0	0	0	0
2021-05-01	0	0	0	0	0	0	0	0
2021-05-02	0	0	0	0	0	0	0	0
2021-05-03	0	0	0	0	0	0	0	0
2021-05-04	0	0	0	0	0	0	0	0
2021-05-05	0	0	7.576406879781664	7.768944272610182	7.443985495568683	7.504570764037575	5.956401434637554	6.447117734746504
