2020-02-17	0	0	0	0
2020-02-18	0	0	0	0
2020-02-19	0	0	0	0
2020-02-20	0	0	0	0
2020-02-21	0	0	0	0
2020-02-22	0	0	0	0
2020-02-23	0	0	0	0
2020-02-24	0	0	0	0
2020-02-25	0	0	0	0
2020-02-26	0	0	0	0
2020-02-27	0	0	0	0
2020-02-28	0	0	0	0
2020-02-29	0	0	0	0
2020-03-01	0	0	0	0
2020-03-02	0	0	0	0
2020-03-03	0	0	0	1
2020-03-04	0	0	0	0
2020-03-05	0	0	0	1
2020-03-06	0	0	0	0
2020-03-07	0	0	0	0
2020-03-08	0	0	0	1
2020-03-09	0	0	0	1
2020-03-10	0	0	0	1
2020-03-11	1	0	0	0
2020-03-12	0	0	0	0
2020-03-13	0	0	1	1
2020-03-14	0	0	0	2
2020-03-15	0	0	2	4
2020-03-16	0	0	2	6
2020-03-17	0	1	1	6
2020-03-18	0	1	2	8
2020-03-19	1	1	0	6
2020-03-20	0	2	5	8
2020-03-21	0	1	3	9
2020-03-22	0	2	4	22
2020-03-23	0	3	4	17
2020-03-24	0	1	6	22
2020-03-25	2	2	5	28
2020-03-26	1	2	8	29
2020-03-27	1	4	7	33
2020-03-28	0	3	5	30
2020-03-29	1	7	16	39
2020-03-30	2	11	10	44
2020-03-31	3	7	13	46
2020-04-01	3	9	14	57
2020-04-02	2	9	15	53
2020-04-03	0	11	17	52
2020-04-04	0	13	12	85
2020-04-05	0	14	11	77
2020-04-06	1	9	15	77
2020-04-07	1	10	24	79
2020-04-08	3	15	14	79
2020-04-09	4	10	22	91
2020-04-10	0	10	22	73
2020-04-11	4	13	16	77
2020-04-12	1	12	18	84
2020-04-13	1	15	20	61
2020-04-14	0	8	23	63
2020-04-15	0	8	19	63
2020-04-16	0	13	12	59
2020-04-17	2	9	13	80
2020-04-18	2	3	7	64
2020-04-19	0	8	11	85
2020-04-20	0	15	12	83
2020-04-21	1	5	8	71
2020-04-22	2	15	14	52
2020-04-23	2	7	10	67
2020-04-24	3	6	16	66
2020-04-25	0	8	13	68
2020-04-26	1	2	7	66
2020-04-27	0	5	8	47
2020-04-28	0	6	9	53
2020-04-29	2	1	13	51
2020-04-30	1	4	11	35
2020-05-01	0	8	6	59
2020-05-02	0	8	7	39
2020-05-03	0	1	4	28
2020-05-04	0	4	7	47
2020-05-05	0	5	5	41
2020-05-06	0	2	6	34
2020-05-07	0	4	5	38
2020-05-08	1	1	6	35
2020-05-09	0	4	7	44
2020-05-10	0	1	3	27
2020-05-11	0	4	4	28
2020-05-12	2	5	5	34
2020-05-13	0	3	4	29
2020-05-14	0	2	2	45
2020-05-15	0	2	6	31
2020-05-16	0	2	4	28
2020-05-17	0	0	2	27
2020-05-18	0	1	4	25
2020-05-19	1	1	3	24
2020-05-20	0	2	1	35
2020-05-21	0	0	2	16
2020-05-22	0	1	4	33
2020-05-23	0	2	3	27
2020-05-24	0	1	3	21
2020-05-25	0	1	2	14
2020-05-26	0	0	3	24
2020-05-27	0	1	8	16
2020-05-28	0	1	1	20
2020-05-29	0	3	3	18
2020-05-30	1	0	2	19
2020-05-31	0	0	2	17
2020-06-01	0	3	1	15
2020-06-02	0	2	6	18
2020-06-03	0	1	4	18
2020-06-04	0	2	1	15
2020-06-05	0	0	4	11
2020-06-06	1	0	2	8
2020-06-07	0	1	3	11
2020-06-08	0	2	2	8
2020-06-09	1	1	3	13
2020-06-10	0	0	1	13
2020-06-11	0	1	1	7
2020-06-12	0	0	1	7
2020-06-13	0	0	2	9
2020-06-14	0	0	3	6
2020-06-15	0	0	2	6
2020-06-16	0	4	0	9
2020-06-17	0	0	3	7
2020-06-18	0	0	0	5
2020-06-19	0	0	2	7
2020-06-20	0	0	2	5
2020-06-21	0	0	0	6
2020-06-22	0	0	0	6
2020-06-23	0	1	2	4
2020-06-24	0	0	0	10
2020-06-25	0	2	1	6
2020-06-26	0	0	1	7
2020-06-27	0	0	0	7
2020-06-28	0	0	1	7
2020-06-29	0	0	1	4
2020-06-30	0	0	2	3
2020-07-01	0	0	0	5
2020-07-02	1	1	1	4
2020-07-03	0	0	1	3
2020-07-04	0	2	0	7
2020-07-05	0	1	0	2
2020-07-06	0	0	2	4
2020-07-07	0	1	0	4
2020-07-08	0	0	1	4
2020-07-09	0	0	3	6
2020-07-10	0	1	0	4
2020-07-11	0	1	0	5
2020-07-12	0	0	1	2
2020-07-13	0	0	2	3
2020-07-14	0	0	0	7
2020-07-15	0	0	0	4
2020-07-16	0	0	0	3
2020-07-17	0	0	1	3
2020-07-18	0	0	0	3
2020-07-19	0	0	0	4
2020-07-20	0	0	0	4
2020-07-21	0	0	0	5
2020-07-22	0	0	0	2
2020-07-23	0	0	0	3
2020-07-24	0	0	0	1
2020-07-25	0	0	0	2
2020-07-26	0	0	0	3
2020-07-27	0	0	0	1
2020-07-28	1	0	0	3
2020-07-29	0	0	0	3
2020-07-30	0	0	1	0
2020-07-31	0	0	0	4
2020-08-01	0	0	1	1
2020-08-02	0	1	0	1
2020-08-03	0	0	1	0
2020-08-04	0	0	0	0
2020-08-05	0	0	0	2
2020-08-06	0	0	0	3
2020-08-07	0	0	0	0
2020-08-08	0	0	0	1
2020-08-09	0	0	0	2
2020-08-10	0	0	0	3
2020-08-11	0	0	0	0
2020-08-12	0	0	0	0
2020-08-13	0	0	1	0
2020-08-14	0	0	1	1
2020-08-15	1	0	0	0
2020-08-16	0	0	0	0
2020-08-17	0	0	0	0
2020-08-18	0	0	1	0
2020-08-19	0	0	0	0
2020-08-20	0	0	0	1
2020-08-21	0	0	0	0
2020-08-22	0	0	0	0
2020-08-23	0	0	0	1
2020-08-24	0	0	0	0
2020-08-25	0	0	0	2
2020-08-26	0	0	0	0
2020-08-27	0	0	0	2
2020-08-28	0	0	0	3
2020-08-29	0	0	0	1
2020-08-30	0	0	0	0
2020-08-31	0	1	0	1
2020-09-01	0	0	0	1
2020-09-02	0	0	0	1
2020-09-03	0	0	1	0
2020-09-04	0	0	0	1
2020-09-05	0	0	0	0
2020-09-06	0	0	0	0
2020-09-07	0	0	0	0
2020-09-08	0	0	0	0
2020-09-09	0	0	0	0
2020-09-10	0	0	0	1
2020-09-11	0	0	1	0
2020-09-12	0	0	1	1
2020-09-13	0	0	0	2
2020-09-14	0	0	0	1
2020-09-15	0	0	1	1
2020-09-16	0	0	0	2
2020-09-17	0	0	0	1
2020-09-18	0	0	0	1
2020-09-19	0	0	1	2
2020-09-20	0	0	0	0
2020-09-21	0	0	0	2
2020-09-22	0	0	0	0
2020-09-23	0	0	0	2
2020-09-24	0	0	0	2
2020-09-25	0	0	0	2
2020-09-26	0	0	0	3
2020-09-27	0	0	0	0
2020-09-28	0	0	2	5
2020-09-29	0	0	2	2
2020-09-30	0	0	0	2
2020-10-01	0	0	2	2
2020-10-02	0	0	0	2
2020-10-03	0	0	1	1
2020-10-04	0	0	0	2
2020-10-05	0	0	0	2
2020-10-06	0	1	0	0
2020-10-07	0	0	2	2
2020-10-08	0	0	0	4
2020-10-09	0	0	0	2
2020-10-10	0	0	1	3
2020-10-11	0	0	1	3
2020-10-12	0	0	4	4
2020-10-13	0	0	2	2
2020-10-14	0	0	1	2
2020-10-15	0	0	0	5
2020-10-16	0	0	0	3
2020-10-17	0	0	1	2
2020-10-18	0	0	1	5
2020-10-19	0	0	2	7
2020-10-20	0	1	3	4
2020-10-21	0	0	3	9
2020-10-22	0	0	1	7
2020-10-23	0	0	1	6
2020-10-24	0	0	1	5
2020-10-25	0	0	3	7
2020-10-26	0	0	0	0
