2020-02-17	0	0	0	0	0	0	0	0
2020-02-18	0	0	0	0	0	0	0	0
2020-02-19	0	0	0	0	0	0	0	0
2020-02-20	0	0	0	0	0	0	0	0
2020-02-21	0	0	0	0	0	0	0	0
2020-02-22	0	0	0	0	0	0	0	0
2020-02-23	0	0	0	0	0	0	0	0
2020-02-24	0	0	0	0	0	0	0	0
2020-02-25	0	0	0	0	0	0	0	0
2020-02-26	0	0	0	0	0	0	0	0
2020-02-27	0	0	0	0	0	0	0	0
2020-02-28	0	0	0	0	0	0	0	0
2020-02-29	0	0	0	0	0	0	0	0
2020-03-01	0	0	0	0	0	0	0	0
2020-03-02	0	0	0	0	0	0	0	0
2020-03-03	0	0	0	0	0	0	0	0
2020-03-04	0	0	0	0	0	0	0	0
2020-03-05	0	0	0	0	0	0	0	0
2020-03-06	0	0	0	0	0	0	0	0
2020-03-07	0	0	0	0	0	0	0	0
2020-03-08	0	0	0	0	0	0	0	0
2020-03-09	0	0	0	0	0	0	0	0
2020-03-10	0	0	0	0	0	0	0	0
2020-03-11	0	0	0	0	0	0	0	0
2020-03-12	0	0	0	0	0	0	0	1
2020-03-13	0	0	0	0	0	0	0	0
2020-03-14	0	0	0	0	0	0	0	0
2020-03-15	0	0	0	0	0	0	1	2
2020-03-16	0	0	0	0	0	0	1	1
2020-03-17	0	0	0	0	0	0	1	1
2020-03-18	0	0	0	0	0	0	0	3
2020-03-19	0	0	0	0	0	0	1	3
2020-03-20	0	0	0	0	0	1	0	5
2020-03-21	0	0	0	0	0	0	1	5
2020-03-22	0	0	0	0	0	2	0	6
2020-03-23	0	0	0	0	0	3	3	5
2020-03-24	0	0	0	0	0	1	1	8
2020-03-25	0	0	0	0	0	1	5	12
2020-03-26	0	0	0	0	0	4	7	13
2020-03-27	0	0	0	0	1	3	10	17
2020-03-28	0	0	0	0	1	4	11	20
2020-03-29	0	0	0	0	1	6	8	24
2020-03-30	0	0	0	0	0	9	9	50
2020-03-31	0	0	0	0	0	9	17	38
2020-04-01	0	0	0	0	0	10	13	55
2020-04-02	0	0	0	0	0	12	14	54
2020-04-03	0	0	0	0	1	11	23	67
2020-04-04	0	0	0	0	3	17	12	90
2020-04-05	0	0	0	0	4	10	19	68
2020-04-06	0	0	0	0	1	10	28	70
2020-04-07	0	0	0	0	2	9	20	81
2020-04-08	0	0	0	0	0	12	23	91
2020-04-09	0	0	0	0	2	17	20	86
2020-04-10	0	0	0	0	4	13	17	104
2020-04-11	0	0	0	0	2	6	21	82
2020-04-12	0	0	0	0	3	15	15	77
2020-04-13	0	0	0	0	0	11	14	82
2020-04-14	0	0	0	0	0	17	15	92
2020-04-15	0	0	0	0	1	8	22	87
2020-04-16	0	0	0	0	0	8	19	93
2020-04-17	0	0	0	0	0	17	13	80
2020-04-18	0	0	0	0	0	10	12	95
2020-04-19	0	0	0	0	1	10	22	80
2020-04-20	0	0	0	1	0	12	15	90
2020-04-21	0	0	0	0	0	8	15	84
2020-04-22	0	0	0	0	2	5	22	86
2020-04-23	0	0	0	0	1	8	10	76
2020-04-24	0	0	0	0	0	8	17	77
2020-04-25	0	0	0	0	0	7	19	88
2020-04-26	0	0	0	0	2	7	12	80
2020-04-27	0	0	0	1	0	9	16	77
2020-04-28	0	0	0	0	0	7	18	79
2020-04-29	0	0	0	0	2	10	10	83
2020-04-30	0	0	0	0	0	9	15	74
2020-05-01	0	0	0	0	0	4	14	81
2020-05-02	0	0	0	0	1	3	19	81
2020-05-03	0	0	0	0	0	6	8	66
2020-05-04	0	0	0	0	0	4	12	74
2020-05-05	0	0	0	0	0	4	10	72
2020-05-06	0	0	0	0	2	8	12	65
2020-05-07	0	0	0	0	2	7	7	83
2020-05-08	0	0	0	0	0	3	9	71
2020-05-09	0	0	0	0	0	4	6	62
2020-05-10	0	0	0	0	1	2	6	65
2020-05-11	0	0	0	0	0	6	10	54
2020-05-12	0	0	0	0	0	3	5	47
2020-05-13	0	0	0	1	0	4	6	62
2020-05-14	0	0	0	0	0	3	10	60
2020-05-15	0	0	0	0	0	1	6	67
2020-05-16	0	0	0	0	1	7	7	61
2020-05-17	0	0	0	0	1	4	7	50
2020-05-18	0	0	0	0	0	4	7	64
2020-05-19	0	0	0	0	0	5	6	44
2020-05-20	0	0	0	0	0	8	5	43
2020-05-21	0	0	0	0	1	3	7	47
2020-05-22	0	0	0	0	0	4	7	42
2020-05-23	0	0	0	0	0	1	3	42
2020-05-24	0	0	0	0	0	4	3	43
2020-05-25	0	0	0	0	0	8	5	37
2020-05-26	0	0	0	0	0	5	5	43
2020-05-27	0	0	0	0	1	2	4	37
2020-05-28	0	0	0	0	0	2	3	43
2020-05-29	0	0	0	0	0	4	8	41
2020-05-30	0	0	0	0	0	0	5	41
2020-05-31	0	0	0	0	1	1	10	25
2020-06-01	0	0	0	0	0	1	3	30
2020-06-02	0	0	0	0	0	5	10	33
2020-06-03	0	0	0	0	0	0	8	28
2020-06-04	0	0	0	0	0	1	9	25
2020-06-05	0	0	0	0	0	6	1	32
2020-06-06	0	0	0	0	1	3	3	25
2020-06-07	0	0	0	0	2	2	2	25
2020-06-08	0	0	0	0	0	1	5	21
2020-06-09	0	0	0	0	0	3	4	25
2020-06-10	0	0	0	0	1	1	3	25
2020-06-11	0	0	0	0	0	2	0	23
2020-06-12	0	0	0	0	1	1	1	16
2020-06-13	0	0	0	0	0	0	4	16
2020-06-14	0	0	0	0	0	1	3	18
2020-06-15	0	0	0	0	1	1	4	12
2020-06-16	0	0	0	0	1	0	1	17
2020-06-17	0	0	0	0	1	3	2	8
2020-06-18	0	0	0	0	0	2	2	20
2020-06-19	0	0	0	0	0	1	3	6
2020-06-20	0	0	0	0	0	0	2	14
2020-06-21	0	0	0	0	1	1	4	11
2020-06-22	0	0	0	0	0	1	2	13
2020-06-23	0	0	0	0	0	0	7	15
2020-06-24	0	0	0	0	0	1	6	13
2020-06-25	0	0	0	0	0	1	3	17
2020-06-26	0	0	0	0	0	4	2	13
2020-06-27	0	0	0	0	0	1	1	8
2020-06-28	0	0	0	0	0	0	4	10
2020-06-29	0	0	0	0	0	0	0	6
2020-06-30	0	0	0	0	0	2	3	11
2020-07-01	0	0	0	0	0	0	1	7
2020-07-02	0	0	0	0	0	2	3	6
2020-07-03	0	0	0	0	0	0	1	7
2020-07-04	0	0	0	0	0	1	1	11
2020-07-05	0	0	0	0	0	0	2	4
2020-07-06	0	0	0	0	0	2	0	6
2020-07-07	0	0	0	0	0	1	1	4
2020-07-08	0	0	0	0	0	0	2	5
2020-07-09	0	0	0	0	0	0	1	3
2020-07-10	0	0	0	0	0	0	0	7
2020-07-11	0	0	0	0	0	1	0	1
2020-07-12	0	0	0	0	0	0	1	6
2020-07-13	0	0	0	0	0	0	1	3
2020-07-14	0	0	0	0	0	1	0	4
2020-07-15	0	0	0	0	0	0	4	2
2020-07-16	0	0	0	0	0	1	1	4
2020-07-17	0	0	0	0	0	0	0	5
2020-07-18	0	0	0	0	0	0	3	3
2020-07-19	0	0	0	0	0	1	0	2
2020-07-20	0	0	0	0	0	0	1	2
2020-07-21	0	0	0	0	0	1	0	4
2020-07-22	0	0	0	0	0	0	1	5
2020-07-23	0	0	0	0	0	0	1	4
2020-07-24	0	0	0	0	2	0	0	2
2020-07-25	0	0	0	0	0	0	1	4
2020-07-26	0	0	0	0	0	1	1	4
2020-07-27	0	0	0	0	0	1	0	2
2020-07-28	0	0	0	0	0	0	1	5
2020-07-29	0	0	0	0	0	0	1	2
2020-07-30	0	0	0	0	0	0	0	1
2020-07-31	0	0	0	1	0	0	0	2
2020-08-01	0	0	0	0	0	0	2	3
2020-08-02	0	0	0	0	0	0	0	2
2020-08-03	0	0	0	0	0	0	0	4
2020-08-04	0	0	0	0	0	1	0	2
2020-08-05	0	0	0	0	0	0	0	1
2020-08-06	0	0	0	0	0	0	2	2
2020-08-07	0	0	0	0	0	0	0	0
2020-08-08	0	0	0	0	0	1	1	2
2020-08-09	0	0	0	0	0	0	1	2
2020-08-10	0	0	0	0	0	0	1	3
2020-08-11	0	0	0	0	0	0	0	3
2020-08-12	0	0	0	0	0	0	1	3
2020-08-13	0	0	0	0	0	0	0	1
2020-08-14	0	0	0	0	0	0	0	0
2020-08-15	0	0	0	0	0	1	0	4
2020-08-16	0	0	0	0	0	0	0	1
2020-08-17	0	0	0	0	1	0	0	6
2020-08-18	0	0	0	0	0	0	0	1
2020-08-19	0	0	0	0	0	0	0	0
2020-08-20	0	0	0	0	1	1	2	0
2020-08-21	0	0	0	0	0	0	0	2
2020-08-22	0	0	0	0	0	0	0	1
2020-08-23	0	0	0	0	0	0	0	5
2020-08-24	0	0	0	0	0	0	0	0
2020-08-25	0	0	0	0	0	0	0	3
2020-08-26	0	0	0	0	0	0	1	2
2020-08-27	0	0	0	0	0	0	0	1
2020-08-28	0	0	0	0	0	0	1	1
2020-08-29	0	0	0	0	0	1	0	2
2020-08-30	0	0	0	0	0	0	0	1
2020-08-31	0	0	0	0	1	0	0	0
2020-09-01	0	0	0	0	0	0	0	2
2020-09-02	0	0	0	0	0	1	1	1
2020-09-03	0	0	0	0	0	1	0	3
2020-09-04	0	0	0	0	0	0	0	2
2020-09-05	0	0	0	0	0	0	1	4
2020-09-06	0	0	0	0	0	0	0	1
2020-09-07	0	0	0	0	0	0	0	3
2020-09-08	0	0	0	0	0	0	0	0
2020-09-09	0	0	0	0	0	0	0	3
2020-09-10	0	0	0	0	0	0	0	3
2020-09-11	0	0	0	0	0	1	1	1
2020-09-12	0	0	0	0	0	2	1	2
2020-09-13	0	0	0	0	0	0	2	3
2020-09-14	0	0	0	0	0	0	1	3
2020-09-15	0	0	0	0	0	0	0	5
2020-09-16	0	0	0	0	0	0	1	3
2020-09-17	0	0	0	0	0	0	1	6
2020-09-18	0	0	0	0	0	1	1	5
2020-09-19	0	0	0	0	1	0	1	2
2020-09-20	0	0	0	0	0	1	0	8
2020-09-21	0	0	0	0	0	0	1	9
2020-09-22	0	0	0	0	0	1	1	5
2020-09-23	0	0	0	0	0	0	2	6
2020-09-24	0	0	0	0	0	0	1	4
2020-09-25	0	0	0	0	0	0	0	7
2020-09-26	0	0	0	0	0	2	0	9
2020-09-27	0	0	0	0	0	1	1	14
2020-09-28	0	0	0	0	0	1	1	5
2020-09-29	0	0	0	0	0	1	0	7
2020-09-30	0	0	0	0	0	1	2	4
2020-10-01	0	0	0	0	1	1	4	5
2020-10-02	0	0	0	0	0	1	6	20
2020-10-03	0	0	0	0	0	0	3	11
2020-10-04	0	0	0	0	0	1	4	10
2020-10-05	0	0	0	0	1	0	4	14
2020-10-06	0	0	0	0	0	2	2	15
2020-10-07	0	0	0	0	1	4	4	19
2020-10-08	0	0	0	0	0	3	2	20
2020-10-09	0	0	0	1	1	3	2	15
2020-10-10	0	0	0	0	0	2	4	24
2020-10-11	0	0	0	0	0	2	6	21
2020-10-12	0	0	0	0	0	2	3	20
2020-10-13	0	0	0	0	2	2	1	21
2020-10-14	0	0	0	0	0	3	3	25
2020-10-15	0	0	0	0	1	2	5	23
2020-10-16	0	0	0	0	0	2	7	27
2020-10-17	0	0	0	0	1	2	7	39
2020-10-18	0	0	0	0	0	3	12	21
2020-10-19	0	0	0	0	1	8	6	38
2020-10-20	0	0	0	0	0	4	9	42
2020-10-21	0	0	0	0	0	4	18	41
2020-10-22	0	0	0	0	0	4	7	43
2020-10-23	0	0	0	0	0	2	10	33
2020-10-24	0	0	0	0	0	2	7	36
2020-10-25	0	0	0	0	1	1	8	41
2020-10-26	0	0	0	0	0	4	14	46
2020-10-27	0	0	0	0	0	3	12	44
2020-10-28	0	0	0	0	1	6	13	46
2020-10-29	0	0	0	0	0	1	13	44
2020-10-30	0	0	0	0	1	8	9	59
2020-10-31	0	0	0	0	0	6	17	56
2020-11-01	0	0	0	0	0	6	9	64
2020-11-02	0	0	0	1	0	2	8	58
2020-11-03	0	0	0	0	0	4	15	71
2020-11-04	0	0	0	0	0	7	9	54
2020-11-05	0	0	0	0	0	5	17	66
2020-11-06	0	0	0	0	1	7	16	75
2020-11-07	0	0	0	0	1	8	22	78
2020-11-08	0	0	0	0	1	6	19	70
2020-11-09	0	0	0	0	1	11	19	96
2020-11-10	0	0	0	0	0	5	12	77
2020-11-11	0	0	0	0	1	7	23	53
2020-11-12	0	0	0	0	1	7	17	79
2020-11-13	0	0	0	0	0	10	13	83
2020-11-14	0	0	0	0	0	8	17	85
2020-11-15	0	0	0	0	2	9	16	90
2020-11-16	0	0	0	0	0	4	13	71
2020-11-17	0	0	0	0	2	3	14	77
2020-11-18	0	0	0	0	1	8	10	99
2020-11-19	0	0	0	0	0	8	23	83
2020-11-20	0	0	0	0	1	10	24	77
2020-11-21	0	0	0	0	1	5	11	95
2020-11-22	0	0	0	0	1	6	16	87
2020-11-23	0	0	1	0	0	7	18	100
2020-11-24	0	0	0	0	1	8	12	105
2020-11-25	0	0	0	0	1	16	20	73
2020-11-26	0	0	0	0	0	8	18	77
2020-11-27	0	0	0	0	1	6	18	78
2020-11-28	0	0	0	1	0	7	19	81
2020-11-29	0	0	0	0	0	9	14	65
2020-11-30	0	0	0	0	0	15	15	59
2020-12-01	0	0	0	0	0	0	14	52
2020-12-02	0	0	0	0	0	6	18	71
2020-12-03	0	0	0	0	1	12	15	79
2020-12-04	0	0	0	0	1	8	18	77
2020-12-05	0	0	0	0	0	6	9	67
2020-12-06	0	0	0	0	0	11	16	74
2020-12-07	0	0	0	0	0	5	13	68
2020-12-08	0	0	0	0	0	7	9	67
2020-12-09	0	0	0	0	2	16	12	59
2020-12-10	0	0	0	0	4	8	19	65
2020-12-11	0	0	0	0	3	9	18	72
2020-12-12	0	0	0	0	1	6	6	68
2020-12-13	0	0	0	0	1	8	14	66
2020-12-14	0	0	0	0	1	8	16	68
2020-12-15	0	0	0	0	0	5	12	64
2020-12-16	0	0	0	0	0	4	7	58
2020-12-17	0	0	0	0	2	6	8	74
2020-12-18	0	0	0	0	0	6	13	85
2020-12-19	0	0	0	0	0	3	15	65
2020-12-20	0	0	0	0	0	4	15	65
2020-12-21	0	0	0	0	0	7	11	64
2020-12-22	0	0	0	0	4	8	15	63
2020-12-23	0	0	0	1	1	6	16	67
2020-12-24	0	0	0	0	0	4	17	52
2020-12-25	0	0	0	0	1	4	12	63
2020-12-26	0	0	0	0	1	3	12	82
2020-12-27	0	0	0	0	0	13	18	72
2020-12-28	0	0	0	0	2	6	23	84
2020-12-29	0	0	0	0	0	6	10	73
2020-12-30	0	0	0	0	1	9	9	53
2020-12-31	0	0	0	0	1	9	12	52
2021-01-01	0	0	0	0	0	6	12	86
2021-01-02	0	0	0	0	1	8	8	78
2021-01-03	0	0	0	0	2	7	9	62
2021-01-04	0	0	0	0	0	6	13	67
2021-01-05	0	0	0	0	1	10	19	75
2021-01-06	0	0	0	0	0	2	13	80
2021-01-07	0	0	0	0	2	11	18	72
2021-01-08	0	0	0	0	1	14	14	78
2021-01-09	0	0	0	0	1	5	10	75
2021-01-10	0	0	0	0	0	12	17	96
2021-01-11	0	0	0	0	1	9	20	87
2021-01-12	0	0	0	0	3	11	11	89
2021-01-13	0	0	0	0	1	10	19	79
2021-01-14	0	0	0	0	2	10	22	72
2021-01-15	0	0	0	0	0	9	29	102
2021-01-16	0	0	0	0	1	16	27	93
2021-01-17	0	0	0	0	0	12	15	89
2021-01-18	0	0	0	0	2	7	18	83
2021-01-19	0	0	1	0	1	13	18	125
2021-01-20	0	0	0	0	2	11	17	92
2021-01-21	0	0	0	0	3	10	22	87
2021-01-22	0	0	0	0	2	17	18	74
2021-01-23	0	0	0	0	0	12	20	75
2021-01-24	0	0	0	0	0	12	18	82
2021-01-25	0	0	0	0	1	6	24	95
2021-01-26	0	0	0	0	2	12	21	75
2021-01-27	0	0	0	0	0	12	24	91
2021-01-28	0	0	0	0	2	13	18	84
2021-01-29	0	0	0	0	5	6	20	89
2021-01-30	0	0	0	1	2	7	17	86
2021-01-31	0	0	0	0	2	11	16	83
2021-02-01	0	0	0	0	2	12	24	77
2021-02-02	0	0	0	0	1	12	16	78
2021-02-03	0	0	0	1	4	12	25	78
2021-02-04	0	0	0	0	2	15	19	79
2021-02-05	0	0	0	0	2	13	18	86
2021-02-06	0	0	0	0	1	3	15	60
2021-02-07	0	0	0	0	1	5	10	66
2021-02-08	0	0	0	1	0	6	19	67
2021-02-09	0	0	0	1	0	8	10	62
2021-02-10	0	0	0	0	0	10	22	62
2021-02-11	0	0	0	0	0	13	9	69
2021-02-12	0	0	0	1	1	11	23	56
2021-02-13	0	0	0	0	0	10	19	65
2021-02-14	0	0	0	0	2	8	7	69
2021-02-15	0	0	0	1	0	10	12	57
2021-02-16	0	0	0	0	0	6	12	50
2021-02-17	0	0	0	0	1	8	16	44
2021-02-18	0	0	0	0	2	13	15	43
2021-02-19	0	0	0	0	3	5	17	47
2021-02-20	0	0	0	0	0	8	17	37
2021-02-21	0	0	0	0	4	12	12	41
2021-02-22	0	0	0	0	0	10	7	29
2021-02-23	0	0	0	0	0	8	14	32
2021-02-24	0	0	0	1	1	8	9	38
2021-02-25	0	0	0	0	0	9	13	34
2021-02-26	0	0	0	0	0	3	8	34
2021-02-27	0	0	0	0	0	9	16	24
2021-02-28	0	0	0	1	1	6	9	39
2021-03-01	0	0	0	0	0	6	4	30
2021-03-02	0	0	0	0	1	3	5	18
2021-03-03	0	0	0	0	0	5	11	28
2021-03-04	0	0	0	0	0	8	7	28
2021-03-05	0	0	0	0	1	4	9	33
2021-03-06	0	0	0	0	1	4	8	31
2021-03-07	0	0	0	0	1	7	5	13
2021-03-08	0	0	0	0	1	6	10	21
2021-03-09	0	0	0	0	0	8	7	23
2021-03-10	0	0	0	0	1	6	5	22
2021-03-11	0	0	0	0	1	6	7	25
2021-03-12	0	0	0	0	0	3	8	15
2021-03-13	0	0	0	0	0	1	13	15
2021-03-14	0	0	0	0	1	6	6	9
2021-03-15	0	0	0	0	0	3	5	22
2021-03-16	0	0	0	0	0	1	2	24
2021-03-17	0	0	0	0	0	5	3	12
2021-03-18	0	0	0	0	0	5	5	10
2021-03-19	0	0	0	0	0	3	3	15
2021-03-20	0	0	0	0	0	3	5	10
2021-03-21	0	0	0	0	0	2	3	19
2021-03-22	0	0	0	0	0	7	0	8
2021-03-23	0	0	0	0	0	3	5	12
2021-03-24	0	0	0	0	0	2	3	13
2021-03-25	0	0	0	0	0	0	0	12
2021-03-26	0	0	0	1	1	5	2	9
2021-03-27	0	0	0	0	2	2	0	7
2021-03-28	0	0	0	0	0	2	2	3
2021-03-29	0	0	0	0	1	1	2	11
2021-03-30	0	0	0	0	0	2	4	5
2021-03-31	0	0	0	0	0	3	4	8
2021-04-01	0	0	0	0	1	1	1	7
2021-04-02	0	0	0	0	0	0	4	5
2021-04-03	0	0	0	0	0	2	2	4
2021-04-04	0	0	0	0	1	1	2	9
2021-04-05	0	0	0	0	0	2	0	4
2021-04-06	0	0	0	0	0	3	2	9
2021-04-07	0	0	0	0	1	2	1	5
2021-04-08	0	0	0	0	1	1	1	8
2021-04-09	0	0	0	0	0	1	1	4
2021-04-10	0	0	0	0	1	2	0	3
2021-04-11	0	0	0	0	0	1	1	7
2021-04-12	0	0	0	0	1	1	2	10
2021-04-13	0	0	0	0	0	3	3	8
2021-04-14	0	0	0	0	0	2	0	2
2021-04-15	0	0	0	0	0	0	1	8
2021-04-16	0	0	0	0	0	1	2	3
2021-04-17	0	0	0	0	0	2	2	6
2021-04-18	0	0	0	0	0	0	1	4
2021-04-19	0	0	0	0	0	0	0	5
2021-04-20	0	0	0	0	0	0	2	6
2021-04-21	0	0	0	0	0	2	0	4
2021-04-22	0	0	0	0	0	1	2	5
2021-04-23	0	0	0	0	0	1	0	1
2021-04-24	0	0	0	0	0	1	0	0
2021-04-25	0	0	0	0	0	1	1	2
2021-04-26	0	0	0	0	0	1	1	1
2021-04-27	0	0	0	0	0	0	1	4
2021-04-28	0	0	0	0	0	0	0	1
2021-04-29	0	0	0	0	0	0	1	3
2021-04-30	0	0	0	0	0	1	1	1
2021-05-01	0	0	0	0	0	1	0	3
2021-05-02	0	0	0	0	0	1	1	3
2021-05-03	0	0	0	0	0	0	0	4
2021-05-04	0	0	0	0	0	0	1	3
2021-05-05	0	0	0	0	0	0	3	6
2021-05-06	0	0	0	0	0	1	0	0
2021-05-07	0	0	0	0	0	1	1	4
2021-05-08	0	0	0	0	0	1	3	2
2021-05-09	0	0	0	0	1	0	1	4
2021-05-10	0	0	0	0	1	1	0	0
2021-05-11	0	0	0	0	0	1	0	4
2021-05-12	0	0	0	0	0	3	3	3
2021-05-13	0	0	0	0	0	0	1	1
2021-05-14	0	0	0	0	0	0	0	0
2021-05-15	0	0	0	0	0	0	0	2
2021-05-16	0	0	0	0	0	1	1	0
2021-05-17	0	0	0	0	0	0	0	3
2021-05-18	0	0	0	0	0	0	0	0
2021-05-19	0	0	0	0	0	0	0	2
2021-05-20	0	0	0	0	0	0	0	0
2021-05-21	0	0	0	0	0	1	0	0
2021-05-22	0	0	0	0	0	0	0	1
2021-05-23	0	0	0	0	0	0	0	1
2021-05-24	0	0	0	0	0	2	0	1
2021-05-25	0	0	0	0	0	0	0	0
2021-05-26	0	0	0	0	0	0	0	3
2021-05-27	0	0	0	0	0	0	0	0
2021-05-28	0	0	0	0	0	0	1	1
2021-05-29	0	0	0	0	0	0	1	0
2021-05-30	0	0	0	0	0	2	1	2
2021-05-31	0	0	0	0	0	0	1	0
2021-06-01	0	0	0	0	0	0	0	0
2021-06-02	0	0	0	0	0	0	0	3
2021-06-03	0	0	0	0	0	0	0	1
2021-06-04	0	0	0	0	0	0	0	0
2021-06-05	0	0	0	0	0	0	0	1
2021-06-06	0	0	0	0	1	1	0	0
2021-06-07	0	0	0	0	0	0	0	0
2021-06-08	0	0	0	0	0	0	0	1
2021-06-09	0	0	0	0	0	0	0	0
2021-06-10	0	0	0	0	0	0	0	1
2021-06-11	0	0	0	0	0	1	1	0
2021-06-12	0	0	0	0	0	0	0	1
2021-06-13	0	0	0	0	2	0	1	0
2021-06-14	0	0	0	0	0	0	0	1
2021-06-15	0	0	0	0	1	0	0	1
2021-06-16	0	0	0	0	0	0	0	0
2021-06-17	0	0	0	0	0	0	0	0
2021-06-18	0	0	0	0	0	0	0	0
2021-06-19	0	0	0	0	0	0	1	3
2021-06-20	0	0	0	0	0	0	1	1
2021-06-21	0	0	0	0	0	1	0	1
2021-06-22	0	0	0	0	0	3	0	1
2021-06-23	0	0	0	0	0	0	0	0
2021-06-24	0	0	0	0	0	0	0	0
2021-06-25	0	0	0	0	0	0	0	0
